(-1 74)
(-1/4 75)
(0 72)
(1/2 70)
(1 62)
(1 65)
(1 70)
(2 62)
(2 65)
(2 70)
(3 63)
(3 65)
(3 69)
(5 75)
(23/4 77)
(6 74)
(13/2 72)
(7 63)
(7 65)
(7 72)
(8 63)
(8 65)
(8 72)
(9 62)
(9 65)
(9 70)
(11 58)
(11 74)
(47/4 60)
(47/4 75)
(12 53)
(12 62)
(12 77)
(25/2 63)
(25/2 79)
(13 60)
(13 75)
(27/2 57)
(27/2 72)
(14 58)
(14 74)
(29/2 60)
(29/2 75)
(15 62)
(15 77)
(31/2 63)
(31/2 79)
(16 60)
(16 75)
(33/2 57)
(33/2 72)
(17 58)
(17 74)
(35/2 60)
(35/2 75)
(18 62)
(18 77)
(37/2 82)
(19 81)
(39/2 79)
(20 77)
(41/2 76)
(21 74)
(43/2 72)
(22 71)
(45/2 70)
(23 69)
(47/2 67)
(24 72)
(99/4 74)
(25 48)
(25 57)
(25 60)
(25 65)
(26 48)
(26 55)
(26 58)
(26 64)
(27 53)
(27 57)
(27 65)
(28 41)
(29 70)
(29 74)
(119/4 69)
(119/4 72)
(30 69)
(30 72)
(31 65)
(32 70)
(32 76)
(131/4 69)
(131/4 77)
(33 69)
(33 77)
(34 53)
