(431 74)
(1727/4 75)
(432 72)
(865/2 70)
(433 62)
(433 65)
(433 70)
(434 62)
(434 65)
(434 70)
(435 63)
(435 65)
(435 69)
(437 75)
(1751/4 77)
(438 74)
(877/2 72)
(439 63)
(439 65)
(439 72)
(440 63)
(440 65)
(440 72)
(441 62)
(441 65)
(441 70)
(443 58)
(443 74)
(1775/4 60)
(1775/4 75)
(444 53)
(444 62)
(444 77)
(889/2 63)
(889/2 79)
(445 60)
(445 75)
(891/2 57)
(891/2 72)
(446 58)
(446 74)
(893/2 60)
(893/2 75)
(447 62)
(447 77)
(895/2 63)
(895/2 79)
(448 60)
(448 75)
(897/2 57)
(897/2 72)
(449 58)
(449 74)
(899/2 60)
(899/2 75)
(450 62)
(450 77)
(901/2 82)
(451 81)
(903/2 79)
(452 77)
(905/2 76)
(453 74)
(907/2 72)
(454 71)
(909/2 70)
(455 69)
(911/2 67)
(456 72)
(1827/4 74)
(457 48)
(457 57)
(457 60)
(457 65)
(458 48)
(458 55)
(458 58)
(458 64)
(459 53)
(459 57)
(459 65)
(460 41)
(461 70)
(461 74)
(1847/4 69)
(1847/4 72)
(462 69)
(462 72)
(463 65)
(464 70)
(464 76)
(1859/4 69)
(1859/4 77)
(465 69)
(465 77)
(466 53)
