(627/4 68)
(157 60)
(315/2 68)
(158 75)
(159 70)
(639/4 68)
(160 61)
(321/2 68)
(161 77)
(162 70)
(651/4 68)
(163 60)
(327/2 68)
(164 78)
(165 82)
(667/4 80)
(167 71)
(671/4 80)
(168 70)
(1351/8 80)
(169 70)
(1359/8 80)
(170 70)
(1367/8 78)
(171 69)
(1375/8 78)
(172 68)
(1383/8 78)
(173 68)
(1391/8 77)
(174 67)
(1399/8 77)
(175 66)
(1407/8 77)
(176 66)
(1415/8 75)
(177 65)
(1423/8 75)
(178 73)
(535/3 75)
(536/3 73)
(179 72)
(1439/8 70)
(180 70)
(723/4 68)
(181 60)
(363/2 68)
(182 75)
(183 70)
(735/4 68)
(184 61)
(369/2 68)
(185 77)
(186 70)
(747/4 68)
(187 60)
(375/2 68)
(188 78)
(189 82)
(763/4 80)
(191 71)
(767/4 80)
(192 70)
(1543/8 80)
(193 70)
(1551/8 80)
(194 70)
(1559/8 78)
(195 69)
(1567/8 78)
(196 68)
(1575/8 78)
(197 68)
(1583/8 77)
(198 67)
(1591/8 76)
(199 66)
(1599/8 75)
(200 65)
(1607/8 74)
(201 64)
(1615/8 73)
(202 63)
(1623/8 73)
(203 63)
(1631/8 73)
(411/2 69)
(206 73)
(413/2 69)
(207 69)
(831/4 70)
(208 70)
(209 70)
(210 77)
(423/2 72)
(212 77)
(425/2 72)
(213 72)
(855/4 73)
(214 73)
(215 73)
(216 80)
(435/2 76)
(218 80)
(437/2 76)
(219 76)
(879/4 77)
(220 77)
(221 89)
(891/4 90)
(223 90)
(224 72)
(225 72)
(453/2 70)
(227 70)
(682/3 68)
(683/3 66)
(228 73)
(459/2 69)
(230 73)
(461/2 69)
(231 69)
(927/4 70)
(232 70)
(233 70)
(700/3 72)
(701/3 70)
(234 77)
(471/2 72)
(236 77)
(473/2 72)
(237 72)
(951/4 73)
(238 73)
(239 73)
(718/3 75)
(719/3 73)
(240 80)
(483/2 76)
(242 80)
(485/2 76)
(243 76)
(975/4 77)
(244 77)
(245 89)
(246 92)
(987/4 90)
(247 90)
(248 69)
(249 70)
