(0.93 60 60)
(1.22 61 61)
(1.23 70 66)
(1.5 58 59)
(1.77 53 56)
(2.04 60 60)
(2.04 68 65)
(2.29 66 64)
(2.3 65 63)
(2.58 65 63)
(2.59 60 60)
(2.85 55 57)
(2.85 58 59)
(2.85 60 60)
(2.85 64 62)
(3.1 65 63)
(3.11 60 60)
(3.37 52 55)
(3.64 70 66)
(3.65 60 60)
(3.9 68 65)
(4.16 63 62)
(4.16 72 67)
(4.43 65 63)
(4.43 66 64)
(4.43 73 68)
(4.69 70 66)
(4.7 61 61)
(4.96 56 58)
(4.97 44 51)
(4.97 63 62)
(5.23 63 62)
(5.23 72 67)
(5.51 60 60)
(5.51 68 65)
(5.77 56 58)
(5.78 60 60)
(5.78 63 62)
(5.78 68 65)
(6.04 67 64)
(6.05 58 59)
(6.05 63 62)
(6.3 60 60)
(6.3 63 62)
(6.3 68 65)
(6.54 70 66)
(6.55 58 59)
(6.55 63 62)
(6.82 73 68)
(6.83 60 60)
(6.83 63 62)
(7.08 72 67)
(7.34 60 60)
(7.34 63 62)
(7.34 64 62)
(7.34 68 65)
(7.34 75 69)
(7.61 58 59)
(7.61 61 61)
(7.61 75 69)
(7.85 60 60)
(7.85 75 69)
(8.09 70 66)
(8.09 75 69)
(8.37 73 68)
(8.37 75 69)
(8.63 72 67)
(8.91 77 70)
(8.92 49 54)
(8.92 58 59)
(9.2 51 55)
(9.2 60 60)
(9.2 68 65)
(9.74 61 61)
(9.74 72 67)
(9.86 70 66)
(10.0 60 60)
(10.0 68 65)
(10.54 79 71)
(10.54 80 72)
(10.67 77 70)
(10.82 60 60)
(10.82 68 65)
(11.35 61 61)
(11.35 63 62)
(11.46 70 66)
(11.6 68 65)
(11.61 60 60)
(12.14 60 60)
(12.14 68 65)
(12.43 61 61)
(12.43 70 66)
(12.43 71 67)
(12.7 58 59)
(12.7 67 64)
(12.96 53 56)
(13.24 60 60)
(13.24 68 65)
(13.5 66 64)
(13.51 65 63)
(13.77 60 60)
(13.77 65 63)
(14.03 58 59)
(14.03 64 62)
(14.04 55 57)
(14.04 60 60)
(14.3 65 63)
(14.54 67 64)
(14.82 60 60)
(14.82 70 66)
(15.07 68 65)
(15.33 72 67)
(15.34 63 62)
(15.61 65 63)
(15.61 66 64)
(15.61 73 68)
(15.86 61 61)
(15.86 62 61)
(15.86 65 63)
(15.86 70 66)
(16.16 44 51)
(16.16 63 62)
(16.42 63 62)
(16.42 72 67)
(16.69 60 60)
(16.69 68 65)
(16.95 56 58)
(16.95 60 60)
(16.95 63 62)
(16.95 68 65)
(17.22 67 64)
(17.23 58 59)
(17.23 63 62)
(17.47 60 60)
(17.47 63 62)
(17.47 68 65)
(17.72 55 57)
(17.72 58 59)
(17.72 63 62)
(17.72 70 66)
(17.98 63 62)
(17.98 73 68)
(17.99 60 60)
(18.24 72 67)
(18.5 60 60)
(18.5 63 62)
(18.5 64 62)
(18.5 75 69)
(18.77 58 59)
(18.77 61 61)
(18.77 75 69)
(19.02 60 60)
(19.02 75 69)
(19.27 55 57)
(19.27 70 66)
(19.27 75 69)
(19.54 73 68)
(19.54 75 69)
(19.8 72 67)
(20.07 77 70)
(20.08 58 59)
(20.09 49 54)
(20.36 51 55)
(20.36 60 60)
(20.36 68 65)
(20.9 61 61)
(21.02 70 66)
(21.14 60 60)
(21.14 68 65)
(21.7 79 71)
(21.7 80 72)
(21.84 77 70)
(21.97 51 55)
(21.97 60 60)
(21.97 68 65)
(22.5 61 61)
(22.51 63 62)
(22.63 70 66)
(22.78 49 54)
(22.78 60 60)
(23.29 72 67)
(23.29 75 69)
(23.58 73 68)
(23.58 76 69)
(23.86 70 66)
(23.87 73 68)
(23.88 58 59)
(23.89 55 57)
(24.13 58 59)
(24.13 61 61)
(24.13 62 61)
(24.39 75 69)
(24.39 76 69)
(24.4 72 67)
(24.66 69 65)
(24.67 60 60)
(24.67 68 65)
(24.93 60 60)
(24.93 63 62)
(24.93 64 62)
(25.19 75 69)
(25.19 79 71)
(25.48 75 69)
(25.49 60 60)
(25.73 60 60)
(25.73 63 62)
(25.73 64 62)
(26.0 73 68)
(26.0 77 70)
(26.29 58 59)
(26.29 61 61)
(26.29 70 66)
(26.29 73 68)
(26.53 65 63)
(26.53 66 64)
(26.85 70 66)
(26.85 71 67)
(26.86 65 63)
(27.37 63 62)
(27.37 69 65)
(27.37 73 68)
(27.65 70 66)
(27.66 58 59)
(27.66 61 61)
(28.18 78 71)
(28.31 75 69)
(28.31 77 70)
(28.46 70 66)
(28.47 61 61)
(29.01 69 65)
(29.01 73 68)
(29.02 63 62)
(29.3 58 59)
(29.3 61 61)
(29.3 70 66)
(29.85 63 62)
(29.85 69 65)
(29.85 73 68)
(30.12 58 59)
(30.12 61 61)
(30.12 70 66)
(30.64 63 62)
(30.64 69 65)
(30.92 58 59)
(30.92 61 61)
(30.92 70 66)
(31.45 61 61)
(31.45 73 68)
(31.58 60 60)
(31.7 58 59)
(31.7 59 60)
(31.7 70 66)
(31.83 60 60)
(31.95 51 55)
(31.95 58 59)
(31.95 61 61)
(31.95 62 61)
(31.95 73 68)
(32.2 58 59)
(32.2 70 66)
(32.32 51 55)
(32.32 60 60)
(32.32 72 67)
(32.45 58 59)
(32.45 70 66)
(32.57 68 65)
(32.69 55 57)
(32.93 67 64)
(33.05 65 63)
(33.05 66 64)
(33.17 52 55)
(33.17 64 62)
(33.28 65 63)
(33.4 55 57)
(33.51 53 56)
(33.64 68 65)
(33.77 48 53)
(33.77 59 60)
(33.89 48 53)
(33.89 60 60)
(34.15 60 60)
(34.41 60 60)
(34.41 68 65)
(34.69 61 61)
(34.69 70 66)
(34.94 58 59)
(34.94 68 65)
(35.2 58 59)
(35.2 68 65)
(35.2 76 69)
(35.48 68 65)
(35.49 60 60)
(35.49 77 70)
(35.72 65 63)
(35.72 80 72)
(35.97 84 74)
(35.98 68 65)
(35.99 53 56)
(35.99 85 75)
(36.13 82 73)
(36.13 83 74)
(36.25 52 55)
(36.26 55 57)
(36.49 58 59)
(36.49 82 73)
(36.76 55 57)
(36.76 58 59)
(36.76 84 74)
(36.91 80 72)
(37.03 53 56)
(37.03 65 63)
(37.03 68 65)
(37.03 85 75)
(37.27 60 60)
(37.27 75 69)
(37.27 80 72)
(37.53 60 60)
(37.53 66 64)
(37.54 65 63)
(37.68 79 71)
(37.8 55 57)
(37.8 58 59)
(37.8 64 62)
(37.8 82 73)
(38.05 61 61)
(38.05 79 71)
(38.33 58 59)
(38.33 62 61)
(38.33 64 62)
(38.33 80 72)
(38.59 59 60)
(38.59 62 61)
(38.59 65 63)
(38.59 80 72)
(38.83 68 65)
(39.1 59 60)
(39.1 62 61)
(39.1 63 62)
(39.1 68 65)
(39.1 77 70)
(39.42 60 60)
(39.42 77 70)
(39.96 60 60)
(39.96 70 66)
(39.96 80 72)
(40.23 65 63)
(40.23 68 65)
(40.79 75 69)
(40.91 73 68)
(41.05 57 58)
(41.05 65 63)
(41.05 68 65)
(41.55 68 65)
(41.56 64 62)
(41.84 65 63)
(42.66 48 53)
(42.66 60 60)
(43.57 41 49)
(44.12 72 67)
(44.12 75 69)
(44.4 76 69)
(44.41 73 68)
(44.68 73 68)
(44.69 70 66)
(44.71 58 59)
(45.23 72 67)
(45.23 75 69)
(45.52 60 60)
(45.79 60 60)
(45.79 63 62)
(46.05 75 69)
(46.05 78 71)
(46.34 60 60)
(46.34 75 69)
(46.59 63 62)
(46.59 64 62)
(46.84 73 68)
(46.84 78 71)
(47.12 61 61)
(47.12 70 66)
(47.13 58 59)
(47.13 73 68)
(47.38 61 61)
(47.38 65 63)
(47.7 70 66)
(47.71 61 61)
(47.71 65 63)
(47.71 71 67)
(48.25 63 62)
(48.25 73 68)
(48.26 69 65)
(48.53 61 61)
(48.53 70 66)
(48.54 58 59)
(49.04 78 71)
(49.32 70 66)
(49.33 61 61)
(49.88 69 65)
(49.88 73 68)
(50.16 58 59)
(50.69 63 62)
(50.69 69 65)
(50.95 70 66)
(50.96 58 59)
(50.96 61 61)
(51.47 69 65)
(51.48 63 62)
(51.48 73 68)
(51.77 58 59)
(51.77 61 61)
(51.77 70 66)
(52.29 61 61)
(52.29 73 68)
(52.41 60 60)
(52.53 58 59)
(52.53 70 66)
(52.66 60 60)
(52.78 61 61)
(52.78 73 68)
(52.9 60 60)
(53.02 58 59)
(53.02 70 66)
(53.14 60 60)
(53.27 70 66)
(53.28 58 59)
(53.28 61 61)
(53.39 68 65)
(53.51 55 57)
(53.64 56 58)
(53.65 68 65)
(53.76 55 57)
(53.76 67 64)
(53.88 66 64)
(53.89 65 63)
(54.0 52 55)
(54.01 64 62)
(54.12 53 56)
(54.24 55 57)
(54.35 53 56)
(54.47 68 65)
(54.6 48 53)
(54.6 56 58)
(54.73 48 53)
(54.73 60 60)
(54.99 60 60)
(55.25 60 60)
(55.25 68 65)
(55.53 61 61)
(55.53 70 66)
(55.78 58 59)
(55.78 67 64)
(56.04 58 59)
(56.04 76 69)
(56.33 60 60)
(56.33 68 65)
(56.33 77 70)
(56.57 65 63)
(56.57 80 72)
(56.82 56 58)
(56.83 85 75)
(56.96 82 73)
(56.96 83 74)
(57.08 52 55)
(57.09 55 57)
(57.09 85 75)
(57.34 58 59)
(57.34 82 73)
(57.61 55 57)
(57.61 58 59)
(57.61 84 74)
(57.75 80 72)
(57.86 51 55)
(57.86 53 56)
(57.86 65 63)
(58.12 60 60)
(58.12 80 72)
(58.37 60 60)
(58.37 66 64)
(58.37 82 73)
(58.38 65 63)
(58.64 55 57)
(58.64 58 59)
(58.64 64 62)
(58.88 79 71)
(58.89 61 61)
(59.12 79 71)
(59.16 64 62)
(59.17 58 59)
(59.35 79 71)
(59.41 62 61)
(59.41 65 63)
(59.42 59 60)
(59.42 80 72)
(59.66 68 65)
(59.94 59 60)
(59.94 60 60)
(59.94 62 61)
(59.94 63 62)
(59.94 77 70)
(60.29 60 60)
(60.29 77 70)
(60.83 60 60)
(60.83 70 66)
(60.83 80 72)
(61.12 65 63)
(61.66 75 69)
(61.77 73 68)
(61.93 65 63)
(61.95 48 53)
(62.44 64 62)
(62.73 65 63)
(63.58 60 60)
(63.59 48 53)
(64.48 41 49)
(65.13 60 60)
(65.43 41 49)
(65.43 53 56)
(65.43 69 65)
(65.56 67 64)
(65.68 57 58)
(65.8 65 63)
(65.8 66 64)
(65.93 60 60)
(65.93 67 64)
(66.08 69 65)
(66.2 62 61)
(66.2 70 66)
(66.32 69 65)
(66.46 55 57)
(66.46 70 66)
(66.57 67 64)
(66.7 53 56)
(66.7 69 65)
(66.82 70 66)
(66.97 52 55)
(66.97 72 67)
(67.07 40 48)
(67.07 71 67)
(67.2 56 58)
(67.2 67 64)
(67.2 72 67)
(67.32 74 68)
(67.32 75 69)
(67.46 60 60)
(67.57 70 66)
(67.71 53 56)
(67.71 69 65)
(67.83 67 64)
(67.97 57 58)
(67.97 58 59)
(68.08 70 66)
(68.21 60 60)
(68.33 65 63)
(68.33 66 64)
(68.49 45 51)
(68.63 44 51)
(68.73 45 51)
(68.73 60 60)
(68.73 72 67)
(68.89 41 49)
(69.01 43 50)
(69.13 45 51)
(69.27 46 52)
(69.27 67 64)
(69.37 45 51)
(69.55 74 68)
(69.63 43 50)
(69.77 45 51)
(69.88 47 53)
(70.02 49 54)
(70.03 48 53)
(70.15 47 53)
(70.3 48 53)
(70.3 77 70)
(70.41 45 51)
(70.56 76 69)
(70.68 49 54)
(70.8 50 54)
(70.8 65 63)
(70.92 45 51)
(71.18 43 50)
(71.18 55 57)
(71.29 48 53)
(71.3 60 60)
(71.44 43 50)
(71.57 43 50)
(71.69 67 64)
(71.82 64 62)
(71.82 65 63)
(71.93 60 60)
(72.07 59 60)
(72.07 62 61)
(72.07 65 63)
(72.18 62 61)
(72.63 48 53)
(72.89 60 60)
(73.17 69 65)
(73.3 67 64)
(73.42 57 58)
(73.54 65 63)
(73.54 66 64)
(73.66 60 60)
(73.79 69 65)
(73.92 62 61)
(73.92 70 66)
(74.05 69 65)
(74.19 55 57)
(74.19 70 66)
(74.44 53 56)
(74.44 69 65)
(74.56 70 66)
(74.69 52 55)
(74.69 72 67)
(74.81 40 48)
(74.81 71 67)
(74.93 56 58)
(74.93 67 64)
(74.93 72 67)
(75.06 74 68)
(75.06 75 69)
(75.19 60 60)
(75.32 70 66)
(75.45 53 56)
(75.45 69 65)
(75.57 67 64)
(75.71 57 58)
(75.71 58 59)
(75.81 70 66)
(75.95 60 60)
(76.06 65 63)
(76.06 66 64)
(76.21 45 51)
(76.48 72 67)
(76.61 41 49)
(76.74 43 50)
(76.74 77 70)
(76.87 45 51)
(76.98 46 52)
(76.98 67 64)
(77.12 45 51)
(77.25 46 52)
(77.38 43 50)
(77.52 45 51)
(77.52 77 70)
(77.64 47 53)
(77.76 48 53)
(77.9 47 53)
(78.01 77 70)
(78.13 45 51)
(78.52 50 54)
(78.52 65 63)
(78.63 45 51)
(78.89 43 50)
(78.89 55 57)
(79.01 48 53)
(79.01 60 60)
(79.01 65 63)
(79.02 64 62)
(79.16 43 50)
(79.29 43 50)
(79.29 55 57)
(79.4 67 64)
(79.53 64 62)
(79.53 65 63)
(79.65 60 60)
(79.78 59 60)
(79.78 62 61)
(79.78 65 63)
(79.78 68 65)
(79.89 62 61)
(80.06 60 60)
(80.31 48 53)
(80.56 60 60)
(80.82 65 63)
(80.83 60 60)
(80.97 62 61)
(81.1 62 61)
(81.1 65 63)
(81.22 60 60)
(81.36 62 61)
(81.48 62 61)
(81.48 64 62)
(81.6 59 60)
(81.6 65 63)
(81.73 64 62)
(81.86 65 63)
(81.98 62 61)
(82.11 64 62)
(82.11 65 63)
(82.22 65 63)
(82.22 66 64)
(82.33 58 59)
(82.34 67 64)
(82.48 66 64)
(82.72 64 62)
(82.85 65 63)
(82.85 66 64)
(82.97 67 64)
(83.09 57 58)
(83.09 69 65)
(83.23 65 63)
(83.23 66 64)
(83.35 69 65)
(83.49 72 67)
(83.61 77 70)
(83.71 81 72)
(83.85 64 62)
(83.85 65 63)
(83.85 72 67)
(83.85 84 74)
(83.86 61 61)
(83.98 62 61)
(84.1 64 62)
(84.23 60 60)
(84.36 62 61)
(84.48 64 62)
(84.61 65 63)
(84.62 71 67)
(84.74 64 62)
(84.87 66 64)
(84.88 65 63)
(85.01 62 61)
(85.13 64 62)
(85.24 66 64)
(85.39 70 66)
(85.52 65 63)
(85.64 67 64)
(85.77 64 62)
(85.89 66 64)
(85.89 69 65)
(86.01 70 66)
(86.16 69 65)
(86.16 72 67)
(86.29 70 66)
(86.4 69 65)
(86.52 65 63)
(86.52 66 64)
(86.52 69 65)
(86.66 67 64)
(86.66 70 66)
(86.77 69 65)
(86.9 70 66)
(86.9 74 68)
(86.9 75 69)
(87.03 69 65)
(87.13 70 66)
(87.13 75 69)
(87.25 67 64)
(87.38 69 65)
(87.5 70 66)
(87.63 72 67)
(87.63 76 69)
(87.63 81 72)
(87.74 70 66)
(87.74 75 69)
(87.75 74 68)
(87.75 79 71)
(87.98 69 65)
(87.99 77 70)
(88.12 70 66)
(88.23 76 69)
(88.37 74 68)
(88.37 75 69)
(88.37 77 70)
(88.37 82 73)
(88.37 83 74)
(88.61 70 66)
(88.61 75 69)
(88.61 79 71)
(88.61 80 72)
(88.84 70 66)
(88.84 79 71)
(88.85 74 68)
(88.97 77 70)
(89.08 67 64)
(89.09 70 66)
(89.21 69 65)
(89.22 77 70)
(89.33 70 66)
(89.46 65 63)
(89.46 74 68)
(89.46 75 69)
(89.58 72 67)
(89.6 67 64)
(89.71 75 69)
(89.72 69 65)
(89.72 74 68)
(89.84 72 67)
(89.87 64 62)
(90.74 60 60)
(91.65 70 66)
(91.66 60 60)
(92.63 69 65)
(92.64 53 56)
(92.76 67 64)
(92.89 57 58)
(92.89 58 59)
(93.02 65 63)
(93.02 66 64)
(93.14 60 60)
(93.14 67 64)
(93.27 69 65)
(93.4 62 61)
(93.41 70 66)
(93.52 69 65)
(93.66 67 64)
(93.67 70 66)
(93.78 67 64)
(93.9 53 56)
(93.9 69 65)
(94.02 71 67)
(94.16 52 55)
(94.16 72 67)
(94.28 40 48)
(94.28 71 67)
(94.4 56 58)
(94.41 67 64)
(94.41 72 67)
(94.52 74 68)
(94.52 75 69)
(94.66 60 60)
(94.76 70 66)
(94.9 69 65)
(94.92 53 56)
(95.02 67 64)
(95.15 69 65)
(95.27 70 66)
(95.41 60 60)
(95.41 69 65)
(95.53 65 63)
(95.53 66 64)
(95.67 45 51)
(95.67 57 58)
(95.93 45 51)
(95.93 72 67)
(96.06 41 49)
(96.19 43 50)
(96.31 45 51)
(96.43 46 52)
(96.68 46 52)
(96.82 43 50)
(96.93 45 51)
(96.93 65 63)
(97.06 47 53)
(97.06 48 53)
(97.18 60 60)
(97.18 64 62)
(97.42 48 53)
(97.42 49 54)
(97.54 46 52)
(97.67 45 51)
(97.83 43 50)
(97.94 65 63)
(97.99 41 49)
(98.22 53 56)
(98.48 60 60)
(98.75 60 60)
(98.76 64 62)
(98.9 62 61)
(99.04 64 62)
(99.04 65 63)
(99.16 60 60)
(99.29 62 61)
(99.4 64 62)
(99.54 59 60)
(99.54 65 63)
(99.68 64 62)
(99.81 65 63)
(99.91 62 61)
(100.04 64 62)
(100.04 65 63)
(100.16 65 63)
(100.16 66 64)
(100.29 58 59)
(100.29 67 64)
(100.42 66 64)
(100.54 68 65)
(100.66 64 62)
(100.79 65 63)
(100.79 66 64)
(100.9 67 64)
(101.04 57 58)
(101.04 69 65)
(101.17 65 63)
(101.17 66 64)
(101.29 69 65)
(101.42 72 67)
(101.55 77 70)
(101.66 81 72)
(101.82 84 74)
(101.83 64 62)
(101.97 62 61)
(102.07 64 62)
(102.07 65 63)
(102.2 60 60)
(102.32 62 61)
(102.44 64 62)
(102.57 65 63)
(102.57 66 64)
(102.57 71 67)
(102.69 64 62)
(102.82 65 63)
(102.82 66 64)
(102.94 62 61)
(102.94 63 62)
(103.06 64 62)
(103.19 65 63)
(103.19 66 64)
(103.34 70 66)
(103.45 66 64)
(103.46 65 63)
(103.69 64 62)
(103.81 66 64)
(103.81 69 65)
(103.95 71 67)
(104.07 72 67)
(104.08 69 65)
(104.2 67 64)
(104.2 70 66)
(104.43 65 63)
(104.43 66 64)
(104.57 67 64)
(104.57 70 66)
(104.67 69 65)
(104.81 70 66)
(104.81 75 69)
(104.82 74 68)
(104.94 72 67)
(105.04 70 66)
(105.04 75 69)
(105.17 70 66)
(105.28 77 70)
(105.4 70 66)
(105.4 74 68)
(105.4 79 71)
(105.4 80 72)
(105.52 72 67)
(105.53 76 69)
(105.53 81 72)
(105.64 70 66)
(105.64 75 69)
(105.64 79 71)
(105.65 74 68)
(105.9 77 70)
(106.0 70 66)
(106.01 75 69)
(106.01 79 71)
(106.13 76 69)
(106.26 74 68)
(106.26 75 69)
(106.26 77 70)
(106.26 82 73)
(106.39 76 69)
(106.39 81 72)
(106.5 70 66)
(106.5 75 69)
(106.5 79 71)
(106.74 70 66)
(106.74 74 68)
(106.74 79 71)
(106.87 77 70)
(106.99 70 66)
(107.11 77 70)
(107.21 70 66)
(107.34 65 63)
(107.34 66 64)
(107.34 70 66)
(107.34 74 68)
(107.34 75 69)
(107.47 64 62)
(107.47 72 67)
(107.59 65 63)
(107.59 74 68)
(107.59 75 69)
(107.73 67 64)
(107.75 64 62)
(108.59 71 67)
(108.6 66 64)
(108.61 62 61)
(109.52 60 60)
(109.52 64 62)
(109.52 70 66)
(110.49 69 65)
(110.5 53 56)
(110.63 67 64)
(110.75 57 58)
(110.75 58 59)
(110.87 65 63)
(110.87 66 64)
(110.99 60 60)
(110.99 67 64)
(111.13 69 65)
(111.25 62 61)
(111.25 63 62)
(111.25 70 66)
(111.37 69 65)
(111.51 70 66)
(111.62 67 64)
(111.75 53 56)
(111.75 63 62)
(111.75 69 65)
(111.86 71 67)
(112.01 52 55)
(112.01 72 67)
(112.14 71 67)
(112.25 56 58)
(112.26 72 67)
(112.38 55 57)
(112.38 74 68)
(112.38 75 69)
(112.51 60 60)
(112.63 70 66)
(112.75 53 56)
(112.75 69 65)
(112.88 55 57)
(112.88 67 64)
(113.01 58 59)
(113.12 70 66)
(113.25 60 60)
(113.37 65 63)
(113.37 66 64)
(113.51 45 51)
(113.76 45 51)
(113.76 72 67)
(113.88 41 49)
(114.01 43 50)
(114.01 55 57)
(114.12 45 51)
(114.25 46 52)
(114.38 45 51)
(114.51 46 52)
(114.65 43 50)
(114.75 45 51)
(114.75 65 63)
(114.89 48 53)
(115.01 48 53)
(115.01 49 54)
(115.01 60 60)
(115.01 64 62)
(115.24 49 54)
(115.25 48 53)
(115.36 46 52)
(115.52 45 51)
(115.69 43 50)
(115.81 41 49)
(115.81 53 56)
(115.81 65 63)
(116.11 53 56)
(116.41 60 60)
(116.72 61 61)
(116.72 70 66)
(116.99 58 59)
(116.99 67 64)
(117.27 53 56)
(117.27 54 57)
(117.52 68 65)
(117.53 60 60)
(117.79 66 64)
(117.8 65 63)
(118.08 60 60)
(118.08 65 63)
(118.35 55 57)
(118.35 58 59)
(118.35 64 62)
(118.6 49 54)
(118.6 53 56)
(118.6 65 63)
(118.86 67 64)
(119.14 60 60)
(119.14 70 66)
(119.39 68 65)
(119.66 63 62)
(119.66 72 67)
(119.94 65 63)
(119.94 73 68)
(120.21 70 66)
(120.48 44 51)
(120.75 63 62)
(120.75 72 67)
(121.03 60 60)
(121.03 68 65)
(121.28 60 60)
(121.28 63 62)
(121.28 68 65)
(121.57 58 59)
(121.8 60 60)
(121.8 63 62)
(121.8 68 65)
(122.06 55 57)
(122.06 58 59)
(122.06 61 61)
(122.06 63 62)
(122.06 70 66)
(122.33 73 68)
(122.62 72 67)
(122.87 60 60)
(122.87 64 62)
(122.87 75 69)
(123.14 58 59)
(123.14 61 61)
(123.14 75 69)
(123.39 60 60)
(123.39 75 69)
(123.65 55 57)
(123.65 58 59)
(123.65 70 66)
(123.65 75 69)
(123.92 61 61)
(123.92 73 68)
(124.17 72 67)
(124.46 49 54)
(124.46 58 59)
(124.75 68 65)
(124.76 51 55)
(124.76 60 60)
(125.31 61 61)
(125.45 70 66)
(125.57 60 60)
(126.15 68 65)
(126.15 79 71)
(126.27 78 71)
(126.4 68 65)
(126.41 51 55)
(126.97 51 55)
(126.97 61 61)
(127.09 70 66)
(127.24 60 60)
(127.8 72 67)
(127.8 75 69)
(127.8 76 69)
(128.08 73 68)
(128.08 76 69)
(128.37 55 57)
(128.37 58 59)
(128.37 70 66)
(128.63 49 54)
(128.63 58 59)
(128.63 61 61)
(128.9 75 69)
(128.9 76 69)
(129.19 60 60)
(129.46 63 62)
(129.72 75 69)
(129.72 78 71)
(130.01 45 51)
(130.01 60 60)
(130.01 75 69)
(130.28 63 62)
(130.54 73 68)
(130.54 77 70)
(130.84 61 61)
(130.84 70 66)
(130.84 73 68)
(131.1 61 61)
(131.1 65 63)
(131.44 61 61)
(131.44 70 66)
(131.45 65 63)
(132.0 63 62)
(132.28 70 66)
(132.29 58 59)
(132.29 61 61)
(132.85 78 71)
(133.14 70 66)
(133.71 63 62)
(133.71 69 65)
(133.71 73 68)
(134.53 63 62)
(134.53 69 65)
(134.82 58 59)
(134.82 61 61)
(134.82 70 66)
(135.63 58 59)
(135.63 61 61)
(135.63 70 66)
(136.18 61 61)
(136.18 73 68)
(136.32 60 60)
(136.44 58 59)
(136.44 70 66)
(136.57 60 60)
(136.69 61 61)
(136.81 60 60)
(136.93 58 59)
(136.93 70 66)
(137.06 60 60)
(137.18 70 66)
(137.31 68 65)
(137.43 55 57)
(137.57 68 65)
(137.69 55 57)
(137.81 65 63)
(137.81 66 64)
(137.94 52 55)
(137.94 64 62)
(138.06 53 56)
(138.06 65 63)
(138.18 55 57)
(138.29 53 56)
(138.29 65 63)
(138.54 48 53)
(138.67 48 53)
(138.67 60 60)
(138.93 60 60)
(139.19 51 55)
(139.19 68 65)
(139.2 60 60)
(139.48 61 61)
(139.48 70 66)
(139.74 58 59)
(139.74 59 60)
(139.74 67 64)
(140.0 58 59)
(140.0 76 69)
(140.3 60 60)
(140.3 77 70)
(140.53 65 63)
(140.53 80 72)
(140.79 53 56)
(140.79 68 65)
(140.79 84 74)
(140.8 85 75)
(140.95 82 73)
(141.06 52 55)
(141.06 55 57)
(141.06 85 75)
(141.32 55 57)
(141.32 58 59)
(141.32 82 73)
(141.6 58 59)
(141.74 80 72)
(141.86 53 56)
(141.86 57 58)
(141.86 61 61)
(141.86 65 63)
(141.86 68 65)
(142.12 80 72)
(142.13 60 60)
(142.38 49 54)
(142.38 60 60)
(142.38 66 64)
(142.39 65 63)
(142.39 82 73)
(142.66 55 57)
(142.66 58 59)
(142.66 64 62)
(142.66 82 73)
(142.9 61 61)
(143.19 58 59)
(143.19 61 61)
(143.33 77 70)
(143.44 60 60)
(143.44 65 63)
(143.45 80 72)
(143.7 68 65)
(143.97 59 60)
(143.97 62 61)
(143.97 68 65)
(143.97 77 70)
(144.84 60 60)
(144.84 70 66)
(144.84 76 69)
(144.84 80 72)
(145.72 75 69)
(145.72 76 69)
(145.85 73 68)
(145.98 65 63)
(146.52 58 59)
(146.52 64 62)
(146.52 68 65)
(146.82 65 63)
(147.69 48 53)
(148.8 41 49)
