(239 70)
(957/4 72)
(479/2 70)
(959/4 69)
(240 63)
(240 67)
(240 70)
(481/2 58)
(241 63)
(241 67)
(483/2 58)
(967/4 70)
(242 63)
(242 67)
(242 75)
(485/2 58)
(971/4 75)
(243 65)
(243 68)
(243 75)
(487/2 58)
(244 65)
(244 68)
(244 74)
(489/2 58)
(245 65)
(245 68)
(245 70)
(981/4 72)
(491/2 58)
(491/2 70)
(983/4 69)
(246 63)
(246 67)
(246 70)
(493/2 58)
(247 63)
(247 67)
(495/2 58)
(991/4 70)
(248 63)
(248 67)
(248 79)
(497/2 58)
(995/4 79)
(249 62)
(249 65)
(249 82)
(499/2 58)
(250 62)
(250 65)
(250 80)
(501/2 58)
