(243/4 68)
(61 60)
(123/2 68)
(62 75)
(63 70)
(255/4 68)
(64 61)
(129/2 68)
(65 77)
(66 70)
(267/4 68)
(67 60)
(135/2 68)
(68 78)
(69 82)
(283/4 80)
(71 71)
(287/4 80)
(72 70)
(583/8 80)
(73 70)
(591/8 80)
(74 70)
(599/8 78)
(75 69)
(607/8 78)
(76 68)
(615/8 78)
(77 68)
(623/8 77)
(78 67)
(631/8 77)
(79 66)
(639/8 77)
(80 66)
(647/8 75)
(81 65)
(655/8 75)
(82 73)
(247/3 75)
(248/3 73)
(83 72)
(671/8 70)
(84 70)
(339/4 68)
(85 60)
(171/2 68)
(86 75)
(87 70)
(351/4 68)
(88 61)
(177/2 68)
(89 77)
(90 70)
(363/4 68)
(91 60)
(183/2 68)
(92 78)
(93 82)
(379/4 80)
(95 71)
(383/4 80)
(96 70)
(775/8 80)
(97 70)
(783/8 80)
(98 70)
(791/8 78)
(99 69)
(799/8 78)
(100 68)
(807/8 78)
(101 68)
(815/8 77)
(102 67)
(823/8 76)
(103 66)
(831/8 75)
(104 65)
(839/8 74)
(105 64)
(847/8 73)
(106 63)
(855/8 73)
(107 63)
(863/8 73)
(219/2 69)
(110 73)
(221/2 69)
(111 69)
(447/4 70)
(112 70)
(113 70)
(114 77)
(231/2 72)
(116 77)
(233/2 72)
(117 72)
(471/4 73)
(118 73)
(119 73)
(120 80)
(243/2 76)
(122 80)
(245/2 76)
(123 76)
(495/4 77)
(124 77)
(125 89)
(507/4 90)
(127 90)
(128 72)
(129 72)
(261/2 70)
(131 70)
(394/3 68)
(395/3 66)
(132 73)
(267/2 69)
(134 73)
(269/2 69)
(135 69)
(543/4 70)
(136 70)
(137 70)
(412/3 72)
(413/3 70)
(138 77)
(279/2 72)
(140 77)
(281/2 72)
(141 72)
(567/4 73)
(142 73)
(143 73)
(430/3 75)
(431/3 73)
(144 80)
(291/2 76)
(146 80)
(293/2 76)
(147 76)
(591/4 77)
(148 77)
(149 89)
(150 92)
(603/4 90)
(151 90)
(152 69)
(153 70)
