(161 75)
(162 76)
(163 73)
(164 61)
(165 75)
(166 72)
(167 63)
(168 78)
(169 75)
(170 63)
(171 77)
(172 73)
(173 65)
(174 70)
(176 72)
(177 70)
(179 78)
(359/2 77)
(180 70)
(182 72)
(183 70)
(185 73)
(371/2 72)
(186 70)
(188 73)
(377/2 72)
(189 70)
(191 73)
(383/2 72)
(192 70)
(385/2 72)
(193 73)
(387/2 72)
(194 70)
(389/2 72)
(195 70)
(391/2 68)
(196 67)
(393/2 68)
(197 67)
(395/2 65)
(198 64)
(397/2 65)
(199 67)
(399/2 65)
(200 68)
(401/2 59)
(201 60)
(202 60)
(203 68)
(204 70)
(205 67)
(206 76)
(207 77)
(208 80)
(209 84)
(210 85)
(211 82)
(212 82)
(213 84)
(214 80)
(215 80)
(216 82)
(217 79)
(218 79)
(219 80)
(220 77)
(221 77)
(222 77)
(224 79)
(225 77)
(227 75)
(455/2 73)
(228 65)
(230 67)
(231 65)
(234 60)
(237 53)
