0.6250000000
0.9375000000
1.2500000000
1.5625000000
1.8750000000
2.1875000000
2.5000000000
2.8125000000
3.1250000000
3.4375000000
3.7500000000
4.0625000000
4.3750000000
4.6875000000
5.0000000000
5.3125000000
5.6250000000
5.9375000000
6.2500000000
6.5625000000
6.8750000000
7.1875000000
7.5000000000
7.8125000000
8.1250000000
8.4375000000
8.7500000000
9.0625000000
9.3750000000
9.6875000000
10.0000000000
10.3125000000
10.6250000000
10.9375000000
11.2500000000
11.5625000000
11.8750000000
12.1875000000
12.5000000000
12.8125000000
13.1250000000
13.4375000000
13.7500000000
14.0625000000
14.3750000000
14.6875000000
15.0000000000
15.3125000000
15.6250000000
15.9375000000
16.2500000000
16.5625000000
16.8750000000
17.1875000000
17.5000000000
17.8125000000
18.1250000000
18.4375000000
18.7500000000
19.0625000000
19.3750000000
19.6875000000
20.0000000000
20.3125000000
20.6250000000
20.9375000000
21.2500000000
21.5625000000
21.8750000000
22.1875000000
22.5000000000
22.8125000000
23.1250000000
23.4375000000
23.7500000000
24.0625000000
24.3750000000
24.6875000000
25.0000000000
25.3125000000
25.6250000000
25.9375000000
26.2500000000
26.5625000000
26.8750000000
27.1875000000
27.5000000000
27.8125000000
28.1250000000
28.4375000000
28.7500000000
29.0625000000
29.3750000000
29.6875000000
30.0000000000
30.3125000000
30.6250000000
30.9375000000
31.2500000000
31.5625000000
31.8750000000
32.1875000000
32.5000000000
32.8125000000
33.1250000000
33.4375000000
33.7500000000
34.0625000000
34.3750000000
34.6875000000
35.0000000000
35.3125000000
35.6250000000
35.9375000000
36.2500000000
36.5625000000
36.8750000000
37.1875000000
37.5000000000
37.8125000000
38.1250000000
38.4375000000
38.7500000000
39.0625000000
39.3750000000
39.6875000000
40.0000000000
40.3125000000
40.6250000000
40.9375000000
41.2500000000
41.5625000000
41.8750000000
42.1875000000
42.5000000000
42.8125000000
43.1250000000
43.4375000000
43.7500000000
44.0625000000
44.3750000000
44.6875000000
45.0000000000
45.3125000000
45.6250000000
45.9375000000
46.2500000000
46.5625000000
46.8750000000
47.1875000000
47.5000000000
47.8125000000
48.1250000000
48.4375000000
48.7500000000
49.0625000000
49.3750000000
49.6875000000
50.0000000000
50.3125000000
50.6250000000
50.9375000000
51.2500000000
51.5625000000
51.8750000000
52.1875000000
52.5000000000
52.8125000000
53.1250000000
53.4375000000
53.7500000000
54.0625000000
54.3750000000
54.6875000000
55.0000000000
55.3125000000
55.6250000000
55.9375000000
56.2500000000
56.5625000000
56.8750000000
57.1875000000
57.5000000000
57.8125000000
58.1250000000
58.4375000000
58.7500000000
59.0625000000
59.3750000000
59.6875000000
60.0000000000
60.3125000000
60.6250000000
60.9375000000
61.2500000000
61.5625000000
61.8750000000
62.1875000000
62.5000000000
62.8125000000
63.1250000000
63.4375000000
63.7500000000
64.0625000000
64.3750000000
64.6875000000
65.0000000000
65.3125000000
65.6250000000
65.9375000000
66.2500000000
66.5625000000
66.8750000000
67.1875000000
67.5000000000
67.8125000000
68.1250000000
68.4375000000
68.7500000000
69.0625000000
69.3750000000
69.6875000000
70.0000000000
70.3125000000
70.6250000000
70.9375000000
71.2500000000
71.5625000000
71.8750000000
72.1875000000
72.5000000000
72.8125000000
73.1250000000
73.4375000000
73.7500000000
74.0625000000
74.3750000000
74.6875000000
75.0000000000
75.3125000000
75.6250000000
75.9375000000
76.2500000000
76.5625000000
76.8750000000
77.1875000000
77.5000000000
77.8125000000
78.1250000000
78.4375000000
78.7500000000
79.0625000000
79.3750000000
79.6875000000
80.0000000000
80.3125000000
80.6250000000
80.9375000000
81.2500000000
81.5625000000
81.8750000000
82.1875000000
82.5000000000
82.8125000000
83.1250000000
83.4375000000
83.7500000000
84.0625000000
84.3750000000
84.6875000000
85.0000000000
85.3125000000
85.6250000000
85.9375000000
86.2500000000
86.5625000000
86.8750000000
87.1875000000
87.5000000000
87.8125000000
88.1250000000
88.4375000000
88.7500000000
89.0625000000
89.3750000000
89.6875000000
90.0000000000
90.3125000000
90.6250000000
90.9375000000
91.2500000000
91.5625000000
91.8750000000
92.1875000000
92.5000000000
92.8125000000
93.1250000000
93.4375000000
93.7500000000
94.0625000000
94.3750000000
94.6875000000
95.0000000000
95.3125000000
95.6250000000
95.9375000000
96.2500000000
96.5625000000
96.8750000000
97.1875000000
97.5000000000
97.8125000000
98.1250000000
98.4375000000
98.7500000000
99.0625000000
99.3750000000
99.6875000000
100.0000000000
100.3125000000
100.6250000000
100.9375000000
101.2500000000
101.5625000000
101.8750000000
102.1875000000
102.5000000000
102.8125000000
103.1250000000
103.4375000000
103.7500000000
104.0625000000
104.3750000000
104.6875000000
105.0000000000
105.3125000000
105.6250000000
105.9375000000
106.2500000000
106.5625000000
106.8750000000
107.1875000000
107.5000000000
107.8125000000
108.1250000000
108.4375000000
108.7500000000
109.0625000000
109.3750000000
109.6875000000
110.0000000000
110.3125000000
110.6250000000
110.9375000000
111.2500000000
111.5625000000
111.8750000000
112.1875000000
112.5000000000
112.8125000000
113.1250000000
113.4375000000
113.7500000000
114.0625000000
114.3750000000
114.6875000000
115.0000000000
115.3125000000
115.6250000000
115.9375000000
116.2500000000
116.5625000000
116.8750000000
117.1875000000
117.5000000000
117.8125000000
118.1250000000
118.4375000000
118.7500000000
119.0625000000
119.3750000000
119.6875000000
120.0000000000
120.3125000000
120.6250000000
120.9375000000
121.2500000000
121.5625000000
121.8750000000
122.1875000000
122.5000000000
122.8125000000
123.1250000000
123.4375000000
123.7500000000
124.0625000000
124.3750000000
124.6875000000
125.0000000000
125.3125000000
125.6250000000
125.9375000000
126.2500000000
126.5625000000
126.8750000000
127.1875000000
127.5000000000
127.8125000000
128.1250000000
128.4375000000
128.7500000000
129.0625000000
129.3750000000
129.6875000000
130.0000000000
130.3125000000
130.6250000000
130.9375000000
131.2500000000
131.5625000000
131.8750000000
132.1875000000
132.5000000000
132.8125000000
133.1250000000
133.4375000000
133.7500000000
134.0625000000
134.3750000000
134.6875000000
135.0000000000
135.3125000000
135.6250000000
135.9375000000
136.2500000000
136.5625000000
136.8750000000
137.1875000000
137.5000000000
137.8125000000
138.1250000000
138.4375000000
138.7500000000
139.0625000000
139.3750000000
139.6875000000
140.0000000000
140.3125000000
140.6250000000
140.9375000000
141.2500000000
141.5625000000
141.8750000000
142.1875000000
142.5000000000
142.8125000000
143.1250000000
143.4375000000
143.7500000000
144.0625000000
144.3750000000
144.6875000000
145.0000000000
145.3125000000
145.6250000000
145.9375000000
146.2500000000
146.5625000000
146.8750000000
147.1875000000
147.5000000000
147.8125000000
148.1250000000
148.4375000000
148.7500000000
149.0625000000
149.3750000000
149.6875000000
150.0000000000
150.3125000000
150.6250000000
150.9375000000
151.2500000000
151.5625000000
151.8750000000
152.1875000000
152.5000000000
152.8125000000
153.1250000000
153.4375000000
153.7500000000
154.0625000000
154.3750000000
154.6875000000
155.0000000000
155.3125000000
155.6250000000
155.9375000000
156.2500000000
156.5625000000
156.8750000000
157.1875000000
157.5000000000
157.8125000000
158.1250000000
158.4375000000
158.7500000000
159.0625000000
159.3750000000
159.6875000000
160.0000000000
160.3125000000
160.6250000000
160.9375000000
161.2500000000
161.5625000000
161.8750000000
162.1875000000
162.5000000000
162.8125000000
163.1250000000
163.4375000000
163.7500000000
164.0625000000
164.3750000000
164.6875000000
165.0000000000
165.3125000000
165.6250000000
165.9375000000
166.2500000000
166.5625000000
166.8750000000
167.1875000000
167.5000000000
167.8125000000
168.1250000000
168.4375000000
168.7500000000
169.0625000000
169.3750000000
169.6875000000
170.0000000000
170.3125000000
170.6250000000
170.9375000000
171.2500000000
171.5625000000
171.8750000000
172.1875000000
172.5000000000
172.8125000000
173.1250000000
173.4375000000
173.7500000000
174.0625000000
174.3750000000
