0.280
0.600
0.920
1.240
1.560
1.880
2.200
2.520
2.840
3.140
3.460
3.760
4.080
4.380
4.700
5.000
5.320
5.640
5.960
6.280
6.580
6.900
7.200
7.520
7.820
8.140
8.440
8.760
9.060
9.380
9.680
10.000
10.320
10.640
10.960
11.260
11.580
11.880
12.200
12.500
12.820
13.120
13.440
13.740
14.060
14.360
14.680
15.000
15.320
15.640
15.960
16.280
16.580
16.900
17.200
17.520
17.820
18.140
18.460
18.780
19.080
19.400
19.700
20.020
20.320
20.640
20.940
21.260
21.560
21.880
22.200
22.520
22.820
23.140
23.440
23.760
24.060
24.380
24.680
25.000
25.320
25.640
25.960
26.260
26.580
26.880
27.200
27.500
27.820
28.120
28.440
28.760
29.080
29.400
29.700
30.020
30.320
30.640
30.940
31.260
31.560
31.880
32.180
32.500
32.820
33.140
33.460
33.760
34.080
34.380
34.700
35.000
35.320
35.620
35.940
36.240
36.560
36.880
37.200
37.520
37.840
38.160
38.460
38.780
39.080
39.400
39.700
40.020
40.320
40.640
40.940
41.260
41.580
41.900
42.220
42.520
42.840
43.140
43.460
43.760
44.080
44.380
44.700
45.000
45.320
45.620
45.940
46.240
46.560
46.860
47.180
47.500
47.820
48.140
48.460
48.780
49.080
49.400
49.700
50.000
50.320
50.620
50.940
51.240
51.560
51.880
52.200
52.520
52.840
53.140
53.460
53.760
54.080
54.380
54.700
55.020
55.340
55.660
55.960
56.280
56.580
56.900
57.200
57.520
57.820
58.140
58.440
58.760
59.060
59.380
59.700
60.020
60.320
60.640
60.940
61.240
61.560
61.880
62.200
62.520
62.820
63.140
63.440
63.760
64.060
64.380
64.700
65.020
65.340
65.640
65.960
66.260
66.580
66.880
67.200
67.500
67.820
68.140
68.460
68.780
69.100
69.400
69.720
70.020
70.340
70.640
70.960
71.260
71.580
71.880
72.200
72.500
72.820
73.120
73.440
73.740
74.060
74.360
74.680
74.980
75.300
75.620
75.940
76.260
76.580
76.880
77.200
77.500
77.820
78.120
78.440
78.760
79.080
79.400
79.720
80.020
80.340
80.640
80.960
81.260
81.580
81.880
82.200
82.500
82.820
83.140
83.460
83.780
84.080
84.400
84.700
85.020
85.320
85.620
85.940
86.260
86.580
86.900
87.200
87.520
87.820
88.140
88.440
88.760
89.080
89.400
89.720
90.020
90.340
90.640
90.960
91.260
91.580
91.880
92.200
92.500
92.820
93.120
93.440
93.760
94.080
94.400
94.720
95.020
95.340
95.640
95.960
96.260
96.580
96.880
97.200
97.500
97.820
98.120
98.440
98.760
99.080
99.400
99.700
100.000
100.320
100.620
100.940
101.240
101.560
101.880
102.200
102.520
102.820
103.140
103.440
103.760
104.060
104.380
104.700
105.020
105.320
105.640
105.940
106.260
106.560
106.880
107.180
107.500
107.820
108.140
108.460
108.780
109.080
109.400
109.700
110.020
110.320
110.640
110.940
111.260
111.560
111.880
112.200
112.520
112.840
113.140
113.460
113.760
114.080
114.380
114.700
115.000
115.320
115.640
115.960
116.260
116.580
116.880
117.200
117.520
117.840
118.140
118.460
118.760
119.080
119.380
119.700
120.000
120.320
120.640
120.960
121.280
121.580
121.900
122.200
122.520
122.820
123.140
123.440
123.760
124.060
124.380
124.680
125.000
125.300
125.620
125.940
126.260
126.580
126.900
127.200
127.520
127.820
128.140
128.440
128.740
129.060
129.360
129.680
130.000
130.320
130.640
130.960
131.260
131.580
131.880
132.200
132.500
132.820
133.140
133.460
133.780
134.100
134.400
134.720
135.020
135.340
135.640
135.940
136.260
136.560
136.880
137.200
137.520
137.840
138.140
138.460
138.760
139.080
139.380
139.700
140.020
140.340
140.660
140.960
141.280
141.580
141.900
142.200
142.520
142.820
143.140
143.440
143.760
144.080
144.400
144.720
145.020
145.340
145.640
145.960
146.260
146.580
146.880
147.200
147.500
147.820
148.120
148.440
148.740
149.060
149.380
149.700
150.020
150.340
150.640
150.960
151.260
151.580
151.880
152.200
152.500
152.820
153.120
153.440
153.760
154.080
154.400
154.720
155.020
155.340
155.640
155.960
156.260
156.580
156.880
157.200
157.500
157.800
158.120
158.440
158.760
159.080
159.380
159.700
160.000
160.320
160.640
160.960
161.260
161.580
161.880
162.200
162.500
162.820
163.120
163.440
163.740
164.060
164.360
164.680
165.000
165.320
165.640
165.960
166.260
166.580
166.880
167.200
167.500
167.820
168.120
168.440
168.760
169.080
169.400
169.720
170.020
170.340
170.640
170.960
171.260
171.580
171.880
172.200
172.500
172.820
173.120
173.440
173.740
174.040
174.340
174.640
174.940
175.240
175.540
175.840
