0.0
0.62
1.25
1.88
2.5
3.13
3.75
4.38
5.0
5.63
6.25
6.88
7.5
8.13
8.74
9.06
9.37
9.68
10.0
10.62
10.93
11.25
11.86
12.19
12.5
12.81
13.13
13.75
14.38
15.0
15.63
16.25
16.88
17.5
18.13
18.75
19.38
20.01
20.62
20.93
21.25
21.56
21.87
22.19
22.5
22.81
23.12
23.44
23.74
24.07
24.37
24.67
24.99
25.31
25.61
25.93
26.25
26.57
26.87
27.19
27.5
27.82
28.44
28.75
29.38
29.69
30.31
30.62
30.94
31.24
31.57
32.51
33.44
34.37
35.31
36.25
37.19
37.5
37.82
38.13
38.45
38.76
39.07
39.38
39.69
40.0
40.31
40.62
40.94
41.26
41.56
41.87
42.19
42.5
42.81
43.12
43.44
43.75
44.06
44.37
44.69
45.0
45.32
45.63
45.94
46.25
46.56
46.88
47.82
48.11
48.76
49.33
50.33
50.63
51.25
51.56
52.19
52.82
53.44
54.06
54.68
55.0
55.94
56.88
57.81
58.75
59.69
60.62
61.57
61.88
62.19
62.5
62.82
63.13
63.45
63.76
64.07
64.38
64.69
65.0
65.31
65.62
65.93
66.24
66.56
66.87
67.19
67.5
67.81
68.12
68.44
68.75
69.06
69.37
69.69
70.01
70.32
70.63
70.94
71.26
72.19
73.14
74.06
75.0
75.32
75.63
75.94
76.56
76.89
77.82
78.44
78.76
79.38
79.69
80.0
80.32
80.63
80.94
81.26
81.57
81.88
82.19
82.5
82.81
83.13
83.45
83.77
84.07
84.38
84.69
85.0
85.31
85.63
85.94
86.25
86.57
86.88
87.19
87.5
87.81
88.13
88.44
88.75
89.06
89.38
89.7
90.0
90.31
90.63
90.94
91.26
91.57
91.88
92.19
92.5
92.82
93.14
93.44
93.75
94.06
94.38
94.69
95.01
95.32
95.63
95.94
96.26
96.57
96.88
97.19
97.5
97.81
98.13
98.44
98.76
99.07
99.38
99.69
100.01
100.31
100.62
100.93
101.25
101.56
101.87
102.19
102.5
102.82
103.13
103.44
103.75
104.07
104.38
104.69
105.0
105.32
105.63
105.94
106.26
106.57
106.88
107.2
107.51
107.82
108.14
108.45
108.76
109.07
109.38
109.7
110.01
110.32
110.63
110.94
111.25
111.57
111.88
112.19
112.51
112.82
113.13
113.44
113.75
114.07
114.39
114.69
115.0
115.32
115.64
115.94
116.25
116.57
116.88
117.19
117.5
117.82
118.13
118.44
118.76
119.07
119.38
119.7
120.0
120.32
120.63
120.94
121.25
121.57
121.88
122.18
122.5
122.81
123.13
123.44
123.75
124.06
124.38
124.69
125.0
125.31
125.63
125.94
126.25
126.56
127.51
127.83
128.13
128.44
128.76
129.05
129.36
129.67
129.98
130.3
130.62
130.94
131.26
131.57
131.88
132.19
132.5
132.81
133.13
133.44
133.75
134.07
134.38
134.69
135.0
135.32
135.63
135.94
136.25
136.56
136.88
137.2
137.51
137.82
138.13
138.44
138.75
139.07
139.38
139.69
140.0
140.31
140.63
140.95
141.26
141.56
141.87
142.19
142.5
142.81
143.12
143.44
143.75
144.06
144.37
144.69
145.0
145.33
145.63
145.95
146.25
146.57
146.88
147.2
147.5
147.81
148.13
148.44
148.75
149.07
149.37
149.69
150.0
150.31
150.63
150.94
151.25
151.57
152.19
152.5
153.44
154.38
155.32
156.26
157.19
158.12
159.06
160.0
160.94
161.88
162.2
162.51
162.82
163.13
163.44
163.75
164.06
164.37
164.69
165.0
165.31
165.62
165.94
166.25
166.56
166.87
167.19
167.5
168.13
168.44
168.75
169.07
169.38
169.69
170.01
170.31
170.63
170.93
171.25
171.57
172.51
173.44
174.44
174.75
175.08
175.42
175.76
