pattern1
occurrence1
74.0, 50.0
74.0, 62.0
74.0, 70.0
74.0, 74.0
74.0, 77.0
75.0, 43.0
75.0, 55.0
75.0, 67.0
75.0, 70.0
75.0, 76.0
76.0, 45.0
76.0, 57.0
76.0, 66.0
76.0, 72.0
76.0, 75.0
77.0, 46.0
77.0, 58.0
77.0, 65.0
77.0, 70.0
77.0, 74.0
78.0, 51.0
79.0, 72.0
80.0, 52.0
80.0, 73.0
81.0, 53.0
81.0, 70.0
81.5, 69.0
82.0, 51.0
82.0, 67.0
82.5, 65.0
83.0, 50.0
83.0, 70.0
84.0, 57.0
84.0, 72.0
84.0, 75.0
85.0, 58.0
85.0, 70.0
85.0, 74.0
85.75, 69.0
85.75, 72.0
86.0, 52.0
86.0, 70.0
86.0, 74.0
86.75, 72.0
86.75, 75.0
87.0, 53.0
87.0, 70.0
87.0, 74.0
88.0, 69.0
88.0, 72.0
89.0, 62.0
89.75, 63.0
90.0, 60.0
90.5, 58.0
91.0, 58.0
91.0, 74.0
91.0, 77.0
92.0, 58.0
92.0, 74.0
92.0, 77.0
93.0, 57.0
93.0, 75.0
93.0, 77.0
95.0, 63.0
95.75, 65.0
96.0, 62.0
96.5, 60.0
97.0, 60.0
97.0, 81.0
97.0, 87.0
98.0, 60.0
98.0, 81.0
98.0, 87.0
99.0, 58.0
99.0, 82.0
99.0, 86.0
101.0, 58.0
101.0, 74.0
101.75, 60.0
101.75, 75.0
102.0, 53.0
102.0, 62.0
102.0, 77.0
102.5, 63.0
102.5, 79.0
103.0, 60.0
103.0, 75.0
103.5, 57.0
103.5, 72.0
104.0, 58.0
104.0, 74.0
104.5, 60.0
104.5, 75.0
105.0, 62.0
105.0, 77.0
105.5, 63.0
105.5, 79.0
106.0, 60.0
106.0, 75.0
106.5, 57.0
106.5, 72.0
107.0, 58.0
107.0, 74.0
107.5, 60.0
107.5, 75.0
108.0, 62.0
108.0, 77.0
108.5, 87.0
109.0, 86.0
109.5, 84.0
110.0, 82.0
110.5, 81.0
111.0, 79.0
111.5, 77.0
112.0, 76.0
112.5, 75.0
113.0, 74.0
113.5, 72.0
114.0, 77.0
114.75, 79.0
115.0, 53.0
115.0, 62.0
115.0, 65.0
115.0, 70.0
116.0, 53.0
116.0, 60.0
116.0, 63.0
116.0, 69.0
117.0, 58.0
117.0, 62.0
117.0, 70.0
118.0, 46.0
119.0, 75.0
119.0, 79.0
119.75, 74.0
119.75, 77.0
120.0, 74.0
120.0, 77.0
121.0, 70.0
122.0, 75.0
122.0, 81.0
122.75, 74.0
122.75, 82.0
123.0, 74.0
123.0, 82.0
124.0, 58.0
125.0, 55.0
125.0, 74.0
125.75, 70.0
126.0, 51.0
126.0, 67.0
126.0, 75.0
127.0, 48.0
128.0, 53.0
128.0, 63.0
128.0, 72.0
128.75, 69.0
129.0, 58.0
129.0, 62.0
129.0, 70.0
130.0, 46.0
131.0, 53.0
131.0, 65.0
131.0, 71.0
131.0, 74.0
131.0, 80.0
132.0, 52.0
132.0, 64.0
132.0, 72.0
132.0, 76.0
132.0, 79.0
occurrence2
134.0, 50.0
134.0, 62.0
134.0, 70.0
134.0, 74.0
134.0, 77.0
135.0, 43.0
135.0, 55.0
135.0, 67.0
135.0, 70.0
135.0, 76.0
136.0, 45.0
136.0, 57.0
136.0, 66.0
136.0, 72.0
136.0, 75.0
137.0, 46.0
137.0, 58.0
137.0, 65.0
137.0, 70.0
137.0, 74.0
138.0, 51.0
139.0, 72.0
140.0, 52.0
140.0, 73.0
141.0, 53.0
141.0, 70.0
141.5, 69.0
142.0, 51.0
142.0, 67.0
142.5, 65.0
143.0, 50.0
143.0, 70.0
144.0, 57.0
144.0, 72.0
144.0, 75.0
145.0, 58.0
145.0, 70.0
145.0, 74.0
145.75, 69.0
145.75, 72.0
146.0, 52.0
146.0, 70.0
146.0, 74.0
146.75, 72.0
146.75, 75.0
147.0, 53.0
147.0, 70.0
147.0, 74.0
148.0, 69.0
148.0, 72.0
149.0, 62.0
149.75, 63.0
150.0, 60.0
150.5, 58.0
151.0, 58.0
151.0, 74.0
151.0, 77.0
152.0, 58.0
152.0, 74.0
152.0, 77.0
153.0, 57.0
153.0, 75.0
153.0, 77.0
155.0, 63.0
155.75, 65.0
156.0, 62.0
156.5, 60.0
157.0, 60.0
157.0, 81.0
157.0, 87.0
158.0, 60.0
158.0, 81.0
158.0, 87.0
159.0, 58.0
159.0, 82.0
159.0, 86.0
161.0, 58.0
161.0, 74.0
161.75, 60.0
161.75, 75.0
162.0, 53.0
162.0, 62.0
162.0, 77.0
162.5, 63.0
162.5, 79.0
163.0, 60.0
163.0, 75.0
163.5, 57.0
163.5, 72.0
164.0, 58.0
164.0, 74.0
164.5, 60.0
164.5, 75.0
165.0, 62.0
165.0, 77.0
165.5, 63.0
165.5, 79.0
166.0, 60.0
166.0, 75.0
166.5, 57.0
166.5, 72.0
167.0, 58.0
167.0, 74.0
167.5, 60.0
167.5, 75.0
168.0, 62.0
168.0, 77.0
168.5, 87.0
169.0, 86.0
169.5, 84.0
170.0, 82.0
170.5, 81.0
171.0, 79.0
171.5, 77.0
172.0, 76.0
172.5, 75.0
173.0, 74.0
173.5, 72.0
174.0, 77.0
174.75, 79.0
175.0, 53.0
175.0, 62.0
175.0, 65.0
175.0, 70.0
176.0, 53.0
176.0, 60.0
176.0, 63.0
176.0, 69.0
177.0, 58.0
177.0, 62.0
177.0, 70.0
178.0, 46.0
179.0, 75.0
179.0, 79.0
179.75, 74.0
179.75, 77.0
180.0, 74.0
180.0, 77.0
181.0, 70.0
182.0, 75.0
182.0, 81.0
182.75, 74.0
182.75, 82.0
183.0, 74.0
183.0, 82.0
184.0, 58.0
185.0, 55.0
185.0, 74.0
185.75, 70.0
186.0, 51.0
186.0, 67.0
186.0, 75.0
187.0, 48.0
188.0, 53.0
188.0, 63.0
188.0, 72.0
188.75, 69.0
189.0, 58.0
189.0, 62.0
189.0, 70.0
190.0, 46.0
191.0, 70.0
191.25, 72.0
191.5, 70.0
191.75, 69.0
192.0, 63.0
192.0, 67.0
192.0, 70.0
occurrence3
470.0, 50.0
470.0, 62.0
470.0, 70.0
470.0, 74.0
470.0, 77.0
471.0, 43.0
471.0, 55.0
471.0, 67.0
471.0, 70.0
471.0, 76.0
472.0, 45.0
472.0, 57.0
472.0, 66.0
472.0, 72.0
472.0, 75.0
473.0, 46.0
473.0, 58.0
473.0, 65.0
473.0, 70.0
473.0, 74.0
474.0, 51.0
475.0, 72.0
476.0, 52.0
476.0, 73.0
477.0, 53.0
477.0, 70.0
477.5, 69.0
478.0, 51.0
478.0, 67.0
478.5, 65.0
479.0, 50.0
479.0, 70.0
480.0, 57.0
480.0, 72.0
480.0, 75.0
481.0, 58.0
481.0, 70.0
481.0, 74.0
481.75, 69.0
481.75, 72.0
482.0, 52.0
482.0, 70.0
482.0, 74.0
482.75, 72.0
482.75, 75.0
483.0, 53.0
483.0, 70.0
483.0, 74.0
484.0, 69.0
484.0, 72.0
485.0, 62.0
485.75, 63.0
486.0, 60.0
486.5, 58.0
487.0, 58.0
487.0, 74.0
487.0, 77.0
488.0, 58.0
488.0, 74.0
488.0, 77.0
489.0, 57.0
489.0, 75.0
489.0, 77.0
491.0, 63.0
491.75, 65.0
492.0, 62.0
492.5, 60.0
493.0, 60.0
493.0, 81.0
493.0, 87.0
494.0, 60.0
494.0, 81.0
494.0, 87.0
495.0, 58.0
495.0, 82.0
495.0, 86.0
497.0, 58.0
497.0, 74.0
497.75, 60.0
497.75, 75.0
498.0, 53.0
498.0, 62.0
498.0, 77.0
498.5, 63.0
498.5, 79.0
499.0, 60.0
499.0, 75.0
499.5, 57.0
499.5, 72.0
500.0, 58.0
500.0, 74.0
500.5, 60.0
500.5, 75.0
501.0, 62.0
501.0, 77.0
501.5, 63.0
501.5, 79.0
502.0, 60.0
502.0, 75.0
502.5, 57.0
502.5, 72.0
503.0, 58.0
503.0, 74.0
503.5, 60.0
503.5, 75.0
504.0, 62.0
504.0, 77.0
504.5, 87.0
505.0, 86.0
505.5, 84.0
506.0, 82.0
506.5, 81.0
507.0, 79.0
507.5, 77.0
508.0, 76.0
508.5, 75.0
509.0, 74.0
509.5, 72.0
510.0, 77.0
510.75, 79.0
511.0, 53.0
511.0, 62.0
511.0, 65.0
511.0, 70.0
512.0, 53.0
512.0, 60.0
512.0, 63.0
512.0, 69.0
513.0, 58.0
513.0, 62.0
513.0, 70.0
514.0, 46.0
515.0, 75.0
515.0, 79.0
515.75, 74.0
515.75, 77.0
516.0, 74.0
516.0, 77.0
517.0, 70.0
518.0, 75.0
518.0, 81.0
518.75, 74.0
518.75, 82.0
519.0, 74.0
519.0, 82.0
520.0, 58.0
521.0, 55.0
521.0, 74.0
521.75, 70.0
522.0, 51.0
522.0, 67.0
522.0, 75.0
523.0, 48.0
524.0, 53.0
524.0, 63.0
524.0, 72.0
524.75, 69.0
525.0, 58.0
525.0, 62.0
525.0, 70.0
526.0, 46.0
pattern2
occurrence1
2.0, 62.0
2.0, 65.0
2.0, 70.0
3.0, 63.0
3.0, 65.0
3.0, 69.0
5.0, 75.0
5.75, 77.0
6.0, 74.0
6.5, 72.0
7.0, 63.0
7.0, 65.0
7.0, 72.0
8.0, 63.0
8.0, 65.0
8.0, 72.0
9.0, 62.0
9.0, 65.0
9.0, 70.0
11.0, 58.0
11.0, 74.0
11.75, 60.0
11.75, 75.0
12.0, 53.0
12.0, 62.0
12.0, 77.0
12.5, 63.0
12.5, 79.0
13.0, 60.0
13.0, 75.0
13.5, 57.0
13.5, 72.0
14.0, 58.0
14.0, 74.0
14.5, 60.0
14.5, 75.0
15.0, 62.0
15.0, 77.0
15.5, 63.0
15.5, 79.0
16.0, 60.0
16.0, 75.0
16.5, 57.0
16.5, 72.0
17.0, 58.0
17.0, 74.0
17.5, 60.0
17.5, 75.0
18.0, 62.0
18.0, 77.0
18.5, 82.0
19.0, 81.0
19.5, 79.0
20.0, 77.0
20.5, 76.0
21.0, 74.0
21.5, 72.0
22.0, 71.0
22.5, 70.0
23.0, 69.0
23.5, 67.0
24.0, 72.0
24.75, 74.0
25.0, 48.0
25.0, 57.0
25.0, 60.0
25.0, 65.0
26.0, 48.0
26.0, 55.0
26.0, 58.0
26.0, 64.0
27.0, 53.0
27.0, 57.0
27.0, 65.0
28.0, 41.0
29.0, 70.0
29.0, 74.0
29.75, 69.0
29.75, 72.0
30.0, 69.0
30.0, 72.0
31.0, 65.0
32.0, 70.0
32.0, 76.0
32.75, 69.0
32.75, 77.0
33.0, 69.0
33.0, 77.0
34.0, 53.0
35.0, 74.0
35.75, 75.0
36.0, 72.0
36.5, 70.0
37.0, 62.0
37.0, 65.0
37.0, 70.0
38.0, 62.0
38.0, 65.0
38.0, 70.0
occurrence2
38.0, 62.0
38.0, 65.0
38.0, 70.0
39.0, 63.0
39.0, 65.0
39.0, 69.0
41.0, 75.0
41.75, 77.0
42.0, 74.0
42.5, 72.0
43.0, 63.0
43.0, 65.0
43.0, 72.0
44.0, 63.0
44.0, 65.0
44.0, 72.0
45.0, 62.0
45.0, 65.0
45.0, 70.0
47.0, 58.0
47.0, 74.0
47.75, 60.0
47.75, 75.0
48.0, 53.0
48.0, 62.0
48.0, 77.0
48.5, 63.0
48.5, 79.0
49.0, 60.0
49.0, 75.0
49.5, 57.0
49.5, 72.0
50.0, 58.0
50.0, 74.0
50.5, 60.0
50.5, 75.0
51.0, 62.0
51.0, 77.0
51.5, 63.0
51.5, 79.0
52.0, 60.0
52.0, 75.0
52.5, 57.0
52.5, 72.0
53.0, 58.0
53.0, 74.0
53.5, 60.0
53.5, 75.0
54.0, 62.0
54.0, 77.0
54.5, 82.0
55.0, 81.0
55.5, 79.0
56.0, 77.0
56.5, 76.0
57.0, 74.0
57.5, 72.0
58.0, 71.0
58.5, 70.0
59.0, 69.0
59.5, 67.0
60.0, 72.0
60.75, 74.0
61.0, 48.0
61.0, 57.0
61.0, 60.0
61.0, 65.0
62.0, 48.0
62.0, 55.0
62.0, 58.0
62.0, 64.0
63.0, 53.0
63.0, 57.0
63.0, 65.0
64.0, 41.0
65.0, 70.0
65.0, 74.0
65.75, 69.0
65.75, 72.0
66.0, 69.0
66.0, 72.0
67.0, 65.0
68.0, 70.0
68.0, 76.0
68.75, 69.0
68.75, 77.0
69.0, 69.0
69.0, 77.0
70.0, 53.0
71.0, 53.0
71.0, 65.0
71.0, 71.0
71.0, 74.0
71.0, 80.0
72.0, 52.0
72.0, 64.0
72.0, 72.0
72.0, 76.0
72.0, 79.0
73.0, 51.0
73.0, 63.0
73.0, 69.0
73.0, 72.0
73.0, 78.0
74.0, 50.0
74.0, 62.0
74.0, 70.0
74.0, 74.0
74.0, 77.0
occurrence3
434.0, 62.0
434.0, 65.0
434.0, 70.0
435.0, 63.0
435.0, 65.0
435.0, 69.0
437.0, 75.0
437.75, 77.0
438.0, 74.0
438.5, 72.0
439.0, 63.0
439.0, 65.0
439.0, 72.0
440.0, 63.0
440.0, 65.0
440.0, 72.0
441.0, 62.0
441.0, 65.0
441.0, 70.0
443.0, 58.0
443.0, 74.0
443.75, 60.0
443.75, 75.0
444.0, 53.0
444.0, 62.0
444.0, 77.0
444.5, 63.0
444.5, 79.0
445.0, 60.0
445.0, 75.0
445.5, 57.0
445.5, 72.0
446.0, 58.0
446.0, 74.0
446.5, 60.0
446.5, 75.0
447.0, 62.0
447.0, 77.0
447.5, 63.0
447.5, 79.0
448.0, 60.0
448.0, 75.0
448.5, 57.0
448.5, 72.0
449.0, 58.0
449.0, 74.0
449.5, 60.0
449.5, 75.0
450.0, 62.0
450.0, 77.0
450.5, 82.0
451.0, 81.0
451.5, 79.0
452.0, 77.0
452.5, 76.0
453.0, 74.0
453.5, 72.0
454.0, 71.0
454.5, 70.0
455.0, 69.0
455.5, 67.0
456.0, 72.0
456.75, 74.0
457.0, 48.0
457.0, 57.0
457.0, 60.0
457.0, 65.0
458.0, 48.0
458.0, 55.0
458.0, 58.0
458.0, 64.0
459.0, 53.0
459.0, 57.0
459.0, 65.0
460.0, 41.0
461.0, 70.0
461.0, 74.0
461.75, 69.0
461.75, 72.0
462.0, 69.0
462.0, 72.0
463.0, 65.0
464.0, 70.0
464.0, 76.0
464.75, 69.0
464.75, 77.0
465.0, 69.0
465.0, 77.0
466.0, 53.0
467.0, 53.0
467.0, 65.0
467.0, 71.0
467.0, 74.0
467.0, 80.0
468.0, 52.0
468.0, 64.0
468.0, 72.0
468.0, 76.0
468.0, 79.0
469.0, 51.0
469.0, 63.0
469.0, 69.0
469.0, 72.0
469.0, 78.0
470.0, 50.0
470.0, 62.0
470.0, 70.0
470.0, 74.0
470.0, 77.0
pattern3
occurrence1
290.0, 65.0
290.0, 74.0
290.5, 58.0
290.5, 74.0
291.0, 67.0
291.0, 74.0
291.25, 75.0
291.5, 58.0
292.0, 67.0
292.5, 58.0
293.0, 62.0
293.0, 77.0
293.5, 58.0
293.5, 77.0
294.0, 63.0
294.0, 78.0
294.25, 79.0
294.5, 58.0
295.0, 63.0
295.5, 58.0
296.0, 60.0
296.0, 81.0
296.5, 58.0
296.5, 81.0
297.0, 62.0
297.0, 81.0
297.25, 82.0
297.5, 58.0
298.0, 65.0
298.5, 62.0
299.0, 58.0
299.0, 70.0
299.5, 70.0
300.0, 47.0
300.0, 59.0
300.0, 75.0
300.5, 77.0
301.0, 78.0
301.5, 77.0
302.0, 75.0
302.5, 74.0
303.0, 75.0
303.5, 77.0
304.0, 78.0
304.5, 79.0
305.0, 80.0
305.5, 81.0
306.0, 46.0
306.0, 58.0
306.0, 82.0
308.0, 46.0
308.0, 58.0
308.25, 47.0
308.25, 59.0
308.5, 46.0
308.5, 58.0
308.75, 45.0
308.75, 57.0
309.0, 46.0
309.0, 58.0
311.0, 70.0
311.25, 72.0
311.5, 70.0
311.75, 69.0
312.0, 63.0
312.0, 67.0
312.0, 70.0
312.5, 58.0
313.0, 63.0
313.0, 67.0
313.5, 58.0
313.75, 70.0
314.0, 63.0
314.0, 67.0
314.0, 75.0
314.5, 58.0
314.75, 75.0
315.0, 65.0
315.0, 68.0
315.0, 75.0
315.5, 58.0
316.0, 65.0
316.0, 68.0
316.0, 74.0
316.5, 58.0
317.0, 65.0
317.0, 68.0
317.0, 70.0
317.25, 72.0
317.5, 58.0
317.5, 70.0
317.75, 69.0
318.0, 63.0
318.0, 67.0
318.0, 70.0
318.5, 58.0
319.0, 63.0
319.0, 67.0
319.5, 58.0
319.75, 70.0
320.0, 63.0
320.0, 67.0
320.0, 79.0
320.5, 58.0
320.75, 79.0
321.0, 62.0
321.0, 65.0
321.0, 82.0
321.5, 58.0
322.0, 62.0
322.0, 65.0
322.0, 80.0
322.5, 58.0
323.0, 62.0
323.0, 65.0
323.0, 80.0
323.25, 82.0
323.5, 58.0
323.5, 80.0
323.75, 77.0
324.0, 63.0
324.0, 79.0
324.25, 80.0
324.5, 79.0
324.75, 75.0
325.0, 82.0
325.33334, 80.0
325.66666, 79.0
326.0, 43.0
326.0, 55.0
326.0, 77.0
326.33334, 75.0
326.66666, 73.0
327.0, 44.0
327.0, 56.0
327.0, 72.0
327.25, 73.0
327.5, 72.0
327.75, 68.0
328.0, 84.0
328.33334, 82.0
328.66666, 80.0
329.0, 58.0
329.0, 61.0
329.0, 79.0
329.33334, 77.0
329.66666, 76.0
330.0, 56.0
330.0, 60.0
330.0, 77.0
330.25, 79.0
330.5, 77.0
330.75, 72.0
331.0, 84.0
331.33334, 82.0
331.66666, 80.0
332.0, 57.0
332.0, 63.0
332.0, 79.0
332.33334, 65.0
332.33334, 77.0
332.66666, 67.0
332.66666, 75.0
333.0, 58.0
333.0, 67.0
333.0, 75.0
334.0, 65.0
334.0, 74.0
335.0, 51.0
335.0, 70.0
335.25, 72.0
335.5, 58.0
335.5, 70.0
335.75, 67.0
336.0, 53.0
336.0, 68.0
336.5, 58.0
337.0, 56.0
337.0, 65.0
337.5, 58.0
338.0, 56.0
338.0, 74.0
338.25, 75.0
338.5, 58.0
338.5, 74.0
338.75, 70.0
339.0, 55.0
339.0, 75.0
339.5, 58.0
340.0, 51.0
340.0, 79.0
340.5, 58.0
341.0, 51.0
341.0, 70.0
341.25, 72.0
341.5, 58.0
341.5, 70.0
341.75, 67.0
342.0, 53.0
342.0, 68.0
342.5, 58.0
343.0, 56.0
343.0, 65.0
343.5, 58.0
344.0, 56.0
344.0, 74.0
344.25, 75.0
344.5, 58.0
344.5, 74.0
344.75, 70.0
345.0, 55.0
345.0, 75.0
345.5, 58.0
346.0, 51.0
346.0, 79.0
347.0, 89.0
347.25, 87.0
347.5, 86.0
347.75, 84.0
348.0, 84.0
348.5, 82.0
349.0, 55.0
349.0, 63.0
349.0, 82.0
350.0, 55.0
350.0, 63.0
350.0, 84.0
350.25, 82.0
350.5, 80.0
350.75, 79.0
351.0, 79.0
351.5, 77.0
352.0, 56.0
352.0, 63.0
352.0, 77.0
353.0, 57.0
353.0, 63.0
353.0, 77.0
354.0, 58.0
354.0, 63.0
354.0, 79.0
354.125, 65.0
354.125, 80.0
354.25, 67.0
354.25, 82.0
356.0, 58.0
356.0, 67.0
356.0, 82.0
356.25, 65.0
356.25, 80.0
356.5, 63.0
356.5, 79.0
356.75, 62.0
356.75, 77.0
357.0, 63.0
357.0, 75.0
358.0, 51.0
359.0, 62.0
359.0, 70.0
359.5, 58.0
359.5, 70.0
360.0, 63.0
360.0, 71.0
360.25, 72.0
360.5, 58.0
361.0, 63.0
361.5, 58.0
362.0, 65.0
362.0, 74.0
occurrence2
362.0, 65.0
362.0, 74.0
362.5, 58.0
362.5, 74.0
363.0, 67.0
363.0, 74.0
363.25, 75.0
363.5, 58.0
364.0, 67.0
364.5, 58.0
365.0, 62.0
365.0, 77.0
365.5, 58.0
365.5, 77.0
366.0, 63.0
366.0, 78.0
366.25, 79.0
366.5, 58.0
367.0, 63.0
367.5, 58.0
368.0, 60.0
368.0, 81.0
368.5, 58.0
368.5, 81.0
369.0, 62.0
369.0, 81.0
369.25, 82.0
369.5, 58.0
370.0, 65.0
370.5, 62.0
371.0, 58.0
371.0, 70.0
371.5, 70.0
372.0, 47.0
372.0, 59.0
372.0, 75.0
372.5, 77.0
373.0, 78.0
373.5, 77.0
374.0, 75.0
374.5, 74.0
375.0, 75.0
375.5, 77.0
376.0, 78.0
376.5, 79.0
377.0, 80.0
377.5, 81.0
378.0, 46.0
378.0, 58.0
378.0, 82.0
380.0, 46.0
380.0, 58.0
380.25, 47.0
380.25, 59.0
380.5, 46.0
380.5, 58.0
380.75, 45.0
380.75, 57.0
381.0, 46.0
381.0, 58.0
383.0, 70.0
383.25, 72.0
383.5, 70.0
383.75, 69.0
384.0, 63.0
384.0, 67.0
384.0, 70.0
384.5, 58.0
385.0, 63.0
385.0, 67.0
385.5, 58.0
385.75, 70.0
386.0, 63.0
386.0, 67.0
386.0, 75.0
386.5, 58.0
386.75, 75.0
387.0, 65.0
387.0, 68.0
387.0, 75.0
387.5, 58.0
388.0, 65.0
388.0, 68.0
388.0, 74.0
388.5, 58.0
389.0, 65.0
389.0, 68.0
389.0, 70.0
389.25, 72.0
389.5, 58.0
389.5, 70.0
389.75, 69.0
390.0, 63.0
390.0, 67.0
390.0, 70.0
390.5, 58.0
391.0, 63.0
391.0, 67.0
391.5, 58.0
391.75, 70.0
392.0, 63.0
392.0, 67.0
392.0, 79.0
392.5, 58.0
392.75, 79.0
393.0, 62.0
393.0, 65.0
393.0, 82.0
393.5, 58.0
394.0, 62.0
394.0, 65.0
394.0, 80.0
394.5, 58.0
395.0, 62.0
395.0, 65.0
395.0, 80.0
395.25, 82.0
395.5, 58.0
395.5, 80.0
395.75, 77.0
396.0, 63.0
396.0, 79.0
396.25, 80.0
396.5, 79.0
396.75, 75.0
397.0, 82.0
397.33334, 80.0
397.66666, 79.0
398.0, 43.0
398.0, 55.0
398.0, 77.0
398.33334, 75.0
398.66666, 73.0
399.0, 44.0
399.0, 56.0
399.0, 72.0
399.25, 73.0
399.5, 72.0
399.75, 68.0
400.0, 84.0
400.33334, 82.0
400.66666, 80.0
401.0, 58.0
401.0, 61.0
401.0, 79.0
401.33334, 77.0
401.66666, 76.0
402.0, 56.0
402.0, 60.0
402.0, 77.0
402.25, 79.0
402.5, 77.0
402.75, 72.0
403.0, 84.0
403.33334, 82.0
403.66666, 80.0
404.0, 57.0
404.0, 63.0
404.0, 79.0
404.33334, 65.0
404.33334, 77.0
404.66666, 67.0
404.66666, 75.0
405.0, 58.0
405.0, 67.0
405.0, 75.0
406.0, 65.0
406.0, 74.0
407.0, 51.0
407.0, 70.0
407.25, 72.0
407.5, 58.0
407.5, 70.0
407.75, 67.0
408.0, 53.0
408.0, 68.0
408.5, 58.0
409.0, 56.0
409.0, 65.0
409.5, 58.0
410.0, 56.0
410.0, 74.0
410.25, 75.0
410.5, 58.0
410.5, 74.0
410.75, 70.0
411.0, 55.0
411.0, 75.0
411.5, 58.0
412.0, 51.0
412.0, 79.0
412.5, 58.0
413.0, 51.0
413.0, 70.0
413.25, 72.0
413.5, 58.0
413.5, 70.0
413.75, 67.0
414.0, 53.0
414.0, 68.0
414.5, 58.0
415.0, 56.0
415.0, 65.0
415.5, 58.0
416.0, 56.0
416.0, 74.0
416.25, 75.0
416.5, 58.0
416.5, 74.0
416.75, 70.0
417.0, 55.0
417.0, 75.0
417.5, 58.0
418.0, 51.0
418.0, 79.0
419.0, 89.0
419.25, 87.0
419.5, 86.0
419.75, 84.0
420.0, 84.0
420.5, 82.0
421.0, 55.0
421.0, 63.0
421.0, 82.0
422.0, 55.0
422.0, 63.0
422.0, 84.0
422.25, 82.0
422.5, 80.0
422.75, 79.0
423.0, 79.0
423.5, 77.0
424.0, 56.0
424.0, 63.0
424.0, 77.0
425.0, 57.0
425.0, 63.0
425.0, 77.0
426.0, 58.0
426.0, 63.0
426.0, 79.0
426.125, 65.0
426.125, 80.0
426.25, 67.0
426.25, 82.0
428.0, 58.0
428.0, 67.0
428.0, 82.0
428.25, 65.0
428.25, 80.0
428.5, 63.0
428.5, 79.0
428.75, 62.0
428.75, 77.0
429.0, 63.0
429.0, 75.0
430.0, 51.0
431.0, 74.0
431.75, 75.0
432.0, 72.0
432.5, 70.0
433.0, 62.0
433.0, 65.0
433.0, 70.0
434.0, 62.0
434.0, 65.0
434.0, 70.0
pattern4
occurrence1
194.0, 63.0
194.0, 67.0
194.0, 75.0
194.5, 58.0
194.75, 75.0
195.0, 65.0
195.0, 68.0
195.0, 75.0
195.5, 58.0
196.0, 65.0
196.0, 68.0
196.0, 74.0
196.5, 58.0
197.0, 65.0
197.0, 68.0
197.0, 70.0
197.25, 72.0
197.5, 58.0
197.5, 70.0
197.75, 69.0
198.0, 63.0
198.0, 67.0
198.0, 70.0
198.5, 58.0
199.0, 63.0
199.0, 67.0
199.5, 58.0
199.75, 70.0
200.0, 63.0
200.0, 67.0
200.0, 79.0
200.5, 58.0
200.75, 79.0
201.0, 62.0
201.0, 65.0
201.0, 82.0
201.5, 58.0
202.0, 62.0
202.0, 65.0
202.0, 80.0
202.5, 58.0
203.0, 62.0
203.0, 65.0
203.0, 80.0
203.25, 82.0
203.5, 58.0
203.5, 80.0
203.75, 77.0
204.0, 63.0
204.0, 79.0
204.25, 80.0
204.5, 79.0
204.75, 75.0
205.0, 82.0
205.33333, 80.0
205.66667, 79.0
206.0, 43.0
206.0, 55.0
206.0, 77.0
206.33333, 75.0
206.66667, 73.0
207.0, 44.0
207.0, 56.0
207.0, 72.0
207.25, 73.0
207.5, 72.0
207.75, 68.0
208.0, 84.0
208.33333, 82.0
208.66667, 80.0
209.0, 58.0
209.0, 61.0
209.0, 79.0
209.33333, 77.0
209.66667, 76.0
210.0, 56.0
210.0, 60.0
210.0, 77.0
210.25, 79.0
210.5, 77.0
210.75, 72.0
211.0, 84.0
211.33333, 82.0
211.66667, 80.0
212.0, 57.0
212.0, 63.0
212.0, 79.0
212.33333, 65.0
212.33333, 77.0
212.66667, 67.0
212.66667, 75.0
213.0, 58.0
213.0, 67.0
213.0, 75.0
214.0, 65.0
214.0, 74.0
215.0, 58.0
215.0, 77.0
215.25, 79.0
215.5, 65.0
215.5, 77.0
215.75, 74.0
216.0, 60.0
216.0, 75.0
216.5, 65.0
217.0, 63.0
217.0, 72.0
217.5, 65.0
218.0, 63.0
218.0, 81.0
218.25, 82.0
218.5, 65.0
218.5, 81.0
218.75, 77.0
219.0, 62.0
219.0, 82.0
219.5, 65.0
220.0, 58.0
220.0, 86.0
220.5, 65.0
221.0, 58.0
221.0, 77.0
221.25, 79.0
221.5, 65.0
221.5, 77.0
221.75, 74.0
222.0, 60.0
222.0, 75.0
222.5, 65.0
223.0, 63.0
223.0, 72.0
223.5, 65.0
224.0, 63.0
224.0, 81.0
224.25, 82.0
224.5, 65.0
224.5, 81.0
224.75, 77.0
225.0, 62.0
225.0, 82.0
225.5, 65.0
226.0, 58.0
226.0, 86.0
227.0, 84.0
227.25, 82.0
227.5, 81.0
227.75, 79.0
228.0, 79.0
228.5, 77.0
229.0, 50.0
229.0, 58.0
229.0, 77.0
230.0, 50.0
230.0, 58.0
230.0, 79.0
230.25, 77.0
230.5, 75.0
230.75, 74.0
231.0, 74.0
231.5, 72.0
232.0, 51.0
232.0, 58.0
232.0, 72.0
233.0, 52.0
233.0, 58.0
233.0, 72.0
234.0, 53.0
234.0, 58.0
234.0, 74.0
234.125, 60.0
234.125, 75.0
234.25, 62.0
234.25, 77.0
236.0, 53.0
236.0, 62.0
236.0, 77.0
236.25, 60.0
236.25, 75.0
236.5, 58.0
236.5, 74.0
236.75, 57.0
236.75, 72.0
237.0, 58.0
237.0, 70.0
238.0, 46.0
239.0, 70.0
239.25, 72.0
239.5, 70.0
239.75, 69.0
240.0, 63.0
240.0, 67.0
240.0, 70.0
240.5, 58.0
241.0, 63.0
241.0, 67.0
241.5, 58.0
241.75, 70.0
242.0, 63.0
242.0, 67.0
242.0, 75.0
occurrence2
242.0, 63.0
242.0, 67.0
242.0, 75.0
242.5, 58.0
242.75, 75.0
243.0, 65.0
243.0, 68.0
243.0, 75.0
243.5, 58.0
244.0, 65.0
244.0, 68.0
244.0, 74.0
244.5, 58.0
245.0, 65.0
245.0, 68.0
245.0, 70.0
245.25, 72.0
245.5, 58.0
245.5, 70.0
245.75, 69.0
246.0, 63.0
246.0, 67.0
246.0, 70.0
246.5, 58.0
247.0, 63.0
247.0, 67.0
247.5, 58.0
247.75, 70.0
248.0, 63.0
248.0, 67.0
248.0, 79.0
248.5, 58.0
248.75, 79.0
249.0, 62.0
249.0, 65.0
249.0, 82.0
249.5, 58.0
250.0, 62.0
250.0, 65.0
250.0, 80.0
250.5, 58.0
251.0, 62.0
251.0, 65.0
251.0, 80.0
251.25, 82.0
251.5, 58.0
251.5, 80.0
251.75, 77.0
252.0, 63.0
252.0, 79.0
252.25, 80.0
252.5, 79.0
252.75, 75.0
253.0, 82.0
253.33333, 80.0
253.66667, 79.0
254.0, 43.0
254.0, 55.0
254.0, 77.0
254.33333, 75.0
254.66667, 73.0
255.0, 44.0
255.0, 56.0
255.0, 72.0
255.25, 73.0
255.5, 72.0
255.75, 68.0
256.0, 84.0
256.33334, 82.0
256.66666, 80.0
257.0, 58.0
257.0, 61.0
257.0, 79.0
257.33334, 77.0
257.66666, 76.0
258.0, 56.0
258.0, 60.0
258.0, 77.0
258.25, 79.0
258.5, 77.0
258.75, 72.0
259.0, 84.0
259.33334, 82.0
259.66666, 80.0
260.0, 57.0
260.0, 63.0
260.0, 79.0
260.33334, 65.0
260.33334, 77.0
260.66666, 67.0
260.66666, 75.0
261.0, 58.0
261.0, 67.0
261.0, 75.0
262.0, 65.0
262.0, 74.0
263.0, 58.0
263.0, 77.0
263.25, 79.0
263.5, 65.0
263.5, 77.0
263.75, 74.0
264.0, 60.0
264.0, 75.0
264.5, 65.0
265.0, 63.0
265.0, 72.0
265.5, 65.0
266.0, 63.0
266.0, 81.0
266.25, 82.0
266.5, 65.0
266.5, 81.0
266.75, 77.0
267.0, 62.0
267.0, 82.0
267.5, 65.0
268.0, 58.0
268.0, 86.0
268.5, 65.0
269.0, 58.0
269.0, 77.0
269.25, 79.0
269.5, 65.0
269.5, 77.0
269.75, 74.0
270.0, 60.0
270.0, 75.0
270.5, 65.0
271.0, 63.0
271.0, 72.0
271.5, 65.0
272.0, 63.0
272.0, 81.0
272.25, 82.0
272.5, 65.0
272.5, 81.0
272.75, 77.0
273.0, 62.0
273.0, 82.0
273.5, 65.0
274.0, 58.0
274.0, 86.0
275.0, 84.0
275.25, 82.0
275.5, 81.0
275.75, 79.0
276.0, 79.0
276.5, 77.0
277.0, 50.0
277.0, 58.0
277.0, 77.0
278.0, 50.0
278.0, 58.0
278.0, 79.0
278.25, 77.0
278.5, 75.0
278.75, 74.0
279.0, 74.0
279.5, 72.0
280.0, 51.0
280.0, 58.0
280.0, 72.0
281.0, 52.0
281.0, 58.0
281.0, 72.0
282.0, 53.0
282.0, 58.0
282.0, 74.0
282.125, 60.0
282.125, 75.0
282.25, 62.0
282.25, 77.0
284.0, 53.0
284.0, 62.0
284.0, 77.0
284.25, 60.0
284.25, 75.0
284.5, 58.0
284.5, 74.0
284.75, 57.0
284.75, 72.0
285.0, 58.0
285.0, 70.0
286.0, 46.0
287.0, 62.0
287.0, 70.0
287.5, 58.0
287.5, 70.0
288.0, 63.0
288.0, 71.0
288.25, 72.0
288.5, 58.0
289.0, 63.0
289.5, 58.0
290.0, 65.0
290.0, 74.0
pattern5
occurrence1
74.0, 50.0
74.0, 62.0
74.0, 70.0
74.0, 74.0
74.0, 77.0
75.0, 43.0
75.0, 55.0
75.0, 67.0
75.0, 70.0
75.0, 76.0
76.0, 45.0
76.0, 57.0
76.0, 66.0
76.0, 72.0
76.0, 75.0
77.0, 46.0
77.0, 58.0
77.0, 65.0
77.0, 70.0
77.0, 74.0
78.0, 51.0
79.0, 72.0
80.0, 52.0
80.0, 73.0
81.0, 53.0
81.0, 70.0
81.5, 69.0
82.0, 51.0
82.0, 67.0
82.5, 65.0
83.0, 50.0
83.0, 70.0
84.0, 57.0
84.0, 72.0
84.0, 75.0
85.0, 58.0
85.0, 70.0
85.0, 74.0
85.75, 69.0
85.75, 72.0
86.0, 52.0
86.0, 70.0
86.0, 74.0
86.75, 72.0
86.75, 75.0
87.0, 53.0
87.0, 70.0
87.0, 74.0
88.0, 69.0
88.0, 72.0
89.0, 62.0
89.75, 63.0
90.0, 60.0
90.5, 58.0
91.0, 58.0
91.0, 74.0
91.0, 77.0
92.0, 58.0
92.0, 74.0
92.0, 77.0
93.0, 57.0
93.0, 75.0
93.0, 77.0
95.0, 63.0
95.75, 65.0
96.0, 62.0
96.5, 60.0
97.0, 60.0
97.0, 81.0
97.0, 87.0
98.0, 60.0
98.0, 81.0
98.0, 87.0
99.0, 58.0
99.0, 82.0
99.0, 86.0
101.0, 58.0
101.0, 74.0
101.75, 60.0
101.75, 75.0
102.0, 53.0
102.0, 62.0
102.0, 77.0
102.5, 63.0
102.5, 79.0
103.0, 60.0
103.0, 75.0
103.5, 57.0
103.5, 72.0
104.0, 58.0
104.0, 74.0
104.5, 60.0
104.5, 75.0
105.0, 62.0
105.0, 77.0
105.5, 63.0
105.5, 79.0
106.0, 60.0
106.0, 75.0
106.5, 57.0
106.5, 72.0
107.0, 58.0
107.0, 74.0
107.5, 60.0
107.5, 75.0
108.0, 62.0
108.0, 77.0
108.5, 87.0
109.0, 86.0
109.5, 84.0
110.0, 82.0
110.5, 81.0
111.0, 79.0
111.5, 77.0
112.0, 76.0
112.5, 75.0
113.0, 74.0
113.5, 72.0
114.0, 77.0
114.75, 79.0
115.0, 53.0
115.0, 62.0
115.0, 65.0
115.0, 70.0
116.0, 53.0
116.0, 60.0
116.0, 63.0
116.0, 69.0
117.0, 58.0
117.0, 62.0
117.0, 70.0
118.0, 46.0
119.0, 75.0
119.0, 79.0
119.75, 74.0
119.75, 77.0
120.0, 74.0
120.0, 77.0
121.0, 70.0
122.0, 75.0
122.0, 81.0
122.75, 74.0
122.75, 82.0
123.0, 74.0
123.0, 82.0
124.0, 58.0
125.0, 55.0
125.0, 74.0
125.75, 70.0
126.0, 51.0
126.0, 67.0
126.0, 75.0
127.0, 48.0
128.0, 53.0
128.0, 63.0
128.0, 72.0
128.75, 69.0
129.0, 58.0
129.0, 62.0
129.0, 70.0
130.0, 46.0
131.0, 53.0
131.0, 65.0
131.0, 71.0
131.0, 74.0
131.0, 80.0
132.0, 52.0
132.0, 64.0
132.0, 72.0
132.0, 76.0
132.0, 79.0
133.0, 51.0
133.0, 63.0
133.0, 69.0
133.0, 72.0
133.0, 78.0
134.0, 50.0
134.0, 62.0
134.0, 70.0
134.0, 74.0
134.0, 77.0
occurrence2
134.0, 50.0
134.0, 62.0
134.0, 70.0
134.0, 74.0
134.0, 77.0
135.0, 43.0
135.0, 55.0
135.0, 67.0
135.0, 70.0
135.0, 76.0
136.0, 45.0
136.0, 57.0
136.0, 66.0
136.0, 72.0
136.0, 75.0
137.0, 46.0
137.0, 58.0
137.0, 65.0
137.0, 70.0
137.0, 74.0
138.0, 51.0
139.0, 72.0
140.0, 52.0
140.0, 73.0
141.0, 53.0
141.0, 70.0
141.5, 69.0
142.0, 51.0
142.0, 67.0
142.5, 65.0
143.0, 50.0
143.0, 70.0
144.0, 57.0
144.0, 72.0
144.0, 75.0
145.0, 58.0
145.0, 70.0
145.0, 74.0
145.75, 69.0
145.75, 72.0
146.0, 52.0
146.0, 70.0
146.0, 74.0
146.75, 72.0
146.75, 75.0
147.0, 53.0
147.0, 70.0
147.0, 74.0
148.0, 69.0
148.0, 72.0
149.0, 62.0
149.75, 63.0
150.0, 60.0
150.5, 58.0
151.0, 58.0
151.0, 74.0
151.0, 77.0
152.0, 58.0
152.0, 74.0
152.0, 77.0
153.0, 57.0
153.0, 75.0
153.0, 77.0
155.0, 63.0
155.75, 65.0
156.0, 62.0
156.5, 60.0
157.0, 60.0
157.0, 81.0
157.0, 87.0
158.0, 60.0
158.0, 81.0
158.0, 87.0
159.0, 58.0
159.0, 82.0
159.0, 86.0
161.0, 58.0
161.0, 74.0
161.75, 60.0
161.75, 75.0
162.0, 53.0
162.0, 62.0
162.0, 77.0
162.5, 63.0
162.5, 79.0
163.0, 60.0
163.0, 75.0
163.5, 57.0
163.5, 72.0
164.0, 58.0
164.0, 74.0
164.5, 60.0
164.5, 75.0
165.0, 62.0
165.0, 77.0
165.5, 63.0
165.5, 79.0
166.0, 60.0
166.0, 75.0
166.5, 57.0
166.5, 72.0
167.0, 58.0
167.0, 74.0
167.5, 60.0
167.5, 75.0
168.0, 62.0
168.0, 77.0
168.5, 87.0
169.0, 86.0
169.5, 84.0
170.0, 82.0
170.5, 81.0
171.0, 79.0
171.5, 77.0
172.0, 76.0
172.5, 75.0
173.0, 74.0
173.5, 72.0
174.0, 77.0
174.75, 79.0
175.0, 53.0
175.0, 62.0
175.0, 65.0
175.0, 70.0
176.0, 53.0
176.0, 60.0
176.0, 63.0
176.0, 69.0
177.0, 58.0
177.0, 62.0
177.0, 70.0
178.0, 46.0
179.0, 75.0
179.0, 79.0
179.75, 74.0
179.75, 77.0
180.0, 74.0
180.0, 77.0
181.0, 70.0
182.0, 75.0
182.0, 81.0
182.75, 74.0
182.75, 82.0
183.0, 74.0
183.0, 82.0
184.0, 58.0
185.0, 55.0
185.0, 74.0
185.75, 70.0
186.0, 51.0
186.0, 67.0
186.0, 75.0
187.0, 48.0
188.0, 53.0
188.0, 63.0
188.0, 72.0
188.75, 69.0
189.0, 58.0
189.0, 62.0
189.0, 70.0
190.0, 46.0
191.0, 70.0
191.25, 72.0
191.5, 70.0
191.75, 69.0
192.0, 63.0
192.0, 67.0
192.0, 70.0
192.5, 58.0
193.0, 63.0
193.0, 67.0
193.5, 58.0
193.75, 70.0
194.0, 63.0
194.0, 67.0
194.0, 75.0
