(1 53 56 3/2 4)
(1 69 65 3/2 1)
(5/2 53 56 1/2 4)
(5/2 69 65 1/2 1)
(3 48 53 1 3)
(3 52 55 1 4)
(3 60 60 3/2 2)
(3 67 64 1 1)
(4 50 54 3 4)
(4 53 56 3/2 3)
(4 65 63 1 1)
(9/2 60 60 1/2 2)
(5 58 59 1 2)
(5 62 61 1/2 1)
(5 77 70 3/2 0)
(11/2 55 57 1/2 3)
(11/2 64 62 1/2 1)
(6 57 58 1/2 3)
(6 57 58 1 2)
(6 65 63 1/2 1)
(13/2 58 59 1/2 3)
(13/2 67 64 1/2 1)
(13/2 77 70 1/2 0)
(7 48 53 1 4)
(7 57 58 1 2)
(7 60 60 1 3)
(7 69 65 1 1)
(7 76 69 1 0)
(8 46 52 1/2 4)
(8 58 59 3/2 2)
(8 62 61 3/2 1)
(8 62 61 2 3)
(8 74 68 3 0)
(17/2 46 52 1/2 4)
(9 58 59 2 4)
(19/2 60 60 1/2 2)
(19/2 64 62 1/2 1)
(10 62 61 1/2 2)
(10 65 63 1/2 1)
(21/2 64 62 1/2 2)
(21/2 67 64 1/2 1)
(11 57 58 1 4)
(11 65 63 1/2 2)
(11 69 65 1/2 1)
(11 72 67 1 0)
(23/2 60 60 1/2 2)
(23/2 65 63 1/2 1)
(12 55 57 1 3)
(12 55 57 4 4)
(12 63 62 1 2)
(12 67 64 3 1)
(12 71 66 1 0)
(13 60 60 2 3)
(13 63 62 1 2)
(13 72 67 1 0)
(14 62 61 2 2)
(14 74 68 3/2 0)
(15 59 59 1 3)
(15 67 64 1 1)
(31/2 72 67 1/2 0)
(16 48 53 1 4)
(16 60 60 1 3)
(16 64 62 1 1)
(16 67 64 1 2)
(16 72 67 2 0)
(17 53 56 2 4)
(17 57 58 1 3)
(17 60 60 1 2)
(17 65 63 1 1)
(18 58 59 1 3)
(18 62 61 1 2)
(18 67 64 3/2 1)
(19 52 55 1 4)
(19 60 60 1 3)
(19 60 60 2 2)
(19 79 71 1 0)
(39/2 67 64 1/2 1)
(20 53 56 1 4)
(20 57 58 1 3)
(20 69 65 1 1)
(20 72 67 1 0)
(21 50 54 1 4)
(21 62 61 1/2 2)
(21 62 61 1 3)
(21 65 63 1 1)
(21 77 70 1 0)
(43/2 65 63 1/2 2)
(22 51 55 1 4)
(22 55 57 1/2 3)
(22 63 62 1 2)
(22 67 64 3/2 1)
(22 70 66 1 0)
(45/2 55 57 1/2 3)
(23 46 52 1 4)
(23 58 59 2 3)
(23 62 61 1 2)
(23 74 68 1 0)
(47/2 65 63 1/2 1)
(24 48 53 3 4)
(24 60 60 2 2)
(24 64 62 1 1)
(24 67 64 1 0)
(25 57 58 1 3)
(25 65 63 2 1)
(25 69 65 1/2 0)
(51/2 70 66 1/2 0)
(26 55 57 2 3)
(26 60 60 2 2)
(26 72 67 3/2 0)
(27 48 53 1 4)
(27 64 62 1 1)
(55/2 70 66 1/2 0)
(28 41 49 1 4)
(28 53 56 2 3)
(28 60 60 2 2)
(28 65 63 1 1)
(28 69 65 2 0)
