(287 70)
(575/2 70)
(288 71)
(1153/4 72)
(289 63)
(579/2 58)
(290 74)
(581/2 74)
(291 74)
(1165/4 75)
(292 67)
(585/2 58)
(293 77)
(587/2 77)
(294 78)
(1177/4 79)
(295 63)
(591/2 58)
(296 81)
(593/2 81)
(297 81)
(1189/4 82)
(298 65)
(597/2 62)
(299 70)
(599/2 70)
(300 75)
(601/2 77)
(301 78)
(603/2 77)
(302 75)
(605/2 74)
(303 75)
(607/2 77)
(304 78)
(609/2 79)
(305 80)
(611/2 81)
(306 82)
(308 58)
(1233/4 59)
(617/2 58)
(1235/4 57)
(309 58)
(311 70)
(1245/4 72)
(623/2 70)
(1247/4 69)
(312 70)
(313 67)
(1255/4 70)
(314 75)
(1259/4 75)
(315 75)
(316 74)
(317 70)
(1269/4 72)
(635/2 70)
(1271/4 69)
(318 70)
(319 67)
(1279/4 70)
(320 79)
(1283/4 79)
(321 82)
(322 80)
(323 80)
(1293/4 82)
(647/2 80)
(1295/4 77)
(324 79)
(1297/4 80)
(649/2 79)
(1299/4 75)
(325 82)
(976/3 80)
(977/3 79)
(326 77)
(979/3 75)
(980/3 73)
(327 72)
(1309/4 73)
(655/2 72)
(1311/4 68)
(328 84)
(985/3 82)
(986/3 80)
(329 79)
(988/3 77)
(989/3 76)
(330 77)
(1321/4 79)
(661/2 77)
(1323/4 72)
(331 84)
(994/3 82)
(995/3 80)
(332 79)
(997/3 77)
(998/3 75)
(333 75)
(334 74)
(335 70)
(1341/4 72)
(671/2 70)
(1343/4 67)
(336 68)
(337 65)
(338 74)
(1353/4 75)
(677/2 74)
(1355/4 70)
(339 75)
(340 79)
(341 70)
(1365/4 72)
(683/2 70)
(1367/4 67)
(342 68)
(343 65)
(344 74)
(1377/4 75)
(689/2 74)
(1379/4 70)
(345 75)
(346 79)
(347 89)
(1389/4 87)
(695/2 86)
(1391/4 84)
(348 84)
(697/2 82)
(349 82)
(350 84)
(1401/4 82)
(701/2 80)
(1403/4 79)
(351 79)
(703/2 77)
(352 77)
(353 77)
(354 79)
(2833/8 80)
(1417/4 82)
(356 82)
(1425/4 80)
(713/2 79)
(1427/4 77)
(357 75)
(358 51)
