(0.65 60 60)
(0.65 68 65)
(0.94 61 60)
(0.94 70 66)
(0.94 73 67)
(1.26 46 52)
(1.26 58 59)
(1.26 67 64)
(1.58 48 53)
(1.58 53 56)
(1.88 72 67)
(1.89 60 60)
(1.89 68 65)
(1.9 48 53)
(2.19 45 51)
(2.19 65 63)
(2.51 44 51)
(2.51 48 53)
(2.51 53 56)
(2.51 60 60)
(2.51 72 67)
(2.82 46 52)
(2.82 55 57)
(2.82 64 62)
(2.83 48 53)
(3.13 44 51)
(3.13 53 56)
(3.13 60 60)
(3.13 65 63)
(3.13 72 67)
(3.14 48 53)
(3.45 52 55)
(3.45 55 57)
(3.45 60 60)
(3.45 67 64)
(3.76 70 66)
(3.76 72 67)
(3.77 53 56)
(4.09 48 53)
(4.09 68 65)
(4.38 48 53)
(4.38 63 62)
(4.38 72 67)
(4.69 65 63)
(4.69 73 67)
(5.01 61 60)
(5.01 70 66)
(5.33 44 51)
(5.33 45 51)
(5.33 68 65)
(5.63 63 62)
(5.63 66 63)
(5.63 72 67)
(5.96 60 60)
(5.96 68 65)
(6.26 60 60)
(6.26 63 62)
(6.26 68 65)
(6.57 46 52)
(6.57 58 59)
(6.57 61 60)
(6.57 63 62)
(6.57 67 64)
(6.57 70 66)
(6.89 48 53)
(6.89 60 60)
(6.89 63 62)
(6.89 68 65)
(6.89 72 67)
(7.2 46 52)
(7.2 55 57)
(7.2 58 59)
(7.2 63 62)
(7.2 70 66)
(7.51 60 60)
(7.51 63 62)
(7.51 72 67)
(7.82 72 67)
(8.14 60 60)
(8.14 63 62)
(8.14 66 63)
(8.14 68 65)
(8.14 72 67)
(8.14 75 69)
(8.45 46 52)
(8.45 58 59)
(8.45 61 60)
(8.45 67 64)
(8.45 75 69)
(8.76 68 65)
(8.76 72 67)
(8.76 75 69)
(9.07 46 52)
(9.07 55 57)
(9.07 58 59)
(9.07 70 66)
(9.07 82 73)
(9.38 73 67)
(9.69 72 67)
(10.01 49 53)
(10.01 58 59)
(10.01 77 70)
(10.33 51 55)
(10.33 60 60)
(10.33 68 65)
(10.95 51 55)
(10.95 61 60)
(10.95 67 64)
(10.95 70 66)
(11.27 68 65)
(11.88 79 71)
(11.88 80 72)
(12.05 77 70)
(12.05 81 72)
(12.2 51 55)
(12.2 68 65)
(12.2 72 67)
(12.21 60 60)
(12.82 51 55)
(12.82 61 60)
(12.82 67 64)
(12.82 70 66)
(13.14 60 60)
(13.15 68 65)
(13.76 72 67)
(13.77 60 60)
(13.77 68 65)
(14.07 61 60)
(14.07 70 66)
(14.07 73 67)
(14.38 46 52)
(14.38 58 59)
(14.38 67 64)
(14.7 48 53)
(14.7 53 56)
(15.0 72 67)
(15.02 60 60)
(15.02 68 65)
(15.03 48 53)
(15.32 45 51)
(15.32 65 63)
(15.63 44 51)
(15.63 48 53)
(15.63 53 56)
(15.63 60 60)
(15.63 72 67)
(15.95 46 52)
(15.95 48 53)
(15.95 55 57)
(15.95 64 62)
(16.26 44 51)
(16.26 48 53)
(16.26 53 56)
(16.26 60 60)
(16.26 65 63)
(16.26 72 67)
(16.57 52 55)
(16.57 55 57)
(16.57 60 60)
(16.57 67 64)
(16.89 53 56)
(16.89 70 66)
(16.89 72 67)
(17.21 48 53)
(17.21 68 65)
(17.51 48 53)
(17.51 63 62)
(17.51 72 67)
(17.82 65 63)
(17.82 73 67)
(18.13 61 60)
(18.13 70 66)
(18.45 44 51)
(18.45 45 51)
(18.45 68 65)
(18.76 63 62)
(18.76 66 63)
(18.76 72 67)
(19.08 60 60)
(19.09 68 65)
(19.39 60 60)
(19.39 63 62)
(19.39 68 65)
(19.39 72 67)
(19.7 46 52)
(19.7 58 59)
(19.7 61 60)
(19.7 63 62)
(19.7 67 64)
(19.7 70 66)
(20.01 60 60)
(20.01 63 62)
(20.01 68 65)
(20.01 72 67)
(20.02 48 53)
(20.32 46 52)
(20.32 48 53)
(20.32 55 57)
(20.32 58 59)
(20.32 63 62)
(20.32 70 66)
(20.63 72 67)
(20.64 60 60)
(20.64 63 62)
(20.94 72 67)
(21.26 63 62)
(21.26 72 67)
(21.26 75 69)
(21.27 48 53)
(21.27 60 60)
(21.27 68 65)
(21.57 46 52)
(21.57 58 59)
(21.57 61 60)
(21.57 67 64)
(21.57 75 69)
(21.89 60 60)
(21.89 68 65)
(21.89 72 67)
(21.89 75 69)
(22.2 46 52)
(22.2 55 57)
(22.2 58 59)
(22.2 70 66)
(22.2 82 73)
(22.51 73 67)
(22.82 72 67)
(23.14 49 53)
(23.14 58 59)
(23.14 77 70)
(23.45 51 55)
(23.45 60 60)
(23.46 68 65)
(24.07 51 55)
(24.07 61 60)
(24.07 67 64)
(24.07 70 66)
(24.39 60 60)
(24.4 68 65)
(25.0 79 71)
(25.17 77 70)
(25.17 81 72)
(25.33 51 55)
(25.33 68 65)
(25.34 60 60)
(25.95 51 55)
(25.95 61 60)
(25.95 67 64)
(25.95 70 66)
(26.27 68 65)
(26.88 49 53)
(26.88 72 67)
(26.88 75 69)
(27.19 73 67)
(27.19 76 69)
(27.19 80 72)
(27.51 46 52)
(27.51 55 57)
(27.51 70 66)
(27.51 73 67)
(27.82 34 45)
(27.82 46 52)
(27.82 61 60)
(28.13 72 67)
(28.13 75 69)
(28.45 60 60)
(28.45 68 65)
(28.45 72 67)
(28.76 60 60)
(28.76 63 62)
(28.76 67 64)
(28.76 72 67)
(29.07 46 52)
(29.07 51 55)
(29.07 54 56)
(29.07 75 69)
(29.07 78 70)
(29.38 57 58)
(29.38 72 67)
(29.38 79 71)
(29.7 60 60)
(29.7 63 62)
(29.7 66 63)
(29.7 72 67)
(30.01 73 67)
(30.01 77 70)
(30.32 46 52)
(30.32 58 59)
(30.32 61 60)
(30.32 70 66)
(30.32 73 67)
(30.63 46 52)
(30.63 61 60)
(30.63 65 63)
(30.94 34 45)
(30.94 46 52)
(30.94 53 56)
(30.94 65 63)
(30.94 70 66)
(31.57 45 51)
(31.57 63 62)
(31.57 69 65)
(31.57 72 67)
(31.88 34 45)
(31.88 46 52)
(31.88 61 60)
(31.88 70 66)
(32.51 46 52)
(32.51 51 55)
(32.51 78 70)
(32.67 77 70)
(32.67 81 72)
(32.82 34 45)
(32.82 41 49)
(32.82 46 52)
(32.82 53 56)
(32.82 61 60)
(32.82 65 63)
(32.82 70 66)
(32.82 73 67)
(33.44 45 51)
(33.44 63 62)
(33.44 69 65)
(33.44 72 67)
(33.45 53 56)
(33.76 34 45)
(33.76 46 52)
(33.76 61 60)
(33.76 70 66)
(34.38 41 49)
(34.38 45 51)
(34.38 53 56)
(34.38 63 62)
(34.38 69 65)
(34.38 73 67)
(34.54 72 67)
(34.69 61 60)
(34.69 70 66)
(34.7 34 45)
(34.7 46 52)
(34.7 58 59)
(35.32 41 49)
(35.32 45 51)
(35.32 53 56)
(35.32 63 62)
(35.32 69 65)
(35.32 73 67)
(35.47 72 67)
(35.63 46 52)
(35.63 58 59)
(35.63 61 60)
(35.63 70 66)
(36.26 61 60)
(36.26 73 67)
(36.41 60 60)
(36.41 72 67)
(36.41 79 71)
(36.57 46 52)
(36.57 58 59)
(36.57 70 66)
(36.73 60 60)
(36.73 72 67)
(36.73 79 71)
(36.88 61 60)
(36.88 73 67)
(37.04 60 60)
(37.04 72 67)
(37.04 79 71)
(37.19 46 52)
(37.19 58 59)
(37.19 70 66)
(37.35 60 60)
(37.35 72 67)
(37.35 79 71)
(37.51 46 52)
(37.51 58 59)
(37.51 70 66)
(37.67 68 65)
(37.67 80 72)
(37.82 55 57)
(37.82 64 62)
(37.82 67 64)
(37.99 55 57)
(37.99 68 65)
(38.13 55 57)
(38.13 64 62)
(38.13 67 64)
(38.29 53 56)
(38.29 65 63)
(38.46 52 55)
(38.46 64 62)
(38.6 53 56)
(38.6 65 63)
(38.76 55 57)
(38.76 64 62)
(38.76 67 64)
(38.91 51 55)
(38.91 65 63)
(38.92 53 56)
(39.08 68 65)
(39.22 47 52)
(39.22 59 59)
(39.38 48 53)
(39.38 60 60)
(39.69 72 67)
(39.7 60 60)
(40.02 60 60)
(40.02 68 65)
(40.32 61 60)
(40.32 70 66)
(40.32 73 67)
(40.63 46 52)
(40.63 58 59)
(40.64 67 64)
(40.94 46 52)
(40.94 76 69)
(41.26 51 55)
(41.26 60 60)
(41.26 68 65)
(41.26 72 67)
(41.26 77 70)
(41.26 80 72)
(41.57 56 58)
(41.57 65 63)
(41.57 80 72)
(41.88 64 62)
(41.88 84 74)
(42.19 85 74)
(42.2 52 55)
(42.2 55 57)
(42.5 46 52)
(42.5 58 59)
(42.5 70 66)
(42.5 82 73)
(42.51 55 57)
(42.82 46 52)
(42.82 48 53)
(42.82 55 57)
(42.82 82 73)
(43.13 53 56)
(43.13 56 58)
(43.13 84 74)
(43.44 72 67)
(43.44 80 72)
(43.45 60 60)
(43.76 51 55)
(43.76 60 60)
(43.76 65 63)
(43.76 80 72)
(44.07 46 52)
(44.07 55 57)
(44.07 58 59)
(44.07 64 62)
(44.07 82 73)
(44.38 79 71)
(44.39 46 52)
(44.39 61 60)
(44.39 64 62)
(44.69 79 71)
(44.7 46 52)
(44.7 58 59)
(44.7 61 60)
(44.7 64 62)
(45.01 62 61)
(45.01 80 72)
(45.33 68 65)
(45.33 77 70)
(45.33 80 72)
(45.64 48 53)
(45.64 62 61)
(45.95 72 67)
(45.95 77 70)
(45.96 68 65)
(46.36 80 72)
(46.57 60 60)
(46.57 70 66)
(46.57 72 67)
(46.57 76 69)
(46.57 79 71)
(46.89 68 65)
(46.89 77 70)
(46.9 80 72)
(47.51 48 53)
(47.51 51 55)
(47.51 75 69)
(47.66 73 67)
(47.82 48 53)
(47.82 65 63)
(47.83 68 65)
(48.45 48 53)
(48.45 58 59)
(48.45 64 62)
(48.45 67 64)
(48.75 53 56)
(48.75 65 63)
(49.7 36 46)
(49.7 48 53)
(49.7 52 55)
(50.63 41 49)
(50.63 53 56)
(51.26 49 53)
(51.26 72 67)
(51.26 75 69)
(51.57 73 67)
(51.57 76 69)
(51.88 46 52)
(51.88 55 57)
(51.88 58 59)
(51.88 70 66)
(51.88 73 67)
(52.19 46 52)
(52.19 61 60)
(52.51 72 67)
(52.51 75 69)
(52.82 68 65)
(52.83 60 60)
(53.14 60 60)
(53.14 63 62)
(53.14 67 64)
(53.14 72 67)
(53.45 46 52)
(53.45 49 53)
(53.45 75 69)
(53.45 78 70)
(53.76 45 51)
(53.76 48 53)
(53.76 57 58)
(53.76 72 67)
(53.76 79 71)
(54.07 63 62)
(54.07 66 63)
(54.07 72 67)
(54.08 48 53)
(54.08 60 60)
(54.38 73 67)
(54.38 77 70)
(54.38 78 70)
(54.69 46 52)
(54.69 58 59)
(54.69 61 60)
(54.69 70 66)
(54.69 73 67)
(55.01 46 52)
(55.01 61 60)
(55.01 65 63)
(55.32 34 45)
(55.32 46 52)
(55.32 53 56)
(55.32 65 63)
(55.32 70 66)
(55.94 45 51)
(55.94 69 65)
(55.94 72 67)
(55.95 63 62)
(56.26 46 52)
(56.26 58 59)
(56.26 61 60)
(56.26 70 66)
(56.89 46 52)
(56.89 78 70)
(57.05 77 70)
(57.05 81 72)
(57.19 34 45)
(57.19 53 56)
(57.19 61 60)
(57.19 65 63)
(57.19 70 66)
(57.82 45 51)
(57.82 53 56)
(57.82 63 62)
(57.82 69 65)
(57.82 72 67)
(58.13 46 52)
(58.13 58 59)
(58.13 61 60)
(58.13 70 66)
(58.76 45 51)
(58.76 53 56)
(58.76 69 65)
(58.76 73 67)
(58.91 72 67)
(59.07 46 52)
(59.07 58 59)
(59.07 61 60)
(59.07 70 66)
(59.69 45 51)
(59.69 53 56)
(59.69 69 65)
(59.69 73 67)
(59.85 72 67)
(60.01 46 52)
(60.01 58 59)
(60.01 61 60)
(60.01 70 66)
(60.63 61 60)
(60.63 73 67)
(60.79 60 60)
(60.79 72 67)
(60.79 79 71)
(60.94 46 52)
(60.94 58 59)
(60.94 70 66)
(61.1 48 53)
(61.1 60 60)
(61.1 72 67)
(61.1 79 71)
(61.26 61 60)
(61.26 73 67)
(61.41 60 60)
(61.41 72 67)
(61.41 79 71)
(61.57 46 52)
(61.57 58 59)
(61.57 70 66)
(61.73 60 60)
(61.73 72 67)
(61.73 79 71)
(61.88 46 52)
(61.88 58 59)
(61.88 70 66)
(62.05 68 65)
(62.2 55 57)
(62.2 67 64)
(62.36 68 65)
(62.51 55 57)
(62.51 67 64)
(62.66 53 56)
(62.66 65 63)
(62.83 52 55)
(62.83 64 62)
(62.98 53 56)
(62.98 65 63)
(63.13 55 57)
(63.13 67 64)
(63.29 53 56)
(63.29 65 63)
(63.45 45 51)
(63.45 68 65)
(63.59 47 52)
(63.59 59 59)
(63.75 48 53)
(63.75 60 60)
(64.07 60 60)
(64.07 72 67)
(64.39 51 55)
(64.39 68 65)
(64.4 60 60)
(64.69 61 60)
(64.69 70 66)
(64.69 73 67)
(65.01 46 52)
(65.01 58 59)
(65.01 67 64)
(65.32 46 52)
(65.32 76 69)
(65.64 60 60)
(65.64 68 65)
(65.64 72 67)
(65.64 77 70)
(65.65 48 53)
(65.95 65 63)
(65.95 80 72)
(66.25 84 74)
(66.57 52 55)
(66.57 55 57)
(66.88 46 52)
(66.88 48 53)
(66.88 55 57)
(66.88 58 59)
(66.88 82 73)
(67.19 46 52)
(67.19 55 57)
(67.19 82 73)
(67.5 84 74)
(67.51 53 56)
(67.82 60 60)
(67.82 68 65)
(67.82 72 67)
(67.82 80 72)
(68.13 45 51)
(68.13 60 60)
(68.13 65 63)
(68.13 80 72)
(68.45 46 52)
(68.45 48 53)
(68.45 55 57)
(68.45 58 59)
(68.45 64 62)
(68.45 82 73)
(68.75 76 69)
(68.75 79 71)
(68.76 46 52)
(68.76 61 60)
(68.76 64 62)
(69.07 79 71)
(69.08 46 52)
(69.08 58 59)
(69.08 64 62)
(69.38 62 61)
(69.38 80 72)
(69.7 68 65)
(69.7 74 68)
(69.7 77 70)
(70.01 48 53)
(70.01 62 61)
(70.01 68 65)
(70.32 72 67)
(70.32 74 68)
(70.33 48 53)
(70.33 60 60)
(70.33 68 65)
(70.33 77 70)
(70.33 78 70)
(70.94 48 53)
(70.94 60 60)
(70.94 70 66)
(70.94 72 67)
(70.94 76 69)
(70.94 79 71)
(71.27 65 63)
(71.27 68 65)
(71.27 77 70)
(71.89 48 53)
(71.89 75 69)
(72.03 73 67)
(72.2 48 53)
(72.2 65 63)
(72.2 68 65)
(72.83 48 53)
(72.83 58 59)
(72.83 64 62)
(72.83 67 64)
(73.13 44 51)
(73.13 53 56)
(73.13 65 63)
(74.07 36 46)
(74.07 48 53)
(74.07 52 55)
(74.07 55 57)
(74.07 64 62)
(75.01 41 49)
(75.01 53 56)
(75.63 60 60)
(75.63 79 71)
(75.94 53 56)
(75.94 69 65)
(76.1 67 64)
(76.26 57 58)
(76.26 69 65)
(76.41 65 63)
(76.41 77 70)
(76.57 60 60)
(76.57 67 64)
(76.73 69 65)
(76.73 81 72)
(76.89 62 61)
(76.89 70 66)
(76.89 74 68)
(77.04 69 65)
(77.04 74 68)
(77.2 55 57)
(77.2 70 66)
(77.35 67 64)
(77.51 45 51)
(77.51 53 56)
(77.51 69 65)
(77.51 81 72)
(77.66 71 66)
(77.82 52 55)
(77.82 64 62)
(77.82 72 67)
(77.97 71 66)
(78.13 48 53)
(78.13 55 57)
(78.13 72 67)
(78.29 74 68)
(78.44 60 60)
(78.44 72 67)
(78.44 79 71)
(78.6 70 66)
(78.76 41 49)
(78.76 53 56)
(78.76 69 65)
(78.91 67 64)
(79.07 57 58)
(79.07 69 65)
(79.22 82 73)
(79.23 70 66)
(79.38 60 60)
(79.38 69 65)
(79.54 65 63)
(79.54 69 65)
(79.54 77 70)
(79.69 81 72)
(79.7 45 51)
(79.7 69 65)
(79.87 69 65)
(80.01 45 51)
(80.01 72 67)
(80.16 41 49)
(80.33 43 50)
(80.33 48 53)
(80.33 77 70)
(80.33 81 72)
(80.51 45 51)
(80.64 46 52)
(80.64 67 64)
(80.82 45 51)
(80.94 74 68)
(80.95 46 52)
(81.1 43 50)
(81.26 81 72)
(81.27 77 70)
(81.27 78 70)
(81.28 45 51)
(81.28 50 54)
(81.4 51 55)
(81.41 47 52)
(81.41 48 53)
(81.57 48 53)
(81.57 67 64)
(81.72 47 52)
(81.89 48 53)
(81.89 77 70)
(82.07 45 51)
(82.19 74 68)
(82.19 76 69)
(82.19 81 72)
(82.35 49 53)
(82.51 50 54)
(82.51 65 63)
(82.69 45 51)
(82.82 47 52)
(82.82 74 68)
(82.98 43 50)
(83.13 72 67)
(83.14 48 53)
(83.14 64 62)
(83.3 42 49)
(83.46 43 50)
(83.6 67 64)
(83.77 64 62)
(83.91 60 60)
(83.91 79 71)
(84.07 41 49)
(84.07 45 51)
(84.07 48 53)
(84.23 62 61)
(84.38 36 46)
(84.39 48 53)
(84.39 60 60)
(84.69 48 53)
(84.69 67 64)
(85.0 72 67)
(85.0 79 71)
(85.01 48 53)
(85.01 60 60)
(85.32 53 56)
(85.32 69 65)
(85.48 67 64)
(85.63 57 58)
(85.63 69 65)
(85.79 65 63)
(85.79 77 70)
(85.95 60 60)
(85.95 67 64)
(86.1 69 65)
(86.1 81 72)
(86.26 62 61)
(86.26 70 66)
(86.26 74 68)
(86.41 74 68)
(86.42 69 65)
(86.57 55 57)
(86.57 70 66)
(86.73 67 64)
(86.88 45 51)
(86.88 53 56)
(86.88 69 65)
(86.88 81 72)
(87.03 71 66)
(87.2 46 52)
(87.2 52 55)
(87.2 64 62)
(87.2 72 67)
(87.35 71 66)
(87.51 48 53)
(87.51 55 57)
(87.51 72 67)
(87.66 74 68)
(87.82 60 60)
(87.82 72 67)
(87.82 79 71)
(87.98 70 66)
(88.13 41 49)
(88.13 53 56)
(88.13 69 65)
(88.29 67 64)
(88.44 57 58)
(88.44 69 65)
(88.6 70 66)
(88.76 60 60)
(88.76 69 65)
(88.91 69 65)
(88.91 77 70)
(88.92 65 63)
(89.07 45 51)
(89.07 69 65)
(89.07 81 72)
(89.24 45 51)
(89.24 69 65)
(89.38 72 67)
(89.39 45 51)
(89.53 41 49)
(89.7 43 50)
(89.7 48 53)
(89.7 55 57)
(89.7 77 70)
(89.7 81 72)
(89.88 45 51)
(90.01 46 52)
(90.01 67 64)
(90.2 45 51)
(90.32 46 52)
(90.32 74 68)
(90.48 43 50)
(90.64 81 72)
(90.65 77 70)
(90.65 78 70)
(90.66 45 51)
(90.66 50 54)
(90.78 47 52)
(90.78 48 53)
(90.78 51 55)
(90.94 48 53)
(90.94 67 64)
(91.26 48 53)
(91.26 77 70)
(91.44 45 51)
(91.57 47 52)
(91.57 74 68)
(91.57 76 69)
(91.57 81 72)
(91.73 49 53)
(91.88 50 54)
(91.88 65 63)
(92.07 45 51)
(92.19 47 52)
(92.19 51 55)
(92.19 74 68)
(92.35 43 50)
(92.51 48 53)
(92.51 64 62)
(92.51 72 67)
(92.67 42 49)
(92.97 67 64)
(93.15 64 62)
(93.29 60 60)
(93.29 79 71)
(93.44 41 49)
(93.44 45 51)
(93.44 48 53)
(93.61 62 61)
(93.76 36 46)
(93.76 60 60)
(93.77 48 53)
(94.07 48 53)
(94.38 48 53)
(94.38 60 60)
(94.38 79 71)
(94.7 48 53)
(94.7 64 62)
(94.85 62 61)
(95.03 48 53)
(95.03 64 62)
(95.03 76 69)
(95.16 60 60)
(95.16 79 71)
(95.32 74 68)
(95.33 62 61)
(95.49 64 62)
(95.49 76 69)
(95.63 59 59)
(95.63 65 63)
(95.81 48 53)
(95.81 64 62)
(95.81 76 69)
(95.95 48 53)
(95.95 65 63)
(96.11 62 61)
(96.27 76 69)
(96.28 64 62)
(96.41 65 63)
(96.57 46 52)
(96.57 67 64)
(96.57 70 66)
(96.74 66 63)
(96.88 67 64)
(97.06 46 52)
(97.06 64 62)
(97.06 76 69)
(97.19 65 63)
(97.35 67 64)
(97.51 57 58)
(97.51 69 65)
(97.66 65 63)
(97.66 77 70)
(97.82 69 65)
(97.98 72 67)
(98.14 77 70)
(98.29 45 51)
(98.29 81 72)
(98.45 64 62)
(98.45 72 67)
(98.45 76 69)
(98.61 62 61)
(98.78 64 62)
(98.78 76 69)
(98.91 60 60)
(98.91 72 67)
(99.08 62 61)
(99.24 64 62)
(99.24 76 69)
(99.38 65 63)
(99.38 71 66)
(99.38 77 70)
(99.38 84 74)
(99.56 64 62)
(99.56 76 69)
(99.7 65 63)
(99.7 77 70)
(99.86 62 61)
(100.02 76 69)
(100.03 64 62)
(100.16 65 63)
(100.16 77 70)
(100.32 67 64)
(100.32 70 66)
(100.32 82 73)
(100.48 65 63)
(100.63 67 64)
(100.8 64 62)
(100.94 65 63)
(100.94 69 65)
(100.94 77 70)
(101.1 67 64)
(101.1 70 66)
(101.26 69 65)
(101.26 72 67)
(101.42 67 64)
(101.42 70 66)
(101.57 69 65)
(101.57 72 67)
(101.73 65 63)
(101.73 69 65)
(101.73 77 70)
(101.88 70 66)
(101.89 67 64)
(102.04 69 65)
(102.04 72 67)
(102.19 70 66)
(102.19 74 68)
(102.35 69 65)
(102.35 72 67)
(102.51 70 66)
(102.51 74 68)
(102.66 71 66)
(102.66 76 69)
(102.67 67 64)
(102.82 69 65)
(102.82 72 67)
(102.82 77 70)
(102.97 74 68)
(102.98 70 66)
(102.98 79 71)
(103.13 72 67)
(103.13 76 69)
(103.13 81 72)
(103.29 70 66)
(103.29 74 68)
(103.29 79 71)
(103.44 72 67)
(103.44 76 69)
(103.44 81 72)
(103.61 69 65)
(103.61 72 67)
(103.61 77 70)
(103.75 74 68)
(103.76 70 66)
(103.76 79 71)
(103.91 72 67)
(103.91 76 69)
(103.91 81 72)
(104.07 74 68)
(104.07 77 70)
(104.07 82 73)
(104.22 84 74)
(104.23 72 67)
(104.23 76 69)
(104.23 81 72)
(104.38 70 66)
(104.38 74 68)
(104.38 79 71)
(104.54 72 67)
(104.54 76 69)
(104.54 81 72)
(104.69 70 66)
(104.69 74 68)
(104.69 79 71)
(104.86 69 65)
(104.86 72 67)
(104.86 77 70)
(105.01 67 64)
(105.01 70 66)
(105.01 76 69)
(105.17 69 65)
(105.17 72 67)
(105.17 77 70)
(105.32 67 64)
(105.32 70 66)
(105.32 74 68)
(105.32 76 69)
(105.48 65 63)
(105.48 69 65)
(105.48 74 68)
(105.64 64 62)
(105.64 72 67)
(105.79 65 63)
(105.79 69 65)
(105.79 74 68)
(105.79 77 70)
(105.95 64 62)
(105.95 67 64)
(105.95 72 67)
(106.88 62 61)
(106.88 65 63)
(106.88 71 66)
(107.82 60 60)
(107.82 64 62)
(107.82 70 66)
(107.82 72 67)
(108.76 53 56)
(108.76 69 65)
(108.91 67 64)
(109.07 57 58)
(109.07 69 65)
(109.22 65 63)
(109.22 77 70)
(109.38 60 60)
(109.38 67 64)
(109.54 69 65)
(109.54 81 72)
(109.7 62 61)
(109.7 70 66)
(109.85 69 65)
(110.01 55 57)
(110.01 70 66)
(110.16 67 64)
(110.32 53 56)
(110.32 69 65)
(110.32 81 72)
(110.47 71 66)
(110.63 52 55)
(110.63 72 67)
(110.63 76 69)
(110.79 71 66)
(110.94 55 57)
(110.94 72 67)
(111.1 74 68)
(111.25 60 60)
(111.25 72 67)
(111.41 70 66)
(111.57 53 56)
(111.57 69 65)
(111.73 67 64)
(111.88 57 58)
(111.88 69 65)
(112.04 70 66)
(112.04 82 73)
(112.2 45 51)
(112.2 60 60)
(112.2 69 65)
(112.35 65 63)
(112.35 77 70)
(112.51 45 51)
(112.51 69 65)
(112.82 45 51)
(112.82 72 67)
(112.97 41 49)
(113.14 43 50)
(113.14 55 57)
(113.14 77 70)
(113.14 81 72)
(113.32 45 51)
(113.44 46 52)
(113.44 74 68)
(113.63 45 51)
(113.63 57 58)
(113.76 46 52)
(113.76 67 64)
(113.91 43 50)
(114.07 65 63)
(114.08 45 51)
(114.22 47 52)
(114.39 48 53)
(114.39 64 62)
(114.39 76 69)
(114.69 48 53)
(114.69 60 60)
(114.69 67 64)
(114.85 46 52)
(115.01 72 67)
(115.02 45 51)
(115.17 43 50)
(115.31 41 49)
(115.31 65 63)
(115.64 41 49)
(115.64 53 56)
(115.94 60 60)
(115.94 72 67)
(116.26 45 51)
(116.26 48 53)
(116.26 60 60)
(116.26 64 62)
(116.42 62 61)
(116.59 45 51)
(116.59 64 62)
(116.59 76 69)
(116.72 45 51)
(116.72 60 60)
(116.89 62 61)
(117.05 45 51)
(117.05 64 62)
(117.05 76 69)
(117.19 59 59)
(117.19 65 63)
(117.37 64 62)
(117.37 76 69)
(117.51 65 63)
(117.67 62 61)
(117.84 45 51)
(117.84 64 62)
(117.84 76 69)
(117.98 65 63)
(118.13 46 52)
(118.13 67 64)
(118.13 70 66)
(118.3 66 63)
(118.44 67 64)
(118.62 64 62)
(118.62 76 69)
(118.76 46 52)
(118.76 65 63)
(118.92 67 64)
(119.07 57 58)
(119.07 69 65)
(119.22 65 63)
(119.38 69 65)
(119.54 45 51)
(119.54 72 67)
(119.7 45 51)
(119.7 77 70)
(119.85 45 51)
(119.85 81 72)
(120.01 45 51)
(120.01 64 62)
(120.01 72 67)
(120.01 76 69)
(120.17 62 61)
(120.34 45 51)
(120.34 64 62)
(120.34 76 69)
(120.47 60 60)
(120.47 72 67)
(120.64 62 61)
(120.81 45 51)
(120.81 64 62)
(120.81 76 69)
(120.94 45 51)
(120.94 65 63)
(120.94 71 66)
(120.94 77 70)
(120.94 84 74)
(121.12 64 62)
(121.12 76 69)
(121.26 65 63)
(121.42 62 61)
(121.59 45 51)
(121.59 64 62)
(121.59 76 69)
(121.73 65 63)
(121.73 77 70)
(121.88 67 64)
(121.88 70 66)
(121.88 82 73)
(122.04 65 63)
(122.04 76 69)
(122.19 67 64)
(122.36 45 51)
(122.36 64 62)
(122.36 76 69)
(122.51 65 63)
(122.51 69 65)
(122.51 77 70)
(122.67 67 64)
(122.67 70 66)
(122.82 69 65)
(122.82 72 67)
(122.98 67 64)
(122.98 70 66)
(123.13 69 65)
(123.13 72 67)
(123.29 45 51)
(123.29 65 63)
(123.29 69 65)
(123.45 67 64)
(123.45 70 66)
(123.45 76 69)
(123.6 69 65)
(123.6 72 67)
(123.75 74 68)
(123.76 70 66)
(123.91 69 65)
(123.91 72 67)
(124.07 70 66)
(124.07 74 68)
(124.22 67 64)
(124.22 70 66)
(124.22 76 69)
(124.39 69 65)
(124.39 72 67)
(124.39 77 70)
(124.39 78 70)
(124.53 74 68)
(124.54 70 66)
(124.54 79 71)
(124.69 45 51)
(124.69 72 67)
(124.69 76 69)
(124.69 81 72)
(124.85 70 66)
(124.85 74 68)
(124.85 79 71)
(125.01 45 51)
(125.01 72 67)
(125.01 76 69)
(125.01 81 72)
(125.17 69 65)
(125.17 72 67)
(125.17 77 70)
(125.17 78 70)
(125.31 74 68)
(125.32 70 66)
(125.32 79 71)
(125.48 72 67)
(125.48 76 69)
(125.48 81 72)
(125.63 74 68)
(125.63 77 70)
(125.63 82 73)
(125.79 45 51)
(125.79 72 67)
(125.79 76 69)
(125.79 81 72)
(125.79 84 74)
(125.94 70 66)
(125.94 74 68)
(125.94 79 71)
(126.1 45 51)
(126.1 72 67)
(126.1 76 69)
(126.1 81 72)
(126.25 74 68)
(126.26 70 66)
(126.26 79 71)
(126.42 69 65)
(126.42 72 67)
(126.42 77 70)
(126.42 78 70)
(126.57 67 64)
(126.57 70 66)
(126.57 76 69)
(126.73 69 65)
(126.73 72 67)
(126.73 77 70)
(126.73 78 70)
(126.88 67 64)
(126.88 70 66)
(126.88 76 69)
(127.04 65 63)
(127.04 69 65)
(127.04 74 68)
(127.04 76 69)
(127.2 45 51)
(127.2 64 62)
(127.2 67 64)
(127.2 72 67)
(127.2 76 69)
(127.35 65 63)
(127.35 69 65)
(127.35 74 68)
(127.35 77 70)
(127.51 45 51)
(127.51 67 64)
(127.51 72 67)
(127.52 64 62)
(128.44 62 61)
(128.44 65 63)
(128.44 71 66)
(129.38 45 51)
(129.38 60 60)
(129.38 64 62)
(129.38 70 66)
(130.32 53 56)
(130.32 69 65)
(130.48 67 64)
(130.63 57 58)
(130.63 69 65)
(130.79 65 63)
(130.79 77 70)
(130.95 60 60)
(130.95 67 64)
(131.1 69 65)
(131.26 62 61)
(131.26 70 66)
(131.42 69 65)
(131.57 55 57)
(131.57 70 66)
(131.73 67 64)
(131.88 53 56)
(131.88 69 65)
(131.88 81 72)
(132.03 71 66)
(132.2 52 55)
(132.2 72 67)
(132.2 76 69)
(132.35 71 66)
(132.5 55 57)
(132.5 72 67)
(132.66 74 68)
(132.82 60 60)
(132.82 72 67)
(132.97 70 66)
(133.13 53 56)
(133.13 69 65)
(133.29 67 64)
(133.44 57 58)
(133.44 69 65)
(133.6 70 66)
(133.6 82 73)
(133.76 60 60)
(133.76 69 65)
(133.91 65 63)
(133.91 77 70)
(134.07 45 51)
(134.07 69 65)
(134.38 45 51)
(134.38 72 67)
(134.53 41 49)
(134.7 43 50)
(134.7 55 57)
(134.7 77 70)
(134.88 45 51)
(135.01 46 52)
(135.01 74 68)
(135.19 45 51)
(135.19 57 58)
(135.32 46 52)
(135.32 67 64)
(135.48 43 50)
(135.63 65 63)
(135.64 45 51)
(135.78 47 52)
(135.96 48 53)
(135.96 64 62)
(135.96 76 69)
(136.25 48 53)
(136.25 60 60)
(136.25 67 64)
(136.42 46 52)
(136.57 72 67)
(136.58 45 51)
(136.73 43 50)
(136.88 41 49)
(136.88 65 63)
(137.2 41 49)
(137.2 53 56)
(137.51 60 60)
(137.51 68 65)
(137.51 72 67)
(137.81 61 60)
(137.81 70 66)
(137.81 73 67)
(138.13 46 52)
(138.13 58 59)
(138.13 67 64)
(138.45 53 56)
(138.45 65 63)
(138.76 60 60)
(138.76 68 65)
(138.76 72 67)
(139.07 56 58)
(139.07 65 63)
(139.38 53 56)
(139.38 60 60)
(139.38 68 65)
(139.38 72 67)
(139.69 46 52)
(139.69 55 57)
(139.69 64 62)
(139.69 70 66)
(140.01 53 56)
(140.01 65 63)
(140.01 68 65)
(140.32 52 55)
(140.32 55 57)
(140.63 53 56)
(140.63 70 66)
(140.96 68 65)
(141.26 63 62)
(141.26 72 67)
(141.56 65 63)
(141.56 73 67)
(141.88 61 60)
(141.88 70 66)
(142.2 44 51)
(142.2 56 58)
(142.2 68 65)
(142.51 63 62)
(142.51 68 65)
(142.51 72 67)
(142.82 67 64)
(142.83 60 60)
(142.83 68 65)
(143.14 60 60)
(143.14 63 62)
(143.14 68 65)
(143.44 61 60)
(143.44 70 66)
(143.44 76 69)
(143.45 58 59)
(143.45 67 64)
(143.45 72 67)
(143.76 60 60)
(143.76 63 62)
(143.76 68 65)
(143.76 70 66)
(144.07 55 57)
(144.07 58 59)
(144.07 63 62)
(144.07 70 66)
(144.38 55 57)
(144.38 60 60)
(144.38 63 62)
(144.38 68 65)
(144.38 72 67)
(144.38 75 69)
(144.69 72 67)
(145.01 60 60)
(145.01 63 62)
(145.01 67 64)
(145.01 68 65)
(145.01 71 66)
(145.01 75 69)
(145.31 61 60)
(145.31 75 69)
(145.32 58 59)
(145.32 67 64)
(145.32 70 66)
(145.63 60 60)
(145.63 68 65)
(145.63 75 69)
(145.64 72 67)
(145.94 55 57)
(145.94 70 66)
(145.94 75 69)
(145.94 82 73)
(145.95 58 59)
(146.25 73 67)
(146.57 72 67)
(146.88 49 53)
(146.88 58 59)
(146.88 77 70)
(146.88 78 70)
(147.2 51 55)
(147.2 60 60)
(147.2 68 65)
(147.82 51 55)
(147.82 61 60)
(147.82 67 64)
(147.82 70 66)
(148.13 60 60)
(148.13 68 65)
(148.76 79 71)
(148.92 77 70)
(149.07 51 55)
(149.07 60 60)
(149.07 68 65)
(149.69 51 55)
(149.69 61 60)
(149.69 70 66)
(149.7 67 64)
(150.01 45 51)
(150.01 60 60)
(150.01 68 65)
(150.63 72 67)
(150.63 75 69)
(150.94 45 51)
(150.94 73 67)
(150.94 76 69)
(150.94 78 70)
(150.94 81 72)
(151.25 46 52)
(151.25 55 57)
(151.25 70 66)
(151.25 73 67)
(151.57 61 60)
(151.88 72 67)
(151.88 75 69)
(152.2 60 60)
(152.2 68 65)
(152.2 72 67)
(152.51 60 60)
(152.51 63 62)
(152.51 67 64)
(152.51 72 67)
(152.51 75 69)
(152.82 46 52)
(152.82 75 69)
(152.82 78 70)
(153.13 45 51)
(153.13 57 58)
(153.13 72 67)
(153.13 75 69)
(153.13 79 71)
(153.45 60 60)
(153.45 63 62)
(153.45 72 67)
(153.76 45 51)
(153.76 73 67)
(153.76 77 70)
(153.76 78 70)
(154.07 58 59)
(154.07 61 60)
(154.07 70 66)
(154.07 73 67)
(154.38 46 52)
(154.38 61 60)
(154.38 65 63)
(154.69 53 56)
(154.69 65 63)
(154.69 70 66)
(155.32 53 56)
(155.32 63 62)
(155.32 69 65)
(155.32 72 67)
(155.63 58 59)
(155.63 61 60)
(155.63 70 66)
(156.26 46 52)
(156.26 78 70)
(156.42 77 70)
(156.42 81 72)
(156.56 53 56)
(156.56 61 60)
(156.56 65 63)
(156.56 70 66)
(156.56 73 67)
(157.19 69 65)
(157.19 72 67)
(157.2 53 56)
(157.2 63 62)
(157.51 46 52)
(157.51 58 59)
(157.51 61 60)
(157.51 70 66)
(158.13 45 51)
(158.13 53 56)
(158.13 69 65)
(158.13 73 67)
(158.29 72 67)
(158.44 58 59)
(158.44 61 60)
(158.44 70 66)
(159.07 45 51)
(159.07 53 56)
(159.07 69 65)
(159.07 73 67)
(159.22 72 67)
(159.38 58 59)
(159.38 61 60)
(159.38 70 66)
(160.01 61 60)
(160.01 73 67)
(160.16 60 60)
(160.16 72 67)
(160.16 79 71)
(160.32 58 59)
(160.32 70 66)
(160.48 58 59)
(160.48 60 60)
(160.48 72 67)
(160.48 79 71)
(160.63 61 60)
(160.63 73 67)
(160.79 60 60)
(160.79 72 67)
(160.79 79 71)
(160.94 58 59)
(160.94 70 66)
(161.1 58 59)
(161.1 60 60)
(161.1 72 67)
(161.1 79 71)
(161.26 58 59)
(161.26 70 66)
(161.41 56 58)
(161.42 68 65)
(161.42 75 69)
(161.57 55 57)
(161.57 67 64)
(161.73 68 65)
(161.88 55 57)
(162.03 53 56)
(162.03 65 63)
(162.21 52 55)
(162.21 64 62)
(162.35 53 56)
(162.35 65 63)
(162.5 55 57)
(162.5 64 62)
(162.5 67 64)
(162.66 53 56)
(162.66 65 63)
(162.83 56 58)
(162.83 68 65)
(162.97 47 52)
(162.97 59 59)
(163.13 48 53)
(163.13 60 60)
(163.13 67 64)
(163.13 72 67)
(163.44 60 60)
(163.77 60 60)
(163.77 67 64)
(163.77 68 65)
(163.77 72 67)
(164.07 61 60)
(164.07 70 66)
(164.07 73 67)
(164.38 46 52)
(164.38 58 59)
(164.39 67 64)
(164.69 46 52)
(164.69 76 69)
(165.01 60 60)
(165.01 68 65)
(165.01 72 67)
(165.01 77 70)
(165.32 56 58)
(165.32 65 63)
(165.32 75 69)
(165.32 80 72)
(165.62 53 56)
(165.62 56 58)
(165.62 84 74)
(165.94 52 55)
(165.94 85 74)
(165.95 55 57)
(166.25 46 52)
(166.25 55 57)
(166.25 58 59)
(166.25 70 66)
(166.25 82 73)
(166.57 46 52)
(166.57 55 57)
(166.57 58 59)
(166.57 70 66)
(166.57 82 73)
(166.88 53 56)
(166.88 56 58)
(166.88 84 74)
(167.19 60 60)
(167.19 68 65)
(167.19 72 67)
(167.19 80 72)
(167.51 56 58)
(167.51 60 60)
(167.51 65 63)
(167.51 68 65)
(167.51 72 67)
(167.51 77 70)
(167.51 80 72)
(167.82 55 57)
(167.82 58 59)
(167.82 64 62)
(167.82 82 73)
(168.13 61 60)
(168.13 76 69)
(168.13 79 71)
(168.14 58 59)
(168.14 64 62)
(168.44 79 71)
(168.45 58 59)
(168.45 64 62)
(168.45 70 66)
(168.45 76 69)
(168.76 62 61)
(168.76 65 63)
(168.76 80 72)
(169.08 68 65)
(169.08 74 68)
(169.08 77 70)
(169.38 68 65)
(169.39 62 61)
(169.7 60 60)
(169.7 68 65)
(169.7 72 67)
(169.7 74 68)
(169.7 77 70)
(170.32 60 60)
(170.32 70 66)
(170.32 72 67)
(170.32 76 69)
(170.32 79 71)
(170.64 65 63)
(170.64 68 65)
(170.64 77 70)
(171.26 75 69)
(171.41 73 67)
(171.57 48 53)
(171.57 56 58)
(171.57 65 63)
(171.57 68 65)
(172.2 58 59)
(172.21 48 53)
(172.21 64 62)
(172.21 67 64)
(172.5 53 56)
(172.5 56 58)
(172.5 65 63)
(173.45 36 46)
(173.45 48 53)
(173.45 52 55)
(173.45 55 57)
(174.38 41 49)
(174.38 53 56)
(174.38 65 63)
