(431 74)
(1727/4 75)
(432 72)
(865/2 70)
(433 70)
(434 70)
(435 69)
(437 75)
(1751/4 77)
(438 74)
(877/2 72)
(439 72)
(440 72)
(441 70)
(443 74)
(1775/4 75)
(444 77)
(889/2 79)
(445 75)
(891/2 72)
(446 74)
(893/2 75)
(447 77)
(895/2 79)
(448 75)
(897/2 72)
(449 74)
(899/2 75)
(450 77)
(901/2 82)
(451 81)
(903/2 79)
(452 77)
(905/2 76)
(453 74)
(907/2 72)
(454 71)
(909/2 70)
(455 69)
(911/2 67)
(456 72)
(1827/4 74)
(457 65)
(458 64)
(459 65)
(460 41)
(461 74)
(1847/4 72)
(462 72)
(463 65)
(464 76)
(1859/4 77)
(465 77)
(466 53)
