(299 60)
(300 48)
(300 60)
(300 64)
(601/2 62)
(301 64)
(603/2 60)
(302 62)
(605/2 64)
(303 59)
(303 65)
(607/2 64)
(304 65)
(609/2 62)
(305 64)
(611/2 65)
(306 58)
(306 67)
(613/2 66)
(307 67)
(615/2 64)
(308 65)
(617/2 67)
(309 57)
(309 69)
(619/2 65)
(310 69)
(621/2 72)
(311 77)
(623/2 81)
(312 64)
(312 72)
(312 84)
(625/2 62)
(313 64)
(627/2 60)
(314 62)
(629/2 64)
(315 65)
(315 71)
(315 83)
(631/2 64)
(316 65)
(633/2 62)
(317 64)
(635/2 65)
(318 67)
(318 70)
(318 82)
(637/2 65)
(319 67)
(639/2 64)
(639/2 67)
(320 65)
(320 69)
(641/2 67)
(641/2 70)
(321 69)
(321 72)
(643/2 67)
(643/2 70)
(322 69)
(322 72)
(645/2 65)
(645/2 69)
(323 67)
(323 70)
(647/2 69)
(647/2 72)
(324 70)
(324 74)
(649/2 69)
(649/2 72)
(325 70)
(325 74)
(651/2 67)
(651/2 70)
(651/2 76)
(326 69)
(326 72)
(326 77)
(653/2 70)
(653/2 74)
(653/2 79)
(327 72)
(327 76)
(327 81)
(655/2 70)
(655/2 74)
(655/2 79)
(328 72)
(328 76)
(328 81)
(657/2 69)
(657/2 72)
(657/2 77)
(329 70)
(329 74)
(329 79)
(659/2 72)
(659/2 76)
(659/2 81)
(330 74)
(330 77)
(330 82)
(661/2 72)
(661/2 76)
(661/2 81)
(331 70)
(331 74)
(331 79)
(663/2 72)
(663/2 76)
(663/2 81)
(332 70)
(332 74)
(332 79)
(665/2 69)
(665/2 72)
(665/2 77)
(333 67)
(333 70)
(333 76)
(667/2 69)
(667/2 72)
(667/2 77)
(334 67)
(334 70)
(334 76)
(669/2 65)
(669/2 69)
(669/2 74)
(335 64)
(335 67)
(335 72)
(671/2 65)
(671/2 69)
(671/2 74)
(336 64)
(336 67)
(336 72)
(339 62)
(339 65)
(339 71)
(342 60)
(342 64)
(342 70)
(345 53)
(345 69)
(691/2 67)
(346 57)
(346 69)
(693/2 65)
(347 60)
(347 67)
(695/2 69)
(348 62)
(348 70)
(697/2 69)
(349 55)
(349 70)
(699/2 67)
(350 53)
(350 69)
(701/2 71)
(351 52)
(351 72)
(703/2 71)
(352 55)
(352 72)
(705/2 74)
(353 60)
(353 72)
(707/2 70)
(354 53)
(354 69)
(709/2 67)
(355 57)
(355 69)
(711/2 70)
(356 60)
(356 69)
(713/2 65)
(357 45)
(357 69)
(715/2 44)
(358 45)
(358 72)
(717/2 41)
(359 43)
(359 77)
(719/2 45)
(360 46)
(360 74)
(721/2 45)
(361 46)
(361 67)
(723/2 43)
(362 45)
(362 65)
(725/2 47)
(363 48)
(363 64)
(727/2 47)
(364 48)
(364 67)
(729/2 46)
(365 45)
(365 72)
(731/2 43)
(366 41)
(366 65)
(367 53)
