(368 60)
(369 48)
(369 60)
(369 64)
(739/2 62)
(370 64)
(741/2 60)
(371 62)
(743/2 64)
(372 59)
(372 65)
(745/2 64)
(373 65)
(747/2 62)
(374 64)
(749/2 65)
(375 58)
(375 67)
(751/2 66)
(376 67)
(753/2 64)
(377 65)
(755/2 67)
(378 57)
(378 69)
(757/2 65)
(379 69)
(759/2 72)
(380 77)
(761/2 81)
(381 64)
(381 72)
(381 84)
(763/2 62)
(382 64)
(765/2 60)
(383 62)
(767/2 64)
(384 65)
(384 71)
(384 83)
(769/2 64)
(385 65)
(771/2 62)
(386 64)
(773/2 65)
(387 67)
(387 70)
(387 82)
(775/2 65)
(388 67)
(777/2 64)
(777/2 67)
(389 65)
(389 69)
(779/2 67)
(779/2 70)
(390 69)
(390 72)
(781/2 67)
(781/2 70)
(391 69)
(391 72)
(783/2 65)
(783/2 69)
(392 67)
(392 70)
(785/2 69)
(785/2 72)
(393 70)
(393 74)
(787/2 69)
(787/2 72)
(394 70)
(394 74)
(789/2 67)
(789/2 70)
(789/2 76)
(395 69)
(395 72)
(395 77)
(791/2 70)
(791/2 74)
(791/2 79)
(396 72)
(396 76)
(396 81)
(793/2 70)
(793/2 74)
(793/2 79)
(397 72)
(397 76)
(397 81)
(795/2 69)
(795/2 72)
(795/2 77)
(398 70)
(398 74)
(398 79)
(797/2 72)
(797/2 76)
(797/2 81)
(399 74)
(399 77)
(399 82)
(799/2 72)
(799/2 76)
(799/2 81)
(400 70)
(400 74)
(400 79)
(801/2 72)
(801/2 76)
(801/2 81)
(401 70)
(401 74)
(401 79)
(803/2 69)
(803/2 72)
(803/2 77)
(402 67)
(402 70)
(402 76)
(805/2 69)
(805/2 72)
(805/2 77)
(403 67)
(403 70)
(403 76)
(807/2 65)
(807/2 69)
(807/2 74)
(404 64)
(404 67)
(404 72)
(809/2 65)
(809/2 69)
(809/2 74)
(405 64)
(405 67)
(405 72)
(408 62)
(408 65)
(408 71)
(411 60)
(411 64)
(411 70)
(414 53)
(414 69)
(829/2 67)
(415 57)
(415 69)
(831/2 65)
(416 60)
(416 67)
(833/2 69)
(417 62)
(417 70)
(835/2 69)
(418 55)
(418 70)
(837/2 67)
(419 53)
(419 69)
(839/2 71)
(420 52)
(420 72)
(841/2 71)
(421 55)
(421 72)
(843/2 74)
(422 60)
(422 72)
(845/2 70)
(423 53)
(423 69)
(847/2 67)
(424 57)
(424 69)
(849/2 70)
(425 60)
(425 69)
(851/2 65)
(426 45)
(426 69)
(853/2 44)
(427 45)
(427 72)
(855/2 41)
(428 43)
(428 77)
(857/2 45)
(429 46)
(429 74)
(859/2 45)
(430 46)
(430 67)
(861/2 43)
(431 45)
(431 65)
(863/2 47)
(432 48)
(432 64)
(865/2 47)
(433 48)
(433 67)
(867/2 46)
(434 45)
(434 72)
(869/2 43)
(435 41)
(435 65)
(436 53)
