(3/4 68 65 1/4 0)
(1 60 60 1/2 0)
(3/2 68 65 1/2 0)
(2 75 69 1 0)
(3 70 66 1/2 0)
(15/4 68 65 1/4 0)
(4 61 61 1/2 0)
(9/2 68 65 1/2 0)
(5 77 70 1 0)
(6 70 66 1/2 0)
(27/4 68 65 1/4 0)
(7 60 60 1/2 0)
(15/2 68 65 1/2 0)
(8 78 71 1 0)
(9 82 73 3/2 0)
(43/4 80 72 1/4 0)
(11 71 67 3/4 0)
(47/4 80 72 1/4 0)
(12 70 66 7/8 0)
(103/8 80 72 1/8 0)
(13 70 66 7/8 0)
(111/8 80 72 1/8 0)
(14 70 66 7/8 0)
(119/8 78 71 1/8 0)
(15 69 66 7/8 0)
(127/8 78 71 1/8 0)
(16 68 65 7/8 0)
(135/8 78 71 1/8 0)
(17 68 65 7/8 0)
(143/8 77 70 1/8 0)
(18 67 64 7/8 0)
(151/8 77 70 1/8 0)
(19 66 64 7/8 0)
(159/8 77 70 1/8 0)
(20 66 64 7/8 0)
(167/8 75 69 1/8 0)
(21 65 63 7/8 0)
(175/8 75 69 1/8 0)
(22 73 68 1/3 0)
(67/3 75 69 1/3 0)
(68/3 73 68 1/3 0)
(23 72 67 1/2 0)
(191/8 70 66 1/8 0)
(24 70 66 1/2 0)
(99/4 68 65 1/4 0)
(25 60 60 1/2 0)
(51/2 68 65 1/2 0)
(26 75 69 1 0)
(27 70 66 1/2 0)
(111/4 68 65 1/4 0)
(28 61 61 1/2 0)
(57/2 68 65 1/2 0)
(29 77 70 1 0)
(30 70 66 1/2 0)
(123/4 68 65 1/4 0)
(31 60 60 1/2 0)
(63/2 68 65 1/2 0)
(32 78 71 1 0)
(33 82 73 3/2 0)
(139/4 80 72 1/4 0)
(35 71 67 3/4 0)
(143/4 80 72 1/4 0)
(36 70 66 7/8 0)
(295/8 80 72 1/8 0)
(37 70 66 7/8 0)
(303/8 80 72 1/8 0)
(38 70 66 3/4 0)
(311/8 78 71 1/8 0)
(39 69 66 7/8 0)
(319/8 78 71 1/8 0)
(40 68 65 7/8 0)
(327/8 78 71 1/8 0)
(41 68 65 7/8 0)
(335/8 77 70 1/8 0)
(42 67 64 7/8 0)
(343/8 76 69 1/8 0)
(43 66 64 7/8 0)
(351/8 75 69 1/8 0)
(44 65 63 7/8 0)
(359/8 74 68 1/8 0)
(45 64 63 7/8 0)
(367/8 73 68 1/8 0)
(46 63 62 7/8 0)
(375/8 73 68 1/8 0)
(47 63 62 7/8 0)
(383/8 73 68 13/8 0)
(99/2 69 65 1/2 0)
(50 73 68 1/2 0)
(101/2 69 65 1/2 0)
(51 69 65 3/4 0)
(207/4 70 66 1/4 0)
(52 70 66 1 0)
(53 70 66 1 0)
(54 77 70 3/2 0)
(111/2 72 67 1/2 0)
(56 77 70 1/2 0)
(113/2 72 67 1/2 0)
(57 72 67 3/4 0)
(231/4 73 68 1/4 0)
(58 73 68 1 0)
(59 73 68 1 0)
(60 80 72 3/2 0)
(123/2 76 69 1/2 0)
(62 80 72 1/2 0)
(125/2 76 69 1/2 0)
(63 76 69 3/4 0)
(255/4 77 70 1/4 0)
(64 77 70 1 0)
(65 89 77 7/4 0)
(267/4 90 78 1/4 0)
(67 90 78 1 0)
(68 72 67 1 1)
(69 72 67 3/2 0)
(141/2 70 66 1/2 0)
(71 70 66 1/3 0)
(214/3 68 65 1/3 0)
(215/3 66 64 1/3 0)
(72 73 68 3/2 0)
(147/2 69 65 1/2 0)
(74 73 68 1/2 0)
(149/2 69 65 1/2 0)
(75 69 65 3/4 0)
(303/4 70 66 1/4 0)
(76 70 66 1 0)
(77 70 66 1/3 0)
(232/3 72 67 1/3 0)
(233/3 70 66 1/3 0)
(78 77 70 3/2 0)
(159/2 72 67 1/2 0)
(80 77 70 1/2 0)
(161/2 72 67 1/2 0)
(81 72 67 3/4 0)
(327/4 73 68 1/4 0)
(82 73 68 1 0)
(83 73 68 1/3 0)
(250/3 75 69 1/3 0)
(251/3 73 68 1/3 0)
(84 80 72 3/2 0)
(171/2 76 69 1/2 0)
(86 80 72 1/2 0)
(173/2 76 69 1/2 0)
(87 76 69 3/4 0)
(351/4 77 70 1/4 0)
(88 77 70 1 0)
(89 89 77 1 0)
(90 92 79 3/4 0)
(363/4 90 78 1/4 0)
(91 90 78 1 0)
(92 69 65 1 0)
(93 70 66 3 0)
