(-1 74 68 3/4 0)
(-1/4 75 69 1/4 0)
(0 72 67 1/2 0)
(1/2 70 66 1/2 0)
(1 70 66 1 0)
(2 70 66 1 0)
(3 69 65 1 0)
(5 75 69 3/4 0)
(23/4 77 70 1/4 0)
(6 74 68 1/2 0)
(13/2 72 67 1/2 0)
(7 72 67 1 0)
(8 72 67 1 0)
(9 70 66 1 0)
(11 74 68 3/4 0)
(47/4 75 69 1/4 0)
(12 77 70 1/2 0)
(25/2 79 71 1/2 0)
(13 75 69 1/2 0)
(27/2 72 67 1/2 0)
(14 74 68 1/2 0)
(29/2 75 69 1/2 0)
(15 77 70 1/2 0)
(31/2 79 71 1/2 0)
(16 75 69 1/2 0)
(33/2 72 67 1/2 0)
(17 74 68 1/2 0)
(35/2 75 69 1/2 0)
(18 77 70 1/2 0)
(37/2 82 73 1/2 0)
(19 81 72 1/2 0)
(39/2 79 71 1/2 0)
(20 77 70 1/2 0)
(41/2 76 69 1/2 0)
(21 74 68 1/2 0)
(43/2 72 67 1/2 0)
(22 71 66 1/2 0)
(45/2 70 66 1/2 0)
(23 69 65 1/2 0)
(47/2 67 64 1/2 0)
(24 72 67 3/4 0)
(99/4 74 68 1/4 0)
(25 65 63 1 0)
(26 64 62 1 0)
(27 65 63 1 0)
(28 41 49 1 1)
(29 74 68 3/4 0)
(119/4 72 67 1/4 0)
(30 72 67 1 0)
(31 65 63 1 1)
(32 76 69 3/4 0)
(131/4 77 70 1/4 0)
(33 77 70 1 0)
(34 53 56 1 1)
