(0.74 64 63)
(1.44 60 60)
(1.44 67 64)
(1.44 72 67)
(1.44 79 71)
(2.15 65 63)
(2.15 77 70)
(2.87 56 58)
(2.87 68 65)
(2.87 72 67)
(2.87 75 69)
(4.66 62 61)
(5.0 59 60)
(5.0 71 67)
(5.38 64 63)
(5.38 76 70)
(5.72 60 60)
(5.72 67 64)
(5.72 72 67)
(5.72 79 71)
(6.08 57 59)
(6.44 54 57)
(6.44 69 66)
(6.8 63 62)
(7.15 52 56)
(7.16 67 64)
(7.52 76 70)
(7.53 64 63)
(7.6 62 61)
(7.68 60 60)
(7.69 72 67)
(7.77 59 60)
(7.86 57 59)
(7.86 72 67)
(8.22 60 60)
(8.31 59 60)
(8.4 57 59)
(8.49 55 57)
(8.58 54 57)
(8.58 63 62)
(8.67 55 57)
(8.76 57 59)
(9.02 83 74)
(9.03 55 57)
(9.12 50 54)
(9.12 54 57)
(9.21 52 56)
(9.29 51 55)
(9.48 54 57)
(9.74 52 56)
(9.82 51 55)
(9.91 49 54)
(10.01 47 53)
(10.36 69 66)
(10.54 49 54)
(10.63 51 55)
(10.73 51 55)
(10.73 66 64)
(11.07 71 67)
(11.07 83 74)
(11.26 49 54)
(11.35 51 55)
(11.44 52 56)
(11.44 64 63)
(11.44 67 64)
(11.81 64 63)
(11.81 76 70)
(11.89 52 56)
(11.98 53 56)
(11.98 65 63)
(12.06 55 57)
(12.15 45 52)
(12.15 57 59)
(12.15 61 61)
(12.51 57 59)
(12.51 69 66)
(12.6 55 57)
(12.69 53 56)
(12.69 65 63)
(12.78 52 56)
(12.78 64 63)
(12.86 50 54)
(12.86 65 63)
(13.23 62 61)
(13.23 72 67)
(13.32 50 54)
(13.41 40 49)
(13.41 52 56)
(13.41 80 72)
(13.5 53 56)
(13.5 65 63)
(13.57 55 57)
(13.57 59 60)
(13.57 83 74)
(13.94 67 64)
(14.03 53 56)
(14.12 52 56)
(14.21 50 54)
(14.31 48 53)
(14.31 64 63)
(14.31 76 70)
(14.65 60 60)
(14.65 69 66)
(14.83 50 54)
(14.83 60 60)
(15.0 52 56)
(15.0 59 60)
(15.0 76 70)
(15.19 53 56)
(15.28 52 56)
(15.38 50 54)
(15.38 68 65)
(15.55 52 56)
(15.72 53 56)
(15.72 57 59)
(15.72 72 67)
(16.08 69 66)
(16.17 67 64)
(16.26 65 63)
(16.26 77 70)
(16.36 64 63)
(16.44 62 61)
(16.44 77 70)
(16.79 65 63)
(16.9 64 63)
(16.9 76 70)
(16.98 62 61)
(17.06 60 60)
(17.06 72 67)
(17.06 79 71)
(17.15 59 60)
(17.15 68 65)
(17.24 72 67)
(17.33 62 61)
(17.51 53 56)
(17.6 60 60)
(17.6 72 67)
(17.68 59 60)
(17.77 57 59)
(17.95 57 59)
(18.03 78 71)
(18.04 59 60)
(18.22 50 54)
(18.31 57 59)
(18.41 56 58)
(18.41 68 65)
(18.5 54 57)
(18.59 44 51)
(18.59 52 56)
(18.59 56 58)
(18.59 64 63)
(18.93 47 53)
(18.93 74 68)
(19.12 54 57)
(19.21 56 58)
(19.21 68 65)
(19.29 52 56)
(19.29 64 63)
(19.29 71 67)
(19.65 76 70)
(19.84 54 57)
(19.92 68 65)
(20.0 69 66)
(20.0 72 67)
(20.01 45 52)
(20.37 57 59)
(20.37 69 66)
(20.45 57 59)
(20.53 78 71)
(20.54 59 60)
(20.73 62 61)
(20.73 66 64)
(21.08 54 57)
(21.08 74 68)
(21.08 75 69)
(21.17 60 60)
(21.17 72 67)
(21.25 59 60)
(21.34 57 59)
(21.44 55 57)
(21.44 71 67)
(21.79 67 64)
(21.89 55 57)
(21.97 57 59)
(22.05 59 60)
(22.16 60 60)
(22.16 64 63)
(22.51 52 56)
(22.51 72 67)
(22.6 58 59)
(22.6 70 66)
(22.69 57 59)
(22.78 55 57)
(22.86 45 52)
(22.86 53 56)
(22.86 69 66)
(23.04 65 63)
(23.04 77 70)
(23.22 55 57)
(23.22 71 67)
(23.4 65 63)
(23.58 57 59)
(23.58 72 67)
(23.69 64 63)
(23.76 65 63)
(23.85 67 64)
(23.94 55 57)
(23.94 69 66)
(24.03 67 64)
(24.11 65 63)
(24.22 64 63)
(24.3 53 56)
(24.3 62 61)
(24.38 72 67)
(24.47 74 68)
(24.56 76 70)
(24.66 50 54)
(24.66 77 70)
(24.74 76 70)
(24.83 74 68)
(24.92 72 67)
(25.0 55 57)
(25.0 71 67)
(25.1 62 61)
(25.2 64 63)
(25.28 65 63)
(25.37 53 56)
(25.37 67 64)
(25.46 65 63)
(25.56 64 63)
(25.64 62 61)
(25.73 52 56)
(25.73 60 60)
(25.73 72 67)
(26.07 84 74)
(26.08 55 57)
(26.17 83 74)
(26.17 84 74)
(26.26 81 73)
(26.35 79 71)
(26.44 57 59)
(26.44 60 60)
(26.44 72 67)
(26.44 77 70)
(26.79 65 63)
(26.79 81 73)
(26.88 79 71)
(26.98 77 70)
(27.06 76 70)
(27.15 47 53)
(27.15 74 68)
(27.24 74 68)
(27.24 76 70)
(27.33 74 68)
(27.34 77 70)
(27.5 69 66)
(27.6 74 68)
(27.6 76 70)
(27.68 74 68)
(27.78 72 67)
(27.86 62 61)
(27.86 71 67)
(27.95 72 67)
(28.04 74 68)
(28.22 65 63)
(28.22 77 70)
(28.31 72 67)
(28.39 71 67)
(28.49 69 66)
(28.58 59 60)
(28.58 67 64)
(28.94 53 56)
(28.94 62 61)
(29.11 69 66)
(29.2 71 67)
(29.29 50 54)
(29.29 65 63)
(29.29 71 67)
(29.65 55 57)
(29.65 62 61)
(29.83 69 66)
(29.92 71 67)
(30.01 52 56)
(30.01 64 63)
(30.01 67 64)
(30.01 72 67)
(30.36 60 60)
(30.36 67 64)
(30.36 72 67)
(30.55 52 56)
(30.64 78 71)
(30.65 54 57)
(30.72 57 59)
(31.08 62 61)
(31.27 40 49)
(31.27 52 56)
(31.27 64 63)
(31.36 54 57)
(31.36 78 71)
(31.43 55 57)
(31.43 59 60)
(31.43 83 74)
(31.8 52 56)
(31.8 64 63)
(31.8 67 64)
(31.8 76 70)
(31.97 59 60)
(31.97 71 67)
(32.06 61 61)
(32.06 73 68)
(32.15 57 59)
(32.15 64 63)
(32.51 69 66)
(32.68 59 60)
(32.68 71 67)
(32.78 61 61)
(32.78 73 68)
(32.87 62 61)
(32.87 66 64)
(32.87 74 68)
(33.22 38 47)
(33.22 50 54)
(33.41 66 64)
(33.51 68 65)
(33.51 80 72)
(33.58 47 53)
(33.58 68 65)
(33.94 40 49)
(33.94 52 56)
(33.94 76 70)
(34.13 66 64)
(34.22 68 65)
(34.29 48 53)
(34.29 69 66)
(34.47 71 67)
(34.56 72 67)
(34.65 74 68)
(34.68 45 52)
(34.74 76 70)
(34.83 78 71)
(34.92 80 72)
(35.01 42 50)
(35.01 81 73)
(35.19 72 67)
(35.36 51 55)
(35.36 71 67)
(35.55 78 71)
(35.72 79 71)
(35.73 40 49)
(35.89 71 67)
(36.08 76 70)
(36.17 74 68)
(36.26 72 67)
(36.34 71 67)
(36.43 84 74)
(36.43 88 77)
(36.44 69 66)
(36.79 72 67)
(36.88 71 67)
(36.97 69 66)
(37.06 67 64)
(37.16 66 64)
(37.16 75 69)
(37.24 67 64)
(37.33 69 66)
(37.51 60 60)
(37.51 72 67)
(37.6 67 64)
(37.7 66 64)
(37.79 64 63)
(37.87 54 57)
(37.87 63 62)
(37.97 64 63)
(38.05 66 64)
(38.22 57 59)
(38.33 64 63)
(38.41 63 62)
(38.49 61 61)
(38.49 73 68)
(38.57 51 55)
(38.57 59 60)
(38.57 79 71)
(38.93 81 73)
(38.94 47 53)
(38.94 54 57)
(39.12 61 61)
(39.21 63 62)
(39.21 75 69)
(39.29 59 60)
(39.29 63 62)
(39.29 78 71)
(39.65 47 53)
(39.65 83 74)
(39.65 84 74)
(39.83 49 54)
(39.83 61 61)
(39.83 73 68)
(39.93 63 62)
(39.93 75 69)
(40.01 52 56)
(40.01 79 71)
(40.02 64 63)
(40.36 74 68)
(40.36 76 70)
(40.36 78 71)
(40.55 41 49)
(40.64 43 50)
(40.64 45 52)
(40.72 73 68)
(40.73 45 52)
(41.08 81 73)
(41.17 43 50)
(41.26 41 49)
(41.44 38 47)
(41.44 77 70)
(41.8 62 61)
(41.88 74 68)
(41.88 75 69)
(41.97 76 70)
(42.07 77 70)
(42.15 59 60)
(42.15 79 71)
(42.51 67 64)
(42.6 77 70)
(42.69 76 70)
(42.77 74 68)
(42.87 64 63)
(42.87 72 67)
(43.22 57 59)
(43.31 76 70)
(43.41 77 70)
(43.49 79 71)
(43.58 41 49)
(43.58 53 56)
(43.58 81 73)
(43.67 82 73)
(43.76 80 72)
(43.76 81 73)
(43.85 79 71)
(43.94 62 61)
(43.94 77 70)
(44.03 76 70)
(44.11 74 68)
(44.2 72 67)
(44.29 56 58)
(44.29 68 65)
(44.29 71 67)
(44.38 72 67)
(44.47 71 67)
(44.56 69 66)
(44.66 52 56)
(44.66 68 65)
(44.75 66 64)
(44.84 64 63)
(44.84 76 70)
(44.92 62 61)
(45.0 57 59)
(45.01 72 67)
(45.11 64 63)
(45.18 65 63)
(45.27 67 64)
(45.37 69 66)
(45.37 72 67)
(45.46 67 64)
(45.54 65 63)
(45.65 64 63)
(45.72 62 61)
(45.72 71 67)
(45.81 57 59)
(45.89 59 60)
(45.99 72 67)
(46.08 62 61)
(46.08 65 63)
(46.17 72 67)
(46.25 59 60)
(46.34 57 59)
(46.43 56 58)
(46.43 59 60)
(46.43 68 65)
(46.52 57 59)
(46.62 56 58)
(46.72 54 57)
(46.8 52 56)
(46.8 62 61)
(46.8 64 63)
(46.89 50 54)
(46.97 48 53)
(47.06 47 53)
(47.15 72 67)
(47.16 45 52)
(47.35 64 63)
(47.35 76 70)
(47.51 57 59)
(47.51 69 66)
(47.6 55 57)
(47.7 53 56)
(47.79 52 56)
(47.79 64 63)
(47.86 65 63)
(47.87 50 54)
(48.04 57 59)
(48.22 53 56)
(48.32 52 56)
(48.33 80 72)
(48.41 50 54)
(48.49 48 53)
(48.59 47 53)
(48.59 68 65)
(48.67 48 53)
(48.76 50 54)
(48.94 77 70)
(49.02 48 53)
(49.11 47 53)
(49.24 44 51)
(49.29 44 51)
(49.29 71 67)
(49.41 45 52)
(49.47 47 53)
(49.65 74 68)
(49.77 45 52)
(49.77 57 59)
(49.85 44 51)
(49.92 42 50)
(50.02 40 49)
(50.02 68 65)
(50.37 62 61)
(50.55 42 50)
(50.65 44 51)
(50.72 44 51)
(50.72 59 60)
(50.72 68 65)
(50.72 71 67)
(51.1 64 63)
(51.26 42 50)
(51.36 44 51)
(51.44 45 52)
(51.44 72 67)
(51.79 74 68)
(51.79 76 70)
(51.88 74 68)
(51.97 72 67)
(52.06 49 54)
(52.06 71 67)
(52.15 49 54)
(52.15 69 66)
(52.33 73 68)
(52.42 76 70)
(52.51 79 71)
(52.51 80 72)
(52.68 47 53)
(52.77 49 54)
(52.87 50 54)
(52.87 77 70)
(53.22 69 66)
(53.31 67 64)
(53.4 52 56)
(53.4 65 63)
(53.51 64 63)
(53.58 62 61)
(53.59 54 57)
(53.77 66 64)
(53.84 69 66)
(53.94 72 67)
(54.13 52 56)
(54.13 64 63)
(54.21 54 57)
(54.28 71 67)
(54.29 55 57)
(54.47 74 68)
(54.56 72 67)
(54.64 71 67)
(54.83 57 59)
(54.83 72 67)
(54.91 74 68)
(54.92 59 60)
(55.01 59 60)
(55.01 67 64)
(55.01 71 67)
(55.37 77 70)
(55.54 57 59)
(55.63 59 60)
(55.63 78 71)
(55.72 60 60)
(55.72 72 67)
(55.72 76 70)
(55.72 79 71)
(55.9 67 64)
(55.99 65 63)
(56.1 64 63)
(56.26 62 61)
(56.26 65 63)
(56.36 64 63)
(56.36 67 64)
(56.44 60 60)
(56.44 64 63)
(56.79 70 66)
(56.98 62 61)
(57.08 64 63)
(57.08 76 70)
(57.15 65 63)
(57.15 69 66)
(57.32 71 67)
(57.41 73 68)
(57.51 74 68)
(57.51 75 69)
(57.69 67 64)
(57.77 69 66)
(57.86 69 66)
(57.86 80 72)
(58.22 72 67)
(58.4 67 64)
(58.49 69 66)
(58.58 70 66)
(58.58 74 68)
(58.58 77 70)
(58.76 58 59)
(58.84 72 67)
(58.84 79 71)
(58.85 60 60)
(58.94 62 61)
(59.03 60 60)
(59.03 72 67)
(59.12 58 59)
(59.12 70 66)
(59.2 57 59)
(59.29 55 57)
(59.29 82 73)
(59.39 53 56)
(59.39 65 63)
(59.48 55 57)
(59.56 57 59)
(59.65 58 59)
(59.74 57 59)
(59.83 55 57)
(59.83 83 74)
(60.01 64 63)
(60.01 73 68)
(60.02 52 56)
(60.19 55 57)
(60.19 64 63)
(60.36 70 66)
(60.47 53 56)
(60.55 52 56)
(60.55 64 63)
(60.56 80 72)
(60.63 50 54)
(60.73 76 70)
(60.74 49 54)
(60.74 64 63)
(60.82 50 54)
(60.91 52 56)
(60.91 64 63)
(61.08 67 64)
(61.18 50 54)
(61.26 49 54)
(61.34 47 53)
(61.44 73 68)
(61.45 45 52)
(61.45 57 59)
(61.79 74 68)
(61.79 76 70)
(61.79 79 71)
(61.79 80 72)
(61.97 47 53)
(62.06 49 54)
(62.15 49 54)
(62.15 69 66)
(62.15 76 70)
(62.51 45 52)
(62.51 49 54)
(62.51 76 70)
(62.51 81 73)
(62.68 47 53)
(62.77 42 50)
(62.77 49 54)
(62.87 50 54)
(62.87 77 70)
(62.96 52 56)
(63.06 53 56)
(63.22 69 66)
(63.22 74 68)
(63.22 81 73)
(63.32 52 56)
(63.4 50 54)
(63.48 48 53)
(63.58 47 53)
(63.58 62 61)
(63.67 48 53)
(63.76 50 54)
(63.94 65 63)
(64.02 48 53)
(64.02 55 57)
(64.23 42 50)
(64.23 45 52)
(64.29 43 50)
(64.29 59 60)
(64.65 74 68)
(64.65 77 70)
(64.65 81 73)
(64.86 45 52)
(64.91 47 53)
(65.0 74 68)
(65.01 67 64)
(65.36 79 71)
(65.36 80 72)
(65.57 45 52)
(65.57 57 59)
(65.72 48 53)
(65.72 76 70)
(66.08 72 67)
(66.16 60 60)
(66.26 62 61)
(66.36 64 63)
(66.36 76 70)
(66.44 65 63)
(66.44 69 66)
(66.8 45 52)
(66.8 77 70)
(66.9 45 52)
(66.9 64 63)
(66.9 76 70)
(66.98 62 61)
(67.06 60 60)
(67.06 72 67)
(67.06 79 71)
(67.15 59 60)
(67.15 74 68)
(67.15 75 69)
(67.51 62 61)
(67.51 71 67)
(67.68 48 53)
(67.77 50 54)
(67.87 52 56)
(67.87 59 60)
(67.87 68 65)
(68.22 76 70)
(68.23 68 65)
(68.31 50 54)
(68.39 48 53)
(68.48 47 53)
(68.58 45 52)
(68.58 69 66)
(68.58 72 67)
(68.75 47 53)
(68.84 48 53)
(68.84 67 64)
(68.94 50 54)
(69.03 52 56)
(69.13 54 57)
(69.21 56 58)
(69.29 57 59)
(69.37 71 67)
(69.37 83 74)
(69.47 69 66)
(69.56 67 64)
(69.65 65 63)
(69.76 64 63)
(69.76 76 70)
(69.83 62 61)
(69.91 60 60)
(69.91 79 71)
(69.92 72 67)
(70.01 62 61)
(70.09 71 67)
(70.09 83 74)
(70.18 72 67)
(70.27 74 68)
(70.36 59 60)
(70.36 68 65)
(70.36 71 67)
(70.36 76 70)
(70.46 78 71)
(70.54 45 52)
(70.54 54 57)
(70.63 81 73)
(70.72 45 52)
(70.72 52 56)
(70.72 55 57)
(70.72 84 74)
(70.81 81 73)
(70.9 80 72)
(71.0 78 71)
(71.07 76 70)
(71.07 78 71)
(71.08 50 54)
(71.16 76 70)
(71.17 74 68)
(71.25 72 67)
(71.34 71 67)
(71.43 48 53)
(71.43 76 70)
(71.52 74 68)
(71.62 72 67)
(71.7 71 67)
(71.79 69 66)
(71.9 68 65)
(71.98 66 64)
(72.08 64 63)
(72.08 76 70)
(72.15 53 56)
(72.15 69 66)
(72.24 67 64)
(72.33 65 63)
(72.33 77 70)
(72.43 64 63)
(72.43 76 70)
(72.51 62 61)
(72.59 60 60)
(72.6 72 67)
(72.68 59 60)
(72.77 57 59)
(72.86 45 52)
(72.86 53 56)
(72.97 45 52)
(72.97 64 63)
(73.05 62 61)
(73.13 60 60)
(73.13 79 71)
(73.21 59 60)
(73.3 57 59)
(73.4 56 58)
(73.5 54 57)
(73.58 62 61)
(73.66 60 60)
(73.67 72 67)
(73.75 59 60)
(73.84 57 59)
(73.94 56 58)
(74.03 54 57)
(74.12 52 56)
(74.2 51 55)
(74.29 52 56)
(74.65 45 52)
(74.65 50 54)
(74.76 64 63)
(74.76 76 70)
(74.84 66 64)
(74.93 47 53)
(74.93 68 65)
(75.01 47 53)
(75.01 68 65)
(75.37 52 56)
(75.37 76 70)
(75.55 66 64)
(75.65 68 65)
(75.72 48 53)
(75.72 69 66)
(76.11 45 52)
(76.16 45 52)
(76.16 59 60)
(76.16 71 67)
(76.25 60 60)
(76.35 62 61)
(76.44 40 49)
(76.8 43 50)
(76.8 55 57)
(76.96 59 60)
(76.96 71 67)
(77.06 61 61)
(77.15 41 49)
(77.15 62 61)
(77.34 50 54)
(77.5 65 63)
(77.5 71 67)
(77.7 68 65)
(77.87 64 63)
(77.87 68 65)
(77.87 76 70)
(78.22 59 60)
(78.22 68 65)
(78.41 38 47)
(78.41 45 52)
(78.58 45 52)
(78.58 69 66)
