(0.59 65 63)
(1.13 77 70)
(1.93 65 63)
(2.34 77 70)
(2.62 65 63)
(2.92 76 70)
(3.59 66 64)
(4.01 76 70)
(4.28 66 64)
(4.6 75 69)
(5.31 67 64)
(5.66 75 69)
(5.97 67 64)
(6.28 74 68)
(7.25 68 65)
(7.67 74 68)
(8.07 68 65)
(8.63 41 49)
(8.63 73 68)
(9.27 75 69)
(9.28 63 62)
(9.29 53 56)
(9.52 69 65)
(9.75 73 68)
(9.95 69 65)
(10.13 69 65)
(10.17 46 52)
(10.46 70 66)
(10.61 61 61)
(10.61 70 66)
(11.17 61 61)
(11.17 70 66)
(11.18 51 55)
(11.63 44 51)
(11.63 77 70)
(12.05 56 58)
(12.05 66 64)
(12.26 72 67)
(12.49 77 70)
(12.5 56 58)
(12.67 72 67)
(12.84 49 54)
(12.84 72 67)
(13.15 73 68)
(13.25 56 58)
(13.25 65 63)
(13.25 68 65)
(13.25 73 68)
(13.71 73 68)
(13.72 55 57)
(13.72 65 63)
(14.25 68 65)
(14.25 80 72)
(14.8 65 63)
(14.81 60 60)
(14.81 70 66)
(15.02 76 70)
(15.19 80 72)
(15.2 67 64)
(15.21 60 60)
(15.37 76 70)
(15.5 76 70)
(15.53 53 56)
(15.81 77 70)
(15.92 60 60)
(15.92 68 65)
(15.92 77 70)
(16.46 77 70)
(16.46 89 77)
(16.91 41 49)
(16.91 81 72)
(17.31 78 71)
(17.31 90 78)
(17.43 60 60)
(17.43 63 62)
(17.95 63 62)
(17.95 69 65)
(18.49 72 67)
(18.49 84 74)
(19.12 53 56)
(19.12 61 61)
(19.12 65 63)
(19.46 70 66)
(19.83 68 65)
(20.14 66 64)
(20.51 46 52)
(20.51 65 63)
(21.01 63 62)
(21.29 66 64)
(21.29 69 65)
(21.59 63 62)
(21.59 65 63)
(21.78 63 62)
(21.78 75 69)
(21.94 63 62)
(22.24 61 61)
(22.24 70 66)
(22.37 58 59)
(22.37 61 61)
(22.37 68 65)
(22.37 70 66)
(22.85 67 64)
(22.85 70 66)
(23.32 56 58)
(23.32 68 65)
(23.32 77 70)
(23.79 56 58)
(23.79 66 64)
(23.96 72 67)
(24.21 56 58)
(24.21 68 65)
(24.21 77 70)
(24.39 72 67)
(24.4 66 64)
(24.54 66 64)
(24.55 49 54)
(24.83 65 63)
(24.83 73 68)
(24.93 56 58)
(24.93 61 61)
(24.93 65 63)
(24.93 68 65)
(25.37 71 67)
(25.37 73 68)
(25.38 55 57)
(25.87 72 67)
(25.87 80 72)
(25.87 84 74)
(25.88 68 65)
(26.35 70 66)
(26.36 60 60)
(26.56 73 68)
(26.56 76 70)
(26.8 60 60)
(26.8 70 66)
(26.8 80 72)
(26.97 70 66)
(26.97 76 70)
(27.11 70 66)
(27.16 53 56)
(27.42 69 65)
(27.42 77 70)
(27.53 60 60)
(27.53 65 63)
(27.53 69 65)
(27.75 53 56)
(28.04 77 70)
(28.04 89 77)
(28.05 60 60)
(28.51 41 49)
(28.51 80 72)
(28.51 92 79)
(28.95 78 71)
(28.95 90 78)
(29.08 63 62)
(29.73 69 65)
(29.74 60 60)
(29.74 63 62)
(30.29 46 52)
(30.29 70 66)
(30.91 53 56)
(30.91 61 61)
(31.71 61 61)
(32.61 44 51)
(32.95 66 64)
(33.03 60 60)
(33.3 68 65)
(33.46 75 69)
(33.91 70 66)
(34.21 68 65)
(34.22 65 63)
(34.23 61 61)
(34.31 53 56)
(34.43 65 63)
(34.43 68 65)
(34.58 77 70)
(34.6 56 58)
(34.6 61 61)
(34.92 70 66)
(35.18 66 64)
(35.19 68 65)
(35.26 60 60)
(35.45 66 64)
(35.45 68 65)
(35.6 56 58)
(35.88 65 63)
(35.88 71 67)
(36.07 82 73)
(36.08 49 54)
(36.48 56 58)
(36.55 59 60)
(36.65 65 63)
(37.09 80 72)
(37.17 71 67)
(37.17 83 74)
(37.58 80 72)
(37.65 70 66)
(37.66 51 55)
(38.03 80 72)
(38.1 70 66)
(38.13 58 59)
(38.14 54 57)
(38.14 63 62)
(38.42 80 72)
(38.49 70 66)
(38.5 42 50)
(38.77 78 71)
(38.83 69 65)
(39.11 78 71)
(39.19 61 61)
(39.19 68 65)
(39.48 78 71)
(39.55 68 65)
(39.8 77 70)
(39.88 56 58)
(39.88 67 64)
(40.14 77 70)
(40.21 56 58)
(40.21 60 60)
(40.21 66 64)
(40.51 77 70)
(40.59 66 64)
(40.6 56 58)
(40.6 60 60)
(40.86 75 69)
(40.97 49 54)
(40.97 65 63)
(41.32 75 69)
(41.32 87 76)
(41.44 56 58)
(41.44 61 61)
(41.44 65 63)
(41.44 68 65)
(41.44 73 68)
(41.55 75 69)
(41.64 73 68)
(41.79 72 67)
(41.8 43 50)
(41.8 64 63)
(42.29 70 66)
(42.43 60 60)
(42.43 70 66)
(42.79 66 64)
(42.79 68 65)
(42.87 60 60)
(43.07 66 64)
(43.07 68 65)
(43.2 75 69)
(43.56 37 47)
(43.56 70 66)
(43.83 65 63)
(43.83 68 65)
(43.93 61 61)
(43.97 53 56)
(44.08 65 63)
(44.08 68 65)
(44.23 77 70)
(44.25 65 63)
(44.26 61 61)
(44.57 56 58)
(44.57 63 62)
(44.57 70 66)
(44.84 66 64)
(44.84 68 65)
(44.94 60 60)
(44.95 51 55)
(45.13 66 64)
(45.13 68 65)
(45.29 51 55)
(45.29 60 60)
(45.55 65 63)
(45.56 71 67)
(45.73 37 47)
(45.73 49 54)
(45.73 82 73)
(46.13 56 58)
(46.2 59 60)
(46.25 65 63)
(46.68 80 72)
(46.78 83 74)
(46.79 71 67)
(46.8 50 54)
(46.8 62 61)
(47.16 80 72)
(47.27 51 55)
(47.27 70 66)
(47.7 80 72)
(47.78 70 66)
(47.8 58 59)
(47.81 63 62)
(47.81 75 69)
(48.19 42 50)
(48.19 70 66)
(48.5 78 71)
(48.57 56 58)
(48.57 69 65)
(48.87 78 71)
(48.92 61 61)
(48.93 68 65)
(49.23 78 71)
(49.3 61 61)
(49.3 68 65)
(49.55 77 70)
(49.63 67 64)
(49.89 76 70)
(49.97 60 60)
(49.97 66 64)
(50.24 75 69)
(50.32 65 63)
(50.62 74 68)
(50.72 64 63)
(50.72 83 74)
(51.15 73 68)
(51.24 63 62)
(51.24 75 69)
(51.86 73 68)
(51.98 63 62)
(51.98 75 69)
(52.91 73 68)
(53.15 63 62)
(53.96 60 60)
(54.28 66 64)
(54.55 61 61)
(54.56 65 63)
(54.56 73 68)
(54.79 62 61)
(54.79 63 62)
(54.79 75 69)
(55.01 63 62)
(55.33 61 61)
(55.34 70 66)
(55.46 58 59)
(55.46 61 61)
(55.46 65 63)
(55.46 70 66)
(55.98 67 64)
(55.98 70 66)
(55.99 61 61)
(56.52 56 58)
(56.52 68 65)
(56.52 77 70)
(57.06 56 58)
(57.06 66 64)
(57.25 72 67)
(57.48 68 65)
(57.48 77 70)
(57.67 66 64)
(57.67 72 67)
(58.16 65 63)
(58.16 73 68)
(58.27 56 58)
(58.27 61 61)
(58.71 73 68)
(58.72 55 57)
(58.72 71 67)
(59.27 68 65)
(59.27 72 67)
(59.27 80 72)
(59.27 84 74)
(59.83 60 60)
(59.83 70 66)
(60.01 73 68)
(60.01 76 70)
(60.21 80 72)
(60.38 70 66)
(60.38 76 70)
(60.52 76 70)
(60.85 69 65)
(60.85 77 70)
(60.96 60 60)
(60.96 77 70)
(61.42 77 70)
(61.42 89 77)
(61.92 41 49)
(62.33 78 71)
(62.33 90 78)
(62.48 60 60)
(62.48 63 62)
(63.01 69 65)
(63.05 63 62)
(63.59 46 52)
(63.59 72 67)
(64.13 61 61)
(64.16 53 56)
(64.68 70 66)
(64.91 61 61)
(64.91 70 66)
(65.1 68 65)
(65.3 66 64)
(65.57 46 52)
(65.57 65 63)
(65.57 73 68)
(65.97 68 65)
(65.98 66 64)
(66.29 65 63)
(66.54 66 64)
(66.54 69 65)
(66.76 63 62)
(66.97 63 62)
(67.13 63 62)
(67.44 61 61)
(67.44 70 66)
(67.58 58 59)
(67.58 61 61)
(67.58 70 66)
(67.98 67 64)
(67.98 70 66)
(68.22 70 66)
(68.43 56 58)
(68.43 68 65)
(68.43 77 70)
(68.72 71 67)
(68.75 69 65)
(68.99 66 64)
(68.99 68 65)
(69.21 69 65)
(69.21 72 67)
(69.4 66 64)
(69.4 68 65)
(69.4 77 70)
(69.41 56 58)
(69.41 60 60)
(69.57 72 67)
(69.58 66 64)
(69.73 49 54)
(69.73 60 60)
(69.73 66 64)
(70.03 44 51)
(70.03 65 63)
(70.03 73 68)
(70.13 61 61)
(70.13 73 68)
(70.14 49 54)
(70.15 56 58)
(70.43 55 57)
(70.5 71 67)
(70.51 65 63)
(70.51 73 68)
(70.61 75 69)
(70.71 73 68)
(70.89 68 65)
(70.89 72 67)
(70.89 80 72)
(71.1 75 69)
(71.14 73 68)
(71.35 67 64)
(71.35 72 67)
(71.36 70 66)
(71.6 73 68)
(71.6 76 70)
(71.78 80 72)
(71.79 61 61)
(71.79 70 66)
(71.96 70 66)
(71.96 76 70)
(72.14 53 56)
(72.41 69 65)
(72.41 77 70)
(72.51 77 70)
(72.52 60 60)
(72.52 65 63)
(72.52 69 65)
(73.01 77 70)
(73.01 89 77)
(73.02 60 60)
(73.53 80 72)
(73.53 92 79)
(73.54 41 49)
(73.97 78 71)
(73.97 90 78)
(74.08 60 60)
(74.09 63 62)
(74.73 60 60)
(74.73 63 62)
(74.73 69 65)
(75.26 46 52)
(75.26 58 59)
(75.26 70 66)
(75.82 53 56)
(75.82 61 61)
(76.63 51 55)
(76.63 61 61)
(77.48 44 51)
(77.92 66 64)
(78.02 56 58)
(78.02 60 60)
(78.23 66 64)
(78.23 68 65)
(78.43 75 69)
(78.44 60 60)
(78.88 37 47)
(78.88 70 66)
(79.2 68 65)
(79.29 61 61)
(79.31 56 58)
(79.45 65 63)
(79.45 68 65)
(79.62 77 70)
(79.63 56 58)
(79.63 61 61)
(79.97 70 66)
(79.98 44 51)
(80.26 66 64)
(80.26 68 65)
(80.28 60 60)
(80.49 66 64)
(80.93 61 61)
(80.93 65 63)
(80.93 71 67)
(81.1 37 47)
(81.1 49 54)
(81.1 82 73)
(81.44 56 58)
(81.51 59 60)
(81.67 65 63)
(82.16 80 72)
(82.26 50 54)
(82.26 71 67)
(82.67 80 72)
(82.75 70 66)
(82.76 51 55)
(83.11 80 72)
(83.19 70 66)
(83.19 75 69)
(83.2 54 57)
(83.2 63 62)
(83.21 58 59)
(83.58 42 50)
(83.58 70 66)
(83.83 78 71)
(83.92 56 58)
(84.19 78 71)
(84.26 49 54)
(84.26 61 61)
(84.26 68 65)
(84.55 78 71)
(84.63 68 65)
(84.65 61 61)
(84.89 77 70)
(84.96 67 64)
(85.26 77 70)
(85.31 66 64)
(85.32 60 60)
(85.65 77 70)
(85.72 56 58)
(85.72 60 60)
(85.72 66 64)
(86.04 75 69)
(86.12 49 54)
(86.12 65 63)
(86.5 75 69)
(86.62 56 58)
(86.62 61 61)
(86.62 65 63)
(86.62 68 65)
(86.62 73 68)
(86.75 75 69)
(86.83 68 65)
(86.83 73 68)
(86.98 64 63)
(86.98 72 67)
(86.99 43 50)
(87.42 70 66)
(87.55 70 66)
(87.56 60 60)
(87.89 66 64)
(87.89 68 65)
(87.98 56 58)
(87.98 60 60)
(88.15 66 64)
(88.15 68 65)
(88.32 75 69)
(88.33 60 60)
(88.34 51 55)
(88.68 70 66)
(88.95 65 63)
(88.95 68 65)
(89.04 56 58)
(89.04 61 61)
(89.19 65 63)
(89.19 68 65)
(89.34 61 61)
(89.34 77 70)
(89.65 70 66)
(89.89 66 64)
(89.89 68 65)
(89.98 60 60)
(90.14 66 64)
(90.3 78 71)
(90.52 61 61)
(90.52 65 63)
(90.53 49 54)
(90.69 49 54)
(90.69 82 73)
(91.11 56 58)
(91.2 59 60)
(91.2 65 63)
(91.63 80 72)
(91.71 83 74)
(91.72 71 67)
(91.73 50 54)
(91.73 62 61)
(92.17 80 72)
(92.32 51 55)
(92.32 70 66)
(92.88 58 59)
(92.88 75 69)
(93.23 80 72)
(93.32 42 50)
(93.61 78 71)
(93.71 44 51)
(93.71 56 58)
(93.99 78 71)
(94.07 61 61)
(94.08 68 65)
(94.46 68 65)
(94.47 49 54)
(94.47 53 56)
(94.47 61 61)
(94.74 77 70)
(94.82 67 64)
(95.1 76 70)
(95.17 66 64)
(95.18 60 60)
(95.45 75 69)
(95.52 65 63)
(95.86 74 68)
(95.96 64 63)
(96.39 73 68)
(96.52 63 62)
(96.52 75 69)
(97.18 73 68)
(97.32 63 62)
(98.16 73 68)
(98.43 51 55)
(98.43 63 62)
(99.24 60 60)
(99.55 66 64)
(99.82 65 63)
(100.06 63 62)
(100.26 46 52)
(100.26 63 62)
(100.57 61 61)
(100.57 70 66)
(100.71 61 61)
(100.71 70 66)
(101.27 61 61)
(101.27 67 64)
(101.27 70 66)
(101.82 44 51)
(101.82 77 70)
(101.83 56 58)
(102.34 66 64)
(102.36 56 58)
(102.54 72 67)
(102.75 77 70)
(102.77 56 58)
(102.93 72 67)
(102.95 66 64)
(103.09 72 67)
(103.41 65 63)
(103.41 73 68)
(103.53 56 58)
(103.53 61 61)
(103.53 65 63)
(104.03 71 67)
(104.03 73 68)
(104.04 55 57)
(104.62 72 67)
(104.63 80 72)
(105.15 60 60)
(105.15 70 66)
(105.34 73 68)
(105.34 76 70)
(105.55 80 72)
(105.56 60 60)
(105.56 70 66)
(105.73 76 70)
(105.74 70 66)
(105.87 70 66)
(105.87 76 70)
(106.22 69 65)
(106.22 77 70)
(106.35 60 60)
(106.35 77 70)
(106.86 77 70)
(106.86 89 77)
(107.38 41 49)
(107.38 53 56)
(107.76 78 71)
(107.76 90 78)
(107.9 60 60)
(107.9 63 62)
(108.5 69 65)
(109.04 46 52)
(109.04 72 67)
(109.57 61 61)
(109.6 53 56)
(110.15 70 66)
(110.37 61 61)
(110.37 70 66)
(110.56 68 65)
(110.75 66 64)
(111.03 46 52)
(111.03 65 63)
(111.32 68 65)
(111.37 66 64)
(111.61 63 62)
(111.61 65 63)
(111.83 66 64)
(111.83 69 65)
(112.07 61 61)
(112.07 65 63)
(112.31 63 62)
(112.48 63 62)
(112.77 61 61)
(112.77 70 66)
(112.89 58 59)
(112.89 61 61)
(113.31 67 64)
(113.31 70 66)
(113.43 72 67)
(113.56 70 66)
(113.74 56 58)
(113.74 68 65)
(114.02 71 67)
(114.05 69 65)
(114.25 66 64)
(114.25 68 65)
(114.26 60 60)
(114.46 69 65)
(114.46 72 67)
(114.65 56 58)
(114.65 60 60)
(114.65 66 64)
(114.65 68 65)
(114.65 77 70)
(114.84 66 64)
(114.84 72 67)
(115.01 49 54)
(115.3 61 61)
(115.3 65 63)
(115.3 73 68)
(115.39 65 63)
(115.4 56 58)
(115.4 61 61)
(115.71 55 57)
(115.76 71 67)
(115.77 73 68)
(115.88 75 69)
(115.98 73 68)
(115.98 85 75)
(116.15 60 60)
(116.15 80 72)
(116.43 73 68)
(116.43 75 69)
(116.61 67 64)
(116.61 70 66)
(116.61 72 67)
(116.79 73 68)
(116.79 76 70)
(116.97 70 66)
(116.97 72 67)
(116.97 80 72)
(117.15 70 66)
(117.32 53 56)
(117.32 65 63)
(117.32 70 66)
(117.32 72 67)
(117.63 69 65)
(117.63 77 70)
(117.73 60 60)
(117.73 65 63)
(117.73 69 65)
(118.19 89 77)
(118.2 60 60)
(118.2 77 70)
(118.67 41 49)
(118.67 80 72)
(118.67 92 79)
(119.11 78 71)
(119.11 90 78)
(119.23 60 60)
(119.23 63 62)
(119.23 72 67)
(119.88 53 56)
(119.88 60 60)
(119.88 63 62)
(119.88 69 65)
(120.49 46 52)
(120.49 58 59)
(120.49 70 66)
(121.24 61 61)
(122.16 65 63)
(122.16 77 70)
(123.2 78 71)
(124.0 61 61)
(124.23 64 63)
(124.43 60 60)
(124.62 70 66)
(124.63 58 59)
(125.08 70 66)
(125.53 65 63)
(125.53 77 70)
(125.73 68 65)
(125.95 78 71)
(125.96 66 64)
(126.56 61 61)
(126.77 64 63)
(126.98 60 60)
(127.22 70 66)
(128.26 60 60)
(128.26 64 63)
(128.27 55 57)
(128.27 58 59)
(128.79 57 58)
(128.79 65 63)
(129.26 57 58)
(129.26 60 60)
(129.26 65 63)
(129.7 55 57)
(129.7 60 60)
(129.7 64 63)
(129.7 72 67)
(129.9 70 66)
(129.92 58 59)
(130.11 65 63)
(130.12 60 60)
(130.62 57 58)
(130.62 65 63)
(130.63 60 60)
(131.03 70 66)
(131.05 55 57)
(131.05 58 59)
(131.05 60 60)
(131.05 64 63)
(131.49 60 60)
(131.49 65 63)
(131.96 57 58)
(131.97 60 60)
(131.97 65 63)
(132.51 58 59)
(132.51 64 63)
(132.81 67 64)
(133.09 65 63)
(134.42 77 70)
(135.0 66 64)
(135.76 61 61)
(135.98 64 63)
(136.17 60 60)
(136.36 58 59)
(136.36 70 66)
(136.88 70 66)
(137.48 65 63)
(137.48 77 70)
(137.9 66 64)
(138.69 61 61)
(138.97 64 63)
(139.21 60 60)
(139.53 70 66)
(140.87 55 57)
(140.87 58 59)
(140.87 60 60)
(140.87 64 63)
(141.45 57 58)
(141.45 65 63)
(141.94 57 58)
(141.94 60 60)
(141.94 65 63)
(142.43 60 60)
(142.43 72 67)
(142.69 58 59)
(142.88 60 60)
(142.88 65 63)
(143.37 65 63)
(143.85 55 57)
(143.85 58 59)
(143.85 64 63)
(143.85 70 66)
(144.35 57 58)
(144.35 60 60)
(144.35 65 63)
(144.89 57 58)
(144.9 60 60)
(144.9 65 63)
(145.46 55 57)
(145.46 58 59)
(145.46 64 63)
(145.74 67 64)
(146.03 65 63)
(146.85 65 63)
(147.31 42 50)
(147.5 66 64)
(147.6 65 63)
(147.73 58 59)
(147.73 63 62)
(147.73 75 69)
(147.9 65 63)
(148.07 39 48)
(148.07 66 64)
(148.07 70 66)
(148.23 68 65)
(148.41 42 50)
(148.41 72 67)
(148.95 70 66)
(149.44 58 59)
(149.89 44 51)
(149.89 56 58)
(150.32 66 64)
(150.46 60 60)
(150.46 66 64)
(150.53 68 65)
(150.62 66 64)
(150.79 60 60)
(150.79 65 63)
(150.94 63 62)
(150.94 66 64)
(150.94 75 69)
(151.11 37 47)
(151.11 65 63)
(151.6 61 61)
(153.03 65 63)
(153.04 42 50)
(153.22 66 64)
(153.34 65 63)
(153.5 57 58)
(153.5 63 62)
(153.67 65 63)
(153.87 66 64)
(154.07 68 65)
(154.32 42 50)
(154.32 71 67)
(155.0 61 61)
(155.01 69 65)
(156.13 56 58)
(156.72 66 64)
(156.85 60 60)
(156.96 68 65)
(157.05 66 64)
(157.22 64 63)
(157.44 63 62)
(157.44 75 69)
(157.66 37 47)
(157.66 64 63)
(158.28 61 61)
(158.29 56 58)
(158.85 56 58)
(158.85 64 63)
(159.52 45 51)
(159.52 64 63)
(159.67 69 65)
(159.76 68 65)
(159.89 66 64)
(159.9 61 61)
(159.92 64 63)
(160.07 66 64)
(160.07 68 65)
(160.23 69 65)
(160.24 61 61)
(160.24 64 63)
(160.4 71 67)
(160.6 45 51)
(160.6 75 69)
(161.14 61 61)
(161.14 73 68)
(161.15 64 63)
(161.56 54 57)
(161.56 61 61)
(161.56 64 63)
(161.92 47 53)
(161.92 59 60)
(162.34 69 65)
(162.45 54 57)
(162.45 57 58)
(162.45 63 62)
(162.57 71 67)
(162.57 83 74)
(162.66 69 65)
(162.79 63 62)
(162.79 68 65)
(162.95 66 64)
(163.14 40 49)
(163.14 68 65)
(163.63 56 58)
(163.63 59 60)
(163.63 64 63)
(163.63 83 74)
(164.14 56 58)
(164.93 64 63)
(165.11 66 64)
(165.27 64 63)
(165.43 63 62)
(165.43 75 69)
(165.63 64 63)
(165.87 66 64)
(166.12 68 65)
(166.44 68 65)
(166.44 71 67)
(166.97 61 61)
(168.32 44 51)
(168.32 56 58)
(168.82 66 64)
(168.96 60 60)
(168.96 66 64)
(169.06 68 65)
(169.17 66 64)
(169.39 60 60)
(169.39 65 63)
(169.62 60 60)
(169.62 63 62)
(169.62 75 69)
(169.91 70 66)
(170.51 60 60)
(170.52 54 57)
(170.53 51 55)
(171.28 68 65)
(172.07 44 51)
(172.07 65 63)
(172.24 66 64)
(172.36 65 63)
(172.5 54 57)
(172.5 60 60)
(172.5 63 62)
(172.5 75 69)
(172.67 65 63)
(172.84 51 55)
(172.84 54 57)
(172.84 60 60)
(172.84 66 64)
(173.0 68 65)
(173.16 56 58)
(173.17 44 51)
(173.17 72 67)
(173.69 60 60)
(173.69 70 66)
(174.12 60 60)
(174.5 56 58)
(174.5 68 65)
(174.5 75 69)
(174.91 66 64)
(175.05 60 60)
(175.05 66 64)
(175.21 66 64)
(175.36 65 63)
(175.37 60 60)
(175.52 63 62)
(175.52 75 69)
(175.69 37 47)
(175.69 65 63)
(176.17 56 58)
(176.17 61 61)
(176.17 68 65)
(176.65 56 58)
(177.3 65 63)
(177.48 66 64)
(177.6 65 63)
(177.76 63 62)
(177.76 75 69)
(177.77 57 58)
(177.94 65 63)
(178.13 66 64)
(178.38 68 65)
(178.61 71 67)
(179.21 69 65)
(179.84 61 61)
(180.34 56 58)
(180.92 66 64)
(181.08 60 60)
(181.08 66 64)
(181.16 68 65)
(181.26 66 64)
(181.46 64 63)
(181.67 63 62)
(181.67 75 69)
(181.88 64 63)
(182.5 61 61)
(182.52 56 58)
(183.02 56 58)
(183.49 68 65)
(183.62 45 51)
(183.75 69 65)
(183.86 68 65)
(184.0 61 61)
(184.0 64 63)
(184.0 66 64)
(184.15 68 65)
(184.32 61 61)
(184.32 64 63)
(184.32 69 65)
(184.48 71 67)
(184.64 75 69)
(184.67 45 51)
(185.15 73 68)
(185.16 54 57)
(185.16 61 61)
(185.17 64 63)
(185.53 54 57)
(185.53 61 61)
(185.53 64 63)
(185.89 47 53)
(185.89 59 60)
(186.24 54 57)
(186.24 59 60)
(186.36 57 58)
(186.36 69 65)
(186.49 63 62)
(186.49 75 69)
(186.63 71 67)
(186.75 69 65)
(186.85 54 57)
(186.87 68 65)
(187.03 66 64)
(187.2 40 49)
(187.2 68 65)
(187.74 56 58)
(187.74 64 63)
(188.28 56 58)
(188.28 59 60)
(188.95 64 63)
(189.1 42 50)
(189.1 64 63)
(189.1 83 74)
(189.31 66 64)
(189.38 64 63)
(189.45 66 64)
(189.53 64 63)
(189.6 66 64)
(189.67 64 63)
(189.75 66 64)
(189.79 64 63)
(189.96 63 62)
(189.96 66 64)
(189.96 75 69)
(190.22 64 63)
(190.44 66 64)
(190.67 68 65)
(190.93 71 67)
(191.57 51 55)
(191.57 61 61)
(192.3 61 61)
(193.18 44 51)
(193.18 56 58)
(193.77 66 64)
(193.92 66 64)
(194.11 66 64)
(194.35 65 63)
(194.55 63 62)
(194.55 75 69)
(194.75 44 51)
(194.75 56 58)
(195.12 66 64)
(195.12 70 66)
(195.24 70 66)
(195.25 60 60)
(195.33 70 66)
(195.55 65 63)
(195.71 66 64)
(195.71 75 69)
(195.72 63 62)
(195.92 44 51)
(195.92 56 58)
(196.29 66 64)
(196.3 75 69)
(196.3 87 76)
(196.41 60 60)
(196.41 75 69)
(196.71 65 63)
(196.71 73 68)
(196.88 72 67)
(196.89 63 62)
(196.89 75 69)
(197.13 44 51)
(197.13 56 58)
(197.13 60 60)
(197.26 56 58)
(197.49 69 65)
(197.49 78 71)
(197.59 70 66)
(197.59 78 71)
(197.68 66 64)
(197.91 68 65)
(198.08 66 64)
(198.08 75 69)
(198.57 78 71)
(198.65 66 64)
(198.65 69 65)
(198.99 78 71)
(199.38 78 71)
(199.46 69 65)
(199.77 78 71)
(200.14 78 71)
(200.21 68 65)
(200.5 77 70)
(200.6 67 64)
(200.91 76 70)
(200.99 66 64)
(201.33 75 69)
(201.42 65 63)
(201.86 74 68)
(201.93 64 63)
(201.94 83 74)
(202.48 73 68)
(202.59 63 62)
(202.59 75 69)
(203.33 73 68)
(203.45 63 62)
(203.45 75 69)
(204.53 73 68)
(204.82 63 62)
(205.69 60 60)
(206.05 66 64)
(206.33 65 63)
(206.55 63 62)
(206.55 69 65)
(207.14 61 61)
(207.14 70 66)
(207.29 53 56)
(207.29 58 59)
(207.29 61 61)
(207.29 70 66)
(207.9 67 64)
(207.9 70 66)
(207.91 61 61)
(208.51 77 70)
(209.11 66 64)
(209.12 56 58)
(209.34 72 67)
(209.54 77 70)
(209.56 56 58)
(209.73 66 64)
(209.73 72 67)
(209.91 66 64)
(210.28 65 63)
(210.28 73 68)
(210.4 56 58)
(210.4 61 61)
(210.4 65 63)
(210.9 55 57)
(210.9 65 63)
(210.9 71 67)
(210.9 73 68)
(211.41 72 67)
(211.41 80 72)
(211.41 84 74)
(211.42 36 46)
(211.43 48 53)
(211.88 60 60)
(211.88 70 66)
(212.08 73 68)
(212.08 76 70)
(212.36 60 60)
(212.36 70 66)
(212.36 80 72)
(212.54 76 70)
(212.7 76 70)
(212.71 70 66)
(212.72 53 56)
(213.04 69 65)
(213.04 77 70)
(213.15 60 60)
(213.15 65 63)
(213.63 60 60)
(213.63 77 70)
(213.63 89 77)
(214.06 41 49)
(214.41 78 71)
(214.41 90 78)
(214.56 60 60)
(214.56 63 62)
(214.56 78 71)
(215.17 69 65)
(215.75 46 52)
(215.75 58 59)
(215.75 72 67)
(216.4 61 61)
(216.42 53 56)
(216.97 70 66)
(217.23 61 61)
(217.23 70 66)
(217.45 68 65)
(217.64 66 64)
(217.88 65 63)
(217.88 73 68)
(217.89 46 52)
(218.23 68 65)
(218.27 66 64)
(218.54 65 63)
(218.55 63 62)
(218.78 66 64)
(218.79 69 65)
(219.02 63 62)
(219.02 65 63)
(219.31 63 62)
(219.31 75 69)
(219.49 63 62)
(219.84 61 61)
(219.84 70 66)
(219.97 58 59)
(219.97 61 61)
(219.97 65 63)
(219.97 70 66)
(220.37 39 48)
(220.37 67 64)
(220.37 70 66)
(220.5 72 67)
(220.5 84 74)
(220.64 39 48)
(220.64 70 66)
(220.86 56 58)
(220.86 68 65)
(220.86 77 70)
(221.15 71 67)
(221.18 69 65)
(221.37 66 64)
(221.37 68 65)
(221.43 56 58)
(221.43 60 60)
(221.58 69 65)
(221.58 72 67)
(221.78 77 70)
(221.97 66 64)
(221.97 72 67)
(222.13 72 67)
(222.14 49 54)
(222.43 65 63)
(222.43 73 68)
(222.54 56 58)
(222.54 58 59)
(222.54 61 61)
(222.54 65 63)
(222.98 55 57)
(222.98 65 63)
(222.98 71 67)
(222.98 73 68)
(223.1 75 69)
(223.21 73 68)
(223.36 80 72)
(223.37 48 53)
(223.57 75 69)
(223.59 73 68)
(223.77 72 67)
(223.78 67 64)
(223.78 70 66)
(223.96 73 68)
(223.96 76 70)
(224.15 60 60)
(224.15 68 65)
(224.15 70 66)
(224.15 72 67)
(224.15 80 72)
(224.34 70 66)
(224.34 76 70)
(224.53 53 56)
(224.82 69 65)
(224.82 77 70)
(224.93 48 53)
(224.93 60 60)
(224.93 65 63)
(224.93 77 70)
(225.17 65 63)
(225.43 77 70)
(225.43 89 77)
(225.93 41 49)
(225.93 80 72)
(226.43 78 71)
(226.43 90 78)
(226.56 60 60)
(226.56 63 62)
(226.56 75 69)
(227.34 69 65)
(227.35 60 60)
(227.35 63 62)
(228.01 58 59)
(228.01 70 66)
(228.69 61 61)
(229.53 61 61)
(230.2 46 52)
(230.75 72 67)
(230.93 72 67)
(230.94 58 59)
(230.94 63 62)
(231.45 58 59)
(231.45 72 67)
(231.46 63 62)
(231.9 72 67)
(232.18 73 68)
(232.41 51 55)
(232.41 64 63)
(232.42 55 57)
(232.42 58 59)
(232.91 55 57)
(232.91 58 59)
(232.91 64 63)
(233.34 46 52)
(233.58 72 67)
(233.84 55 57)
(233.84 60 60)
(233.84 64 63)
(234.4 55 57)
(234.4 60 60)
(234.65 70 66)
(234.87 34 45)
(234.87 46 52)
(235.12 66 64)
(235.35 61 61)
(235.36 64 63)
(235.89 54 57)
(235.89 61 61)
(236.55 72 67)
(236.86 70 66)
(237.11 63 62)
(237.12 70 66)
(237.14 60 60)
(237.57 60 60)
(237.57 63 62)
(237.58 54 57)
(237.8 66 64)
(237.99 68 65)
(238.26 65 63)
(238.49 61 61)
(238.49 65 63)
(238.98 61 61)
(239.48 46 52)
(239.48 72 67)
(239.75 70 66)
(240.01 58 59)
(240.01 70 66)
(240.59 58 59)
(240.6 60 60)
(240.8 63 62)
(240.8 75 69)
(241.0 65 63)
(241.06 46 52)
(241.06 63 62)
(241.31 61 61)
(241.58 61 61)
(243.15 70 66)
(243.65 72 67)
(244.33 72 67)
(244.35 63 62)
(244.37 58 59)
(244.84 46 52)
(244.84 72 67)
(245.17 73 68)
(245.51 55 57)
(245.51 58 59)
(245.51 64 63)
(245.51 73 68)
(246.19 64 63)
(246.21 55 57)
(246.7 46 52)
(247.02 72 67)
(247.02 84 74)
(247.31 55 57)
(247.31 60 60)
(247.31 64 63)
(247.31 72 67)
(247.98 60 60)
(247.98 64 63)
(247.99 55 57)
(248.28 70 66)
(248.54 46 52)
(248.86 66 64)
(249.11 61 61)
(249.12 64 63)
(249.66 61 61)
(249.66 64 63)
(250.42 46 52)
(250.42 72 67)
(250.75 70 66)
(251.03 54 57)
(251.03 63 62)
(251.03 70 66)
(251.71 63 62)
(252.24 66 64)
(252.48 68 65)
(252.55 46 52)
(252.55 66 64)
(252.88 65 63)
(253.25 62 61)
(253.25 65 63)
(253.26 53 56)
(253.88 62 61)
(254.45 46 52)
(255.01 60 60)
(256.2 46 52)
(258.59 46 52)
(259.08 72 67)
(259.39 63 62)
(260.19 72 67)
(260.47 76 70)
(260.76 72 67)
(261.06 74 68)
(261.61 63 62)
(261.94 72 67)
(262.27 72 67)
(262.62 70 66)
(262.93 63 62)
(262.94 54 57)
(264.01 66 64)
(264.32 46 52)
(264.7 65 63)
(265.04 65 63)
(266.83 46 52)
(267.34 72 67)
(267.68 63 62)
(268.61 72 67)
(268.93 77 70)
(269.23 72 67)
(269.54 74 68)
(270.72 72 67)
(271.18 46 52)
(271.18 72 67)
(271.63 70 66)
(272.14 70 66)
(273.32 66 64)
(277.83 68 65)
(278.03 66 64)
(278.57 65 63)
(279.02 62 61)
(279.02 65 63)
(280.23 62 61)
(280.81 62 61)
(280.82 53 56)
(281.44 62 61)
(282.16 41 49)
(282.89 57 58)
(282.89 60 60)
(282.9 53 56)
(283.54 60 60)
(284.38 65 63)
(284.39 38 47)
(285.2 62 61)
(285.24 57 58)
(285.25 53 56)
(285.97 62 61)
(287.03 34 45)
(287.03 46 52)
(287.03 53 56)
(289.25 46 52)
(289.93 58 59)
(293.36 72 67)
(293.89 70 66)
(294.46 70 66)
(296.29 66 64)
(297.0 66 64)
(297.78 65 63)
