(-1 65 63 1 0)
(0 77 70 2 0)
(2 77 70 1 0)
(3 76 69 2 0)
(5 76 69 1 0)
(6 75 69 2 0)
(8 75 69 1 0)
(9 74 68 2 0)
(11 74 68 1 0)
(12 73 68 2 0)
(14 73 68 4 0)
(18 77 70 2 0)
(20 77 70 4 0)
(24 80 72 2 0)
(26 80 72 3 0)
(29 89 77 7/4 0)
(123/4 90 78 1/4 0)
(31 90 78 1 0)
(32 72 67 1 1)
(33 84 74 3/2 0)
(69/2 82 73 1/2 0)
(35 68 65 1/2 0)
(71/2 66 64 1/2 0)
(36 73 68 3/2 0)
(75/2 69 65 1/2 0)
(38 73 68 1/2 0)
(77/2 69 65 1/2 0)
(39 69 65 3/4 0)
(159/4 70 66 1/4 0)
(40 70 66 1 0)
(41 70 66 1 0)
(42 77 70 3/2 0)
(87/2 72 67 1/2 0)
(44 77 70 1/2 0)
(89/2 72 67 1/2 0)
(45 72 67 3/4 0)
(183/4 73 68 1/4 0)
(46 73 68 1 0)
(47 73 68 1 0)
(48 80 72 3/2 0)
(99/2 76 69 1/2 0)
(50 80 72 1/2 0)
(101/2 76 69 1/2 0)
(51 76 69 3/4 0)
(207/4 77 70 1/4 0)
(52 77 70 1 0)
(53 89 77 1 0)
(54 92 79 3/4 0)
(219/4 90 78 1/4 0)
(55 90 78 1 0)
(56 69 65 1 0)
(57 70 66 7/2 0)
(243/4 68 65 1/4 0)
(61 60 60 1/2 0)
(123/2 68 65 1/2 0)
(62 75 69 1 0)
(63 70 66 1/2 0)
(255/4 68 65 1/4 0)
(64 61 61 1/2 0)
(129/2 68 65 1/2 0)
(65 77 70 1 0)
(66 70 66 1/2 0)
(267/4 68 65 1/4 0)
(67 60 60 1/2 0)
(135/2 68 65 1/2 0)
(68 78 71 1 0)
(69 82 73 3/2 0)
(283/4 80 72 1/4 0)
(71 71 67 3/4 0)
(287/4 80 72 1/4 0)
(72 70 66 7/8 0)
(583/8 80 72 1/8 0)
(73 70 66 7/8 0)
(591/8 80 72 1/8 0)
(74 70 66 7/8 0)
(599/8 78 71 1/8 0)
(75 69 66 7/8 0)
(607/8 78 71 1/8 0)
(76 68 65 7/8 0)
(615/8 78 71 1/8 0)
(77 68 65 7/8 0)
(623/8 77 70 1/8 0)
(78 67 64 7/8 0)
(631/8 77 70 1/8 0)
(79 66 64 7/8 0)
(639/8 77 70 1/8 0)
(80 66 64 7/8 0)
(647/8 75 69 1/8 0)
(81 65 63 7/8 0)
(655/8 75 69 1/8 0)
(82 73 68 1/3 0)
(247/3 75 69 1/3 0)
(248/3 73 68 1/3 0)
(83 72 67 1/2 0)
(671/8 70 66 1/8 0)
(84 70 66 1/2 0)
(339/4 68 65 1/4 0)
(85 60 60 1/2 0)
(171/2 68 65 1/2 0)
(86 75 69 1 0)
(87 70 66 1/2 0)
(351/4 68 65 1/4 0)
(88 61 61 1/2 0)
(177/2 68 65 1/2 0)
(89 77 70 1 0)
(90 70 66 1/2 0)
(363/4 68 65 1/4 0)
(91 60 60 1/2 0)
(183/2 68 65 1/2 0)
(92 78 71 1 0)
(93 82 73 3/2 0)
(379/4 80 72 1/4 0)
(95 71 67 3/4 0)
(383/4 80 72 1/4 0)
(96 70 66 7/8 0)
(775/8 80 72 1/8 0)
(97 70 66 7/8 0)
(783/8 80 72 1/8 0)
(98 70 66 3/4 0)
(791/8 78 71 1/8 0)
(99 69 66 7/8 0)
(799/8 78 71 1/8 0)
(100 68 65 7/8 0)
(807/8 78 71 1/8 0)
(101 68 65 7/8 0)
(815/8 77 70 1/8 0)
(102 67 64 7/8 0)
(823/8 76 69 1/8 0)
(103 66 64 7/8 0)
(831/8 75 69 1/8 0)
(104 65 63 7/8 0)
(839/8 74 68 1/8 0)
(105 64 63 7/8 0)
(847/8 73 68 1/8 0)
(106 63 62 7/8 0)
(855/8 73 68 1/8 0)
(107 63 62 7/8 0)
(863/8 73 68 13/8 0)
(219/2 69 65 1/2 0)
(110 73 68 1/2 0)
(221/2 69 65 1/2 0)
(111 69 65 3/4 0)
(447/4 70 66 1/4 0)
(112 70 66 1 0)
(113 70 66 1 0)
(114 77 70 3/2 0)
(231/2 72 67 1/2 0)
(116 77 70 1/2 0)
(233/2 72 67 1/2 0)
(117 72 67 3/4 0)
(471/4 73 68 1/4 0)
(118 73 68 1 0)
(119 73 68 1 0)
(120 80 72 3/2 0)
(243/2 76 69 1/2 0)
(122 80 72 1/2 0)
(245/2 76 69 1/2 0)
(123 76 69 3/4 0)
(495/4 77 70 1/4 0)
(124 77 70 1 0)
(125 89 77 7/4 0)
(507/4 90 78 1/4 0)
(127 90 78 1 0)
(128 72 67 1 1)
(129 72 67 3/2 0)
(261/2 70 66 1/2 0)
(131 70 66 1/3 0)
(394/3 68 65 1/3 0)
(395/3 66 64 1/3 0)
(132 73 68 3/2 0)
(267/2 69 65 1/2 0)
(134 73 68 1/2 0)
(269/2 69 65 1/2 0)
(135 69 65 3/4 0)
(543/4 70 66 1/4 0)
(136 70 66 1 0)
(137 70 66 1/3 0)
(412/3 72 67 1/3 0)
(413/3 70 66 1/3 0)
(138 77 70 3/2 0)
(279/2 72 67 1/2 0)
(140 77 70 1/2 0)
(281/2 72 67 1/2 0)
(141 72 67 3/4 0)
(567/4 73 68 1/4 0)
(142 73 68 1 0)
(143 73 68 1/3 0)
(430/3 75 69 1/3 0)
(431/3 73 68 1/3 0)
(144 80 72 3/2 0)
(291/2 76 69 1/2 0)
(146 80 72 1/2 0)
(293/2 76 69 1/2 0)
(147 76 69 3/4 0)
(591/4 77 70 1/4 0)
(148 77 70 1 0)
(149 89 77 1 0)
(150 92 79 3/4 0)
(603/4 90 78 1/4 0)
(151 90 78 1 0)
(152 69 65 1 0)
(153 70 66 3 0)
(156 44 51 3/4 1)
(627/4 68 65 1/4 0)
(157 60 60 1/2 0)
(315/2 68 65 1/2 0)
(158 75 69 1 0)
(159 70 66 1/2 0)
(639/4 68 65 1/4 0)
(160 61 61 1/2 0)
(321/2 68 65 1/2 0)
(161 77 70 1 0)
(162 70 66 1/2 0)
(651/4 68 65 1/4 0)
(163 60 60 1/2 0)
(327/2 68 65 1/2 0)
(164 78 71 1 0)
(165 82 73 3/2 0)
(667/4 80 72 1/4 0)
(167 71 67 3/4 0)
(671/4 80 72 1/4 0)
(168 70 66 7/8 0)
(1351/8 80 72 1/8 0)
(169 70 66 7/8 0)
(1359/8 80 72 1/8 0)
(170 70 66 7/8 0)
(1367/8 78 71 1/8 0)
(171 69 66 7/8 0)
(1375/8 78 71 1/8 0)
(172 68 65 7/8 0)
(1383/8 78 71 1/8 0)
(173 68 65 7/8 0)
(1391/8 77 70 1/8 0)
(174 67 64 7/8 0)
(1399/8 77 70 1/8 0)
(175 66 64 7/8 0)
(1407/8 77 70 1/8 0)
(176 66 64 7/8 0)
(1415/8 75 69 1/8 0)
(177 65 63 7/8 0)
(1423/8 75 69 1/8 0)
(178 73 68 1/3 0)
(535/3 75 69 1/3 0)
(536/3 73 68 1/3 0)
(179 72 67 1/2 0)
(1439/8 70 66 1/8 0)
(180 70 66 1/2 0)
(723/4 68 65 1/4 0)
(181 60 60 1/2 0)
(363/2 68 65 1/2 0)
(182 75 69 1 0)
(183 70 66 1/2 0)
(735/4 68 65 1/4 0)
(184 61 61 1/2 0)
(369/2 68 65 1/2 0)
(185 77 70 1 0)
(186 70 66 1/2 0)
(747/4 68 65 1/4 0)
(187 60 60 1/2 0)
(375/2 68 65 1/2 0)
(188 78 71 1 0)
(189 82 73 3/2 0)
(763/4 80 72 1/4 0)
(191 71 67 3/4 0)
(767/4 80 72 1/4 0)
(192 70 66 7/8 0)
(1543/8 80 72 1/8 0)
(193 70 66 7/8 0)
(1551/8 80 72 1/8 0)
(194 70 66 3/4 0)
(1559/8 78 71 1/8 0)
(195 69 66 7/8 0)
(1567/8 78 71 1/8 0)
(196 68 65 7/8 0)
(1575/8 78 71 1/8 0)
(197 68 65 7/8 0)
(1583/8 77 70 1/8 0)
(198 67 64 7/8 0)
(1591/8 76 69 1/8 0)
(199 66 64 7/8 0)
(1599/8 75 69 1/8 0)
(200 65 63 7/8 0)
(1607/8 74 68 1/8 0)
(201 64 63 7/8 0)
(1615/8 73 68 1/8 0)
(202 63 62 7/8 0)
(1623/8 73 68 1/8 0)
(203 63 62 7/8 0)
(1631/8 73 68 13/8 0)
(411/2 69 65 1/2 0)
(206 73 68 1/2 0)
(413/2 69 65 1/2 0)
(207 69 65 3/4 0)
(831/4 70 66 1/4 0)
(208 70 66 1 0)
(209 70 66 1 0)
(210 77 70 3/2 0)
(423/2 72 67 1/2 0)
(212 77 70 1/2 0)
(425/2 72 67 1/2 0)
(213 72 67 3/4 0)
(855/4 73 68 1/4 0)
(214 73 68 1 0)
(215 73 68 1 0)
(216 80 72 3/2 0)
(435/2 76 69 1/2 0)
(218 80 72 1/2 0)
(437/2 76 69 1/2 0)
(219 76 69 3/4 0)
(879/4 77 70 1/4 0)
(220 77 70 1 0)
(221 89 77 7/4 0)
(891/4 90 78 1/4 0)
(223 90 78 1 0)
(224 72 67 1 1)
(225 72 67 3/2 0)
(453/2 70 66 1/2 0)
(227 70 66 1/3 0)
(682/3 68 65 1/3 0)
(683/3 66 64 1/3 0)
(228 73 68 3/2 0)
(459/2 69 65 1/2 0)
(230 73 68 1/2 0)
(461/2 69 65 1/2 0)
(231 69 65 3/4 0)
(927/4 70 66 1/4 0)
(232 70 66 1 0)
(233 70 66 1/3 0)
(700/3 72 67 1/3 0)
(701/3 70 66 1/3 0)
(234 77 70 3/2 0)
(471/2 72 67 1/2 0)
(236 77 70 1/2 0)
(473/2 72 67 1/2 0)
(237 72 67 3/4 0)
(951/4 73 68 1/4 0)
(238 73 68 1 0)
(239 73 68 1/3 0)
(718/3 75 69 1/3 0)
(719/3 73 68 1/3 0)
(240 80 72 3/2 0)
(483/2 76 69 1/2 0)
(242 80 72 1/2 0)
(485/2 76 69 1/2 0)
(243 76 69 3/4 0)
(975/4 77 70 1/4 0)
(244 77 70 1 0)
(245 89 77 1 0)
(246 92 79 3/4 0)
(987/4 90 78 1/4 0)
(247 90 78 1 0)
(248 69 65 1 0)
(249 70 66 2 0)
(251 77 70 2 0)
(253 78 71 3/2 0)
(509/2 73 68 1/2 0)
(255 76 69 1/2 0)
(511/2 72 67 1/2 0)
(256 70 66 1 0)
(257 70 66 1 0)
(258 77 70 1/2 0)
(517/2 80 72 1/2 0)
(259 78 71 1 0)
(260 78 71 1/2 0)
(521/2 73 68 1/2 0)
(261 76 69 1/2 0)
(523/2 72 67 1/2 0)
(262 70 66 3 0)
(265 69 65 1 0)
(266 69 65 1 0)
(267 72 67 1/2 0)
(535/2 70 66 1/2 0)
(268 69 65 1 0)
(269 69 65 1 0)
(270 70 66 1 0)
(271 69 65 1 0)
(272 69 65 1 0)
(273 69 65 1/2 0)
(547/2 67 64 1/2 0)
(274 65 63 2 0)
(276 77 70 1 0)
(277 78 71 3/2 0)
(557/2 73 68 1/2 0)
(279 76 69 1/2 0)
(559/2 72 67 1/2 0)
(280 70 66 1 0)
(281 70 66 1 0)
(282 77 70 1/2 0)
(565/2 80 72 1/2 0)
(283 78 71 1 0)
(284 78 71 1/2 0)
(569/2 73 68 1/2 0)
(285 76 69 1/2 0)
(571/2 72 67 1/2 0)
(286 70 66 3 0)
(289 69 65 1 0)
(290 69 65 1 0)
(291 72 67 1/2 0)
(583/2 70 66 1/2 0)
(292 69 65 1 0)
(293 69 65 1 0)
(294 70 66 1 0)
(295 69 65 1 0)
(296 69 65 1 0)
(297 69 65 1/2 0)
(595/2 67 64 1/2 0)
(298 65 63 1 0)
(299 65 63 4/3 0)
(901/3 66 64 1/3 0)
(902/3 65 63 1/3 0)
(301 63 62 1/2 0)
(603/2 65 63 1/2 0)
(302 66 64 1/2 0)
(605/2 68 65 1/2 0)
(303 72 67 1/2 0)
(304 70 66 2 0)
(306 56 58 1/2 0)
(1227/4 66 64 1/4 0)
(307 66 64 1/3 0)
(922/3 68 65 1/3 0)
(923/3 66 64 1/3 0)
(308 65 63 1/2 0)
(617/2 63 62 1/2 0)
(309 65 63 1/2 0)
(310 61 61 1 0)
(311 56 58 1 1)
(312 65 63 1/3 0)
(937/3 66 64 1/3 0)
(938/3 65 63 1/3 0)
(313 63 62 1/2 0)
(627/2 65 63 1/2 0)
(314 66 64 1/2 0)
(629/2 68 65 1/2 0)
(315 71 67 1/2 0)
(316 69 66 2 0)
(318 56 58 1/2 0)
(1275/4 66 64 1/4 0)
(319 66 64 1/3 0)
(958/3 68 65 1/3 0)
(959/3 66 64 1/3 0)
(320 64 63 1/2 0)
(641/2 63 62 1/2 0)
(321 64 63 1/2 0)
(322 61 61 1 0)
(323 56 58 1 1)
(324 68 64 1/3 0)
(973/3 69 65 1/3 0)
(974/3 68 64 1/3 0)
(325 66 63 1/2 0)
(651/2 68 64 1/2 0)
(326 69 65 1/2 0)
(653/2 71 66 1/2 0)
(327 75 68 1/2 0)
(328 73 67 2 0)
(330 59 59 1/2 0)
(1323/4 69 65 1/4 0)
(331 69 65 1/3 0)
(994/3 71 66 1/3 0)
(995/3 69 65 1/3 0)
(332 68 64 1/2 0)
(665/2 66 63 1/2 0)
(333 68 64 1/2 0)
(334 64 62 1 0)
(335 59 59 1 1)
(336 64 63 1/3 0)
(1009/3 66 64 1/3 0)
(1010/3 64 63 1/3 0)
(337 63 62 1/2 0)
(675/2 64 63 1/2 0)
(338 66 64 1/2 0)
(677/2 68 65 1/2 0)
(339 71 67 2 0)
(341 69 66 1 0)
(342 56 58 1/2 0)
(1371/4 66 64 1/4 0)
(343 66 64 1/3 0)
(1030/3 68 65 1/3 0)
(1031/3 66 64 1/3 0)
(344 65 63 1/2 0)
(689/2 63 62 1/2 0)
(345 70 66 2 0)
(347 68 65 1 0)
(348 65 63 1/3 0)
(1045/3 66 64 1/3 0)
(1046/3 65 63 1/3 0)
(349 63 62 1/2 0)
(699/2 65 63 1/2 0)
(350 66 64 1/2 0)
(701/2 68 65 1/2 0)
(351 72 67 1/2 0)
(352 70 66 2 0)
(354 56 58 1/2 0)
(1419/4 66 64 1/4 0)
(355 66 64 1/3 0)
(1066/3 68 65 1/3 0)
(1067/3 66 64 1/3 0)
(356 65 63 1/2 0)
(713/2 63 62 1/2 0)
(357 65 63 1/2 0)
(358 61 61 1 0)
(359 56 58 1 1)
(360 65 63 1/3 0)
(1081/3 66 64 1/3 0)
(1082/3 65 63 1/3 0)
(361 63 62 1/2 0)
(723/2 65 63 1/2 0)
(362 66 64 1/2 0)
(725/2 68 65 1/2 0)
(363 71 67 1/2 0)
(364 69 66 2 0)
(366 56 58 1/2 0)
(1467/4 66 64 1/4 0)
(367 66 64 1/3 0)
(1102/3 68 65 1/3 0)
(1103/3 66 64 1/3 0)
(368 64 63 1/2 0)
(737/2 63 62 1/2 0)
(369 64 63 1/2 0)
(370 61 61 1 0)
(371 56 58 1 1)
(372 68 64 1/3 0)
(1117/3 69 65 1/3 0)
(1118/3 68 64 1/3 0)
(373 66 63 1/2 0)
(747/2 68 64 1/2 0)
(374 69 65 1/2 0)
(749/2 71 66 1/2 0)
(375 75 68 1/2 0)
(376 73 67 2 0)
(378 59 59 1/2 0)
(1515/4 69 65 1/4 0)
(379 69 65 1/3 0)
(1138/3 71 66 1/3 0)
(1139/3 69 65 1/3 0)
(380 68 64 1/2 0)
(761/2 66 63 1/2 0)
(381 68 64 1 0)
(382 64 62 1 0)
(383 59 59 1 1)
(384 64 63 1 0)
(385 63 62 1/2 0)
(771/2 64 63 1/2 0)
(386 66 64 1/2 0)
(773/2 68 65 1/2 0)
(387 71 67 2 0)
(389 69 66 1 0)
(390 56 58 1/2 0)
(1563/4 66 64 1/4 0)
(391 66 64 1/3 0)
(1174/3 68 65 1/3 0)
(1175/3 66 64 1/3 0)
(392 65 63 1/2 0)
(785/2 63 62 1/2 0)
(393 56 58 1/2 0)
(1575/4 70 66 1/4 0)
(394 70 66 1/3 0)
(1183/3 72 67 1/3 0)
(1184/3 70 66 1/3 0)
(395 68 65 1/2 0)
(791/2 66 64 1/2 0)
(396 56 58 1/2 0)
(1587/4 75 69 1/4 0)
(397 75 69 1/3 0)
(1192/3 77 70 1/3 0)
(1193/3 75 69 1/3 0)
(398 73 68 1/2 0)
(797/2 72 67 1/2 0)
(399 56 58 1/2 0)
(1599/4 78 71 1/4 0)
(400 78 71 1/3 0)
(1201/3 80 72 1/3 0)
(1202/3 78 71 1/3 0)
(401 77 70 1/2 0)
(803/2 75 69 1/2 0)
(402 44 51 7/8 1)
(3223/8 78 71 1/8 0)
(403 69 66 7/8 0)
(3231/8 78 71 1/8 0)
(404 69 66 7/8 0)
(3239/8 78 71 1/8 0)
(405 69 66 7/8 0)
(3247/8 78 71 1/8 0)
(406 69 66 7/8 0)
(3255/8 78 71 1/8 0)
(407 68 65 7/8 0)
(3263/8 77 70 1/8 0)
(408 67 64 7/8 0)
(3271/8 76 69 1/8 0)
(409 66 64 7/8 0)
(3279/8 75 69 1/8 0)
(410 65 63 7/8 0)
(3287/8 74 68 1/8 0)
(411 64 63 7/8 0)
(3295/8 73 68 1/8 0)
(412 63 62 7/8 0)
(3303/8 73 68 1/8 0)
(413 63 62 7/8 0)
(3311/8 73 68 13/8 0)
(831/2 69 65 1/2 0)
(416 73 68 1/2 0)
(833/2 69 65 1/2 0)
(417 69 65 3/4 0)
(1671/4 70 66 1/4 0)
(418 70 66 1 0)
(419 70 66 1 0)
(420 77 70 3/2 0)
(843/2 72 67 1/2 0)
(422 77 70 1/2 0)
(845/2 72 67 1/2 0)
(423 72 67 3/4 0)
(1695/4 73 68 1/4 0)
(424 73 68 1 0)
(425 73 68 1 0)
(426 80 72 3/2 0)
(855/2 76 69 1/2 0)
(428 80 72 1/2 0)
(857/2 76 69 1/2 0)
(429 76 69 3/4 0)
(1719/4 77 70 1/4 0)
(430 77 70 1 0)
(431 89 77 7/4 0)
(1731/4 90 78 1/4 0)
(433 90 78 1 0)
(434 72 67 1 1)
(435 72 67 3/2 0)
(873/2 70 66 1/2 0)
(437 70 66 1/3 0)
(1312/3 68 65 1/3 0)
(1313/3 66 64 1/3 0)
(438 73 68 3/2 0)
(879/2 69 65 1/2 0)
(440 73 68 1/2 0)
(881/2 69 65 1/2 0)
(441 69 65 3/4 0)
(1767/4 70 66 1/4 0)
(442 70 66 1 0)
(443 70 66 1/3 0)
(1330/3 72 67 1/3 0)
(1331/3 70 66 1/3 0)
(444 77 70 3/2 0)
(891/2 72 67 1/2 0)
(446 77 70 1/2 0)
(893/2 72 67 1/2 0)
(447 72 67 3/4 0)
(1791/4 73 68 1/4 0)
(448 73 68 1 0)
(449 73 68 1/3 0)
(1348/3 75 69 1/3 0)
(1349/3 73 68 1/3 0)
(450 80 72 3/2 0)
(903/2 76 69 1/2 0)
(452 80 72 1/2 0)
(905/2 76 69 1/2 0)
(453 76 69 3/4 0)
(1815/4 77 70 1/4 0)
(454 77 70 1 0)
(455 89 77 1 0)
(456 92 79 3/4 0)
(1827/4 90 78 1/4 0)
(457 90 78 1 0)
(458 69 65 1 0)
(459 70 66 15/4 0)
(1851/4 72 67 1/4 0)
(463 72 67 1 0)
(464 72 67 1 0)
(465 72 67 1/2 0)
(931/2 73 68 1/2 0)
(466 73 68 11/4 0)
(1875/4 72 67 1/4 0)
(469 72 67 3/2 0)
(941/2 70 66 1/2 0)
(471 70 66 1/2 0)
(943/2 66 64 1/2 0)
(472 66 64 2 0)
(474 72 67 1/2 0)
(949/2 70 66 1/2 0)
(475 70 66 3/2 0)
(953/2 66 64 1/2 0)
(477 66 64 1/2 0)
(955/2 65 63 1/2 0)
(478 65 63 2 0)
(480 72 67 1/2 0)
(961/2 70 66 1/2 0)
(481 70 66 3/2 0)
(965/2 63 62 1/2 0)
(483 63 62 1/2 0)
(967/2 61 61 1/2 0)
(484 61 61 2 0)
(486 70 66 3/4 0)
(1947/4 72 67 1/4 0)
(487 72 67 1 0)
(488 72 67 1 0)
(489 72 67 1/2 0)
(979/2 73 68 1/2 0)
(490 73 68 11/4 0)
(1971/4 72 67 1/4 0)
(493 72 67 3/2 0)
(989/2 70 66 1/2 0)
(495 70 66 1/2 0)
(991/2 66 64 1/2 0)
(496 66 64 2 0)
(498 72 67 1/2 0)
(997/2 70 66 1/2 0)
(499 70 66 3/2 0)
(1001/2 66 64 1/2 0)
(501 66 64 1/2 0)
(1003/2 65 63 1/2 0)
(502 65 63 17/2 0)
(1021/2 72 67 1/2 0)
(511 74 68 3/2 0)
(1025/2 72 67 1/2 0)
(513 77 70 1/2 0)
(1027/2 72 67 1/2 0)
(514 74 68 3/2 0)
(1031/2 72 67 1/2 0)
(516 72 67 1/2 0)
(1033/2 70 66 1/2 0)
(517 70 66 3/2 0)
(1037/2 66 64 1/2 0)
(519 66 64 1/2 0)
(1039/2 65 63 1/2 0)
(520 65 63 5/2 0)
(1045/2 72 67 1/2 0)
(523 74 68 3/2 0)
(1049/2 72 67 1/2 0)
(525 77 70 1/2 0)
(1051/2 72 67 1/2 0)
(526 74 68 3/2 0)
(1055/2 72 67 1/2 0)
(528 72 67 1/2 0)
(1057/2 70 66 1/2 0)
(529 70 66 3/2 0)
(1061/2 66 64 1/2 0)
(531 64 63 1 1)
(532 64 63 1 1)
(533 64 62 1 1)
(534 66 64 1/2 0)
(1069/2 65 63 1/2 0)
(535 65 63 8 0)
(543 65 63 9 0)
(552 72 67 1/2 0)
(1105/2 70 66 1/2 0)
(553 70 66 3/2 0)
(1109/2 66 64 1/2 0)
(555 66 64 1/2 0)
(1111/2 65 63 1/2 0)
(556 65 63 2 0)
