(1 66 64 3/2 1)
(1 78 71 3/2 0)
(5/2 61 61 1/2 1)
(5/2 73 68 1/2 0)
(3 64 62 1/2 1)
(3 76 69 1/2 0)
(7/2 60 60 1/2 1)
(7/2 72 67 1/2 0)
(4 58 59 1 1)
(4 70 66 1 0)
(5 58 59 1 1)
(5 70 66 1 0)
(6 65 63 1/2 1)
(6 77 70 1/2 0)
(13/2 68 65 1/2 1)
(13/2 80 72 1/2 0)
(7 66 64 1 1)
(7 78 71 1 0)
(8 66 64 1/2 1)
(8 78 71 1/2 0)
(17/2 61 61 1/2 1)
(17/2 73 68 1/2 0)
(9 64 62 1/2 1)
(9 76 69 1/2 0)
(19/2 60 60 1/2 1)
(19/2 72 67 1/2 0)
(10 58 59 2 1)
(10 70 66 3 0)
(12 48 53 1 1)
(12 55 57 1 1)
(12 58 59 1 0)
(12 60 60 1 1)
(12 64 62 1 0)
(13 48 53 1 1)
(13 53 56 1 1)
(13 57 58 1 0)
(13 60 60 1 1)
(13 65 63 1 0)
(13 69 65 1 0)
(14 48 53 1 1)
(14 53 56 1 1)
(14 57 58 1 0)
(14 60 60 1 1)
(14 65 63 1 0)
(14 69 65 1 0)
(15 48 53 1 1)
(15 55 57 1 1)
(15 60 60 1 1)
(15 64 62 1/2 0)
(15 72 67 1/2 0)
(31/2 58 59 1/2 0)
(31/2 70 66 1/2 0)
(16 48 53 1 1)
(16 53 56 1 1)
(16 57 58 1 0)
(16 60 60 1 1)
(16 65 63 1 0)
(16 69 65 1 0)
(17 48 53 1 1)
(17 53 56 1 1)
(17 57 58 1 0)
(17 60 60 1 1)
(17 65 63 1 0)
(17 69 65 1 0)
(18 48 53 1 1)
(18 55 57 1 1)
(18 58 59 1 0)
(18 60 60 1 1)
(18 64 62 1 0)
(18 70 66 1 0)
(19 48 53 1 1)
(19 53 56 1 1)
(19 57 58 1 0)
(19 60 60 1 1)
(19 65 63 1 0)
(19 69 65 1 0)
(20 48 53 1 1)
(20 53 56 1 1)
(20 57 58 1 0)
(20 60 60 1 1)
(20 65 63 1 0)
(20 69 65 1 0)
(21 48 53 1 1)
(21 55 57 1 1)
(21 58 59 1 0)
(21 60 60 1 1)
(21 64 62 1 0)
(21 69 65 1/2 0)
(43/2 67 64 1/2 0)
(22 53 56 2 1)
(22 57 58 2 0)
(22 60 60 2 1)
(22 65 63 2 0)
