(253 66)
(253 78)
(509/2 61)
(509/2 73)
(255 64)
(255 76)
(511/2 60)
(511/2 72)
(256 58)
(256 70)
(257 58)
(257 70)
(258 65)
(258 77)
(517/2 68)
(517/2 80)
(259 66)
(259 78)
(260 66)
(260 78)
(521/2 61)
(521/2 73)
(261 64)
(261 76)
(523/2 60)
(523/2 72)
(262 58)
(262 70)
(264 48)
(264 55)
(264 58)
(264 60)
(264 64)
(265 48)
(265 53)
(265 57)
(265 60)
(265 65)
(265 69)
(266 48)
(266 53)
(266 57)
(266 60)
(266 65)
(266 69)
(267 48)
(267 55)
(267 60)
(267 64)
(267 72)
(535/2 58)
(535/2 70)
(268 48)
(268 53)
(268 57)
(268 60)
(268 65)
(268 69)
(269 48)
(269 53)
(269 57)
(269 60)
(269 65)
(269 69)
(270 48)
(270 55)
(270 58)
(270 60)
(270 64)
(270 70)
(271 48)
(271 53)
(271 57)
(271 60)
(271 65)
(271 69)
(272 48)
(272 53)
(272 57)
(272 60)
(272 65)
(272 69)
(273 48)
(273 55)
(273 58)
(273 60)
(273 64)
(273 69)
(547/2 67)
(274 53)
(274 57)
(274 60)
(274 65)
