(277 66)
(277 78)
(557/2 61)
(557/2 73)
(279 64)
(279 76)
(559/2 60)
(559/2 72)
(280 58)
(280 70)
(281 58)
(281 70)
(282 65)
(282 77)
(565/2 68)
(565/2 80)
(283 66)
(283 78)
(284 66)
(284 78)
(569/2 61)
(569/2 73)
(285 64)
(285 76)
(571/2 60)
(571/2 72)
(286 58)
(286 70)
(288 48)
(288 55)
(288 58)
(288 60)
(288 64)
(289 48)
(289 53)
(289 57)
(289 60)
(289 65)
(289 69)
(290 48)
(290 53)
(290 57)
(290 60)
(290 65)
(290 69)
(291 48)
(291 55)
(291 60)
(291 64)
(291 72)
(583/2 58)
(583/2 70)
(292 48)
(292 53)
(292 57)
(292 60)
(292 65)
(292 69)
(293 48)
(293 53)
(293 57)
(293 60)
(293 65)
(293 69)
(294 48)
(294 55)
(294 58)
(294 60)
(294 64)
(294 70)
(295 48)
(295 53)
(295 57)
(295 60)
(295 65)
(295 69)
(296 48)
(296 53)
(296 57)
(296 60)
(296 65)
(296 69)
(297 48)
(297 55)
(297 58)
(297 60)
(297 64)
(297 69)
(595/2 67)
(298 53)
(298 57)
(298 60)
(298 65)
