0.32
0.93
1.55
2.19
2.79
3.35
3.92
4.43
4.96
5.54
6.1
6.66
7.14
7.67
8.2
8.75
9.31
9.86
10.41
10.97
11.49
12.06
12.59
13.15
13.68
14.26
14.83
15.39
15.92
16.45
16.99
17.54
18.07
18.62
19.16
19.75
20.29
20.82
21.37
21.97
22.51
23.07
23.64
24.23
24.79
25.33
25.86
26.47
26.99
27.55
27.87
28.43
28.94
29.49
30.01
30.56
31.13
31.68
32.24
32.8
33.35
33.91
34.44
34.99
35.55
36.11
36.67
37.24
37.83
38.36
38.92
39.44
40.0
40.56
41.14
41.71
42.27
42.84
43.38
43.95
44.51
45.07
45.64
46.21
46.79
47.37
47.89
48.47
48.97
49.5
50.1
50.68
51.23
51.75
52.35
52.87
53.45
54.04
54.6
55.18
55.69
56.23
56.78
57.36
57.92
58.63
59.1
59.67
60.24
60.81
61.34
61.94
62.49
63.05
63.56
64.14
64.67
65.24
65.78
66.32
66.91
67.46
68.02
68.55
69.14
69.72
70.3
70.84
71.38
71.94
72.48
73.03
73.63
74.17
74.75
75.32
75.83
76.4
76.94
77.51
78.04
78.58
79.11
79.65
80.18
80.75
81.32
81.87
82.42
82.96
83.54
84.08
84.67
85.22
85.79
86.35
86.9
87.47
88.1
88.83
89.16
89.51
89.86
90.22
90.55
90.9
91.24
91.67
91.94
92.39
92.67
93.02
93.38
93.66
94.41
95.52
95.98
96.32
96.78
97.22
97.68
98.22
98.58
98.97
99.74
