0.980
2.180
3.340
4.400
5.540
6.600
7.660
8.740
9.860
10.980
12.040
13.120
14.240
15.360
16.440
17.500
18.640
19.740
20.800
21.960
23.080
24.240
25.320
26.480
27.680
28.880
30.020
31.100
32.240
33.360
34.420
35.560
36.640
37.840
38.900
39.960
41.140
42.260
43.380
44.480
45.620
46.800
47.860
48.920
50.100
51.220
52.340
53.460
54.600
55.680
56.740
57.920
59.120
60.320
61.400
62.460
63.560
64.680
65.740
66.900
68.000
69.160
70.300
71.360
72.460
73.660
74.760
75.820
76.940
78.040
79.100
80.160
81.320
82.420
83.540
84.680
85.780
86.880
88.080
89.140
89.840
90.540
91.220
91.900
92.600
93.280
93.960
94.640
95.280
95.880
96.480
97.080
97.680
98.280
98.880
99.480
