2.1812500000
3.3187500000
4.4333334000
5.5354166000
6.6312500000
7.6937500000
8.7604170000
9.8625000000
10.9645830000
12.0479160000
13.1354170000
14.2645840000
15.3833330000
16.4333320000
17.5541670000
18.6666660000
19.7604160000
20.8104170000
21.9416680000
23.0437500000
24.1958330000
25.3145830000
26.4479160000
27.6333330000
28.8812500000
30.0000000000
31.0625000000
32.1958350000
33.2979160000
34.4104160000
35.5416680000
36.6666680000
37.7729150000
38.8812500000
39.9458350000
41.0937500000
42.2562500000
43.3333320000
44.4833340000
45.6000000000
46.7500000000
47.8979150000
48.9645840000
50.0750000000
51.1895830000
52.3083340000
53.4166680000
54.5770840000
55.6958350000
56.7916680000
57.9000000000
59.0604170000
60.3020820000
61.3687500000
62.4395830000
63.5000000000
64.6416700000
65.7729200000
66.8812500000
67.9770800000
69.1375000000
70.2791700000
71.3750000000
72.4520800000
73.5583340000
74.6854200000
75.7729200000
76.8854140000
78.0291700000
79.0937500000
80.1604160000
81.2708360000
82.3520800000
83.4937500000
84.6437500000
85.7791700000
86.8750000000
88.0625000000
89.4604200000
91.2562500000
