(191 70)
(765/4 72)
(383/2 70)
(767/4 69)
(192 70)
(193 67)
(775/4 70)
(194 75)
(779/4 75)
(195 75)
(196 74)
(197 70)
(789/4 72)
(395/2 70)
(791/4 69)
(198 70)
(199 67)
(799/4 70)
(200 79)
(803/4 79)
(201 82)
(202 80)
(203 80)
(813/4 82)
(407/2 80)
(815/4 77)
(204 79)
(817/4 80)
(409/2 79)
(819/4 75)
(205 82)
(616/3 80)
(617/3 79)
(206 77)
(619/3 75)
(620/3 73)
(207 72)
(829/4 73)
(415/2 72)
(831/4 68)
(208 84)
(625/3 82)
(626/3 80)
(209 79)
(628/3 77)
(629/3 76)
(210 77)
(841/4 79)
(421/2 77)
(843/4 72)
(211 84)
(634/3 82)
(635/3 80)
(212 79)
(637/3 77)
(638/3 75)
(213 75)
(214 74)
(215 77)
(861/4 79)
(431/2 77)
(863/4 74)
(216 75)
(217 72)
(218 81)
(873/4 82)
(437/2 81)
(875/4 77)
(219 82)
(220 86)
(221 77)
(885/4 79)
(443/2 77)
(887/4 74)
(222 75)
(223 72)
(224 81)
(897/4 82)
(449/2 81)
(899/4 77)
(225 82)
(226 86)
(227 84)
(909/4 82)
(455/2 81)
(911/4 79)
(228 79)
(457/2 77)
(229 77)
(230 79)
(921/4 77)
(461/2 75)
(923/4 74)
(231 74)
(463/2 72)
(232 72)
(233 72)
(234 74)
(1873/8 75)
(937/4 77)
(236 77)
(945/4 75)
(473/2 74)
(947/4 72)
(237 70)
(238 46)
