(239 70)
(957/4 72)
(479/2 70)
(959/4 69)
(240 70)
(241 67)
(967/4 70)
(242 75)
(971/4 75)
(243 75)
(244 74)
(245 70)
(981/4 72)
(491/2 70)
(983/4 69)
(246 70)
(247 67)
(991/4 70)
(248 79)
(995/4 79)
(249 82)
(250 80)
(251 80)
(1005/4 82)
(503/2 80)
(1007/4 77)
(252 79)
(1009/4 80)
(505/2 79)
(1011/4 75)
(253 82)
(760/3 80)
(761/3 79)
(254 77)
(763/3 75)
(764/3 73)
(255 72)
(1021/4 73)
(511/2 72)
(1023/4 68)
(256 84)
(769/3 82)
(770/3 80)
(257 79)
(772/3 77)
(773/3 76)
(258 77)
(1033/4 79)
(517/2 77)
(1035/4 72)
(259 84)
(778/3 82)
(779/3 80)
(260 79)
(781/3 77)
(782/3 75)
(261 75)
(262 74)
(263 77)
(1053/4 79)
(527/2 77)
(1055/4 74)
(264 75)
(265 72)
(266 81)
(1065/4 82)
(533/2 81)
(1067/4 77)
(267 82)
(268 86)
(269 77)
(1077/4 79)
(539/2 77)
(1079/4 74)
(270 75)
(271 72)
(272 81)
(1089/4 82)
(545/2 81)
(1091/4 77)
(273 82)
(274 86)
(275 84)
(1101/4 82)
(551/2 81)
(1103/4 79)
(276 79)
(553/2 77)
(277 77)
(278 79)
(1113/4 77)
(557/2 75)
(1115/4 74)
(279 74)
(559/2 72)
(280 72)
(281 72)
(282 74)
(2257/8 75)
(1129/4 77)
(284 77)
(1137/4 75)
(569/2 74)
(1139/4 72)
(285 70)
(286 46)
