(239 60 60 1 0)
(240 53 56 1 1)
(240 69 65 1/2 0)
(481/2 67 64 1/2 0)
(241 57 58 1 1)
(241 69 65 1/2 0)
(483/2 65 63 1/2 0)
(242 60 60 1 1)
(242 67 64 1/2 0)
(485/2 69 65 1/2 0)
(243 62 61 1 1)
(243 70 66 1/2 0)
(487/2 69 65 1/2 0)
(244 55 57 1 1)
(244 70 66 1/2 0)
(489/2 67 64 1/2 0)
(245 53 56 1 1)
(245 69 65 1/2 0)
(491/2 71 66 1/2 0)
(246 52 55 1 1)
(246 72 67 1/2 0)
(493/2 71 66 1/2 0)
(247 55 57 1 1)
(247 72 67 1/2 0)
(495/2 74 68 1/2 0)
(248 60 60 1 1)
(248 72 67 1/2 0)
(497/2 70 66 1/2 0)
(249 53 56 1 1)
(249 69 65 1/2 0)
(499/2 67 64 1/2 0)
(250 57 58 1 1)
(250 69 65 1/2 0)
(501/2 70 66 1/2 0)
(251 60 60 1 1)
(251 69 65 1/2 0)
(503/2 65 63 1/2 0)
