(-1 75 69 1 0)
(0 76 70 1 0)
(1 73 68 1 0)
(2 61 61 1 1)
(3 75 69 1 0)
(4 72 67 1 0)
(5 63 62 1 1)
(6 78 71 1 0)
(7 75 69 1 0)
(8 63 62 1 1)
(9 77 70 1 0)
(10 73 68 1 0)
(11 65 63 1 1)
(12 70 66 2 0)
(14 72 67 1 0)
(15 70 66 1 0)
(17 78 71 1/2 0)
(35/2 77 70 1/2 0)
(18 70 66 2 0)
(20 72 67 1 0)
(21 70 66 1 0)
(23 73 68 1/2 0)
(47/2 72 67 1/2 0)
(24 70 66 1 0)
(26 73 68 1/2 0)
(53/2 72 67 1/2 0)
(27 70 66 1 0)
(29 73 68 1/2 0)
(59/2 72 67 1/2 0)
(30 70 66 1/2 0)
(61/2 72 67 1/2 0)
(31 73 68 1/2 0)
(63/2 72 67 1/2 0)
(32 70 66 1/2 0)
(65/2 72 67 1/2 0)
(33 70 66 1/2 0)
(67/2 68 65 1/2 0)
(34 67 64 1/2 0)
(69/2 68 65 1/2 0)
(35 67 64 1/2 0)
(71/2 65 63 1/2 0)
(36 64 62 1/2 0)
(73/2 65 63 1/2 0)
(37 67 64 1/2 0)
(75/2 65 63 1/2 0)
(38 68 65 1/2 0)
(77/2 59 59 1/2 0)
(39 60 60 1 0)
(40 60 60 1 1)
(41 68 65 1 1)
(42 70 66 1 1)
(43 67 64 1 1)
(44 76 69 1 0)
(45 77 70 1 0)
(46 80 72 1 0)
(47 84 74 1 0)
(48 85 75 1 0)
(49 82 73 1 0)
(50 82 73 1 0)
(51 84 74 1 0)
(52 80 72 1 0)
(53 80 72 1 0)
(54 82 73 1 0)
(55 79 71 1 0)
(56 79 71 1 0)
(57 80 72 1 0)
(58 77 70 1 0)
(59 77 70 1 0)
(60 77 70 2 0)
(62 79 71 1 0)
(63 77 70 1 0)
(65 75 69 1/2 0)
(131/2 73 68 1/2 0)
(66 65 63 2 0)
(68 67 64 1 0)
(69 65 63 1 0)
(72 60 60 3 0)
(75 53 56 1 0)
