(-1 74 68 3/4 0)
(-1/4 75 69 1/4 0)
(0 72 67 1/2 0)
(1/2 70 66 1/2 0)
(1 62 61 1 1)
(1 65 63 1 1)
(1 70 66 1 0)
(2 62 61 1 1)
(2 65 63 1 1)
(2 70 66 1 0)
(3 63 62 1 1)
(3 65 63 1 1)
(3 69 65 1 0)
(5 75 69 3/4 0)
(23/4 77 70 1/4 0)
(6 74 68 1/2 0)
(13/2 72 67 1/2 0)
(7 63 62 1 1)
(7 65 63 1 1)
(7 72 67 1 0)
(8 63 62 1 1)
(8 65 63 1 1)
(8 72 67 1 0)
(9 62 61 1 1)
(9 65 63 1 1)
(9 70 66 1 0)
(11 58 59 3/4 1)
(11 74 68 3/4 0)
(47/4 60 60 1/4 1)
(47/4 75 69 1/4 0)
(12 53 56 7 1)
(12 62 61 1/2 1)
(12 77 70 1/2 0)
(25/2 63 62 1/2 1)
(25/2 79 71 1/2 0)
(13 60 60 1/2 1)
(13 75 69 1/2 0)
(27/2 57 58 1/2 1)
(27/2 72 67 1/2 0)
(14 58 59 1/2 1)
(14 74 68 1/2 0)
(29/2 60 60 1/2 1)
(29/2 75 69 1/2 0)
(15 62 61 1/2 1)
(15 77 70 1/2 0)
(31/2 63 62 1/2 1)
(31/2 79 71 1/2 0)
(16 60 60 1/2 1)
(16 75 69 1/2 0)
(33/2 57 58 1/2 1)
(33/2 72 67 1/2 0)
(17 58 59 1/2 1)
(17 74 68 1/2 0)
(35/2 60 60 1/2 1)
(35/2 75 69 1/2 0)
(18 62 61 1 1)
(18 77 70 1/2 0)
(37/2 82 73 1/2 0)
(19 81 72 1/2 0)
(39/2 79 71 1/2 0)
(20 77 70 1/2 0)
(41/2 76 69 1/2 0)
(21 74 68 1/2 0)
(43/2 72 67 1/2 0)
(22 71 66 1/2 0)
(45/2 70 66 1/2 0)
(23 69 65 1/2 0)
(47/2 67 64 1/2 0)
(24 72 67 3/4 0)
(99/4 74 68 1/4 0)
(25 48 53 1 1)
(25 57 58 1 1)
(25 60 60 1 0)
(25 65 63 1 0)
(26 48 53 1 1)
(26 55 57 1 1)
(26 58 59 1 0)
(26 64 62 1 0)
(27 53 56 1 1)
(27 57 58 1 0)
(27 65 63 1 0)
(28 41 49 1 1)
(29 70 66 3/4 0)
(29 74 68 3/4 0)
(119/4 69 65 1/4 0)
(119/4 72 67 1/4 0)
(30 69 65 1 0)
(30 72 67 1 0)
(31 65 63 1 1)
(32 70 66 3/4 0)
(32 76 69 3/4 0)
(131/4 69 65 1/4 0)
(131/4 77 70 1/4 0)
(33 69 65 1 0)
(33 77 70 1 0)
(34 53 56 1 1)
(35 74 68 3/4 0)
(143/4 75 69 1/4 0)
(36 72 67 1/2 0)
(73/2 70 66 1/2 0)
(37 62 61 1 1)
(37 65 63 1 1)
(37 70 66 1 0)
(38 62 61 1 1)
(38 65 63 1 1)
(38 70 66 1 0)
(39 63 62 1 1)
(39 65 63 1 1)
(39 69 65 1 0)
(41 75 69 3/4 0)
(167/4 77 70 1/4 0)
(42 74 68 1/2 0)
(85/2 72 67 1/2 0)
(43 63 62 1 1)
(43 65 63 1 1)
(43 72 67 1 0)
(44 63 62 1 1)
(44 65 63 1 1)
(44 72 67 1 0)
(45 62 61 1 1)
(45 65 63 1 1)
(45 70 66 1 0)
(47 58 59 3/4 1)
(47 74 68 3/4 0)
(191/4 60 60 1/4 1)
(191/4 75 69 1/4 0)
(48 53 56 7 1)
(48 62 61 1/2 1)
(48 77 70 1/2 0)
(97/2 63 62 1/2 1)
(97/2 79 71 1/2 0)
(49 60 60 1/2 1)
(49 75 69 1/2 0)
(99/2 57 58 1/2 1)
(99/2 72 67 1/2 0)
(50 58 59 1/2 1)
(50 74 68 1/2 0)
(101/2 60 60 1/2 1)
(101/2 75 69 1/2 0)
(51 62 61 1/2 1)
(51 77 70 1/2 0)
(103/2 63 62 1/2 1)
(103/2 79 71 1/2 0)
(52 60 60 1/2 1)
(52 75 69 1/2 0)
(105/2 57 58 1/2 1)
(105/2 72 67 1/2 0)
(53 58 59 1/2 1)
(53 74 68 1/2 0)
(107/2 60 60 1/2 1)
(107/2 75 69 1/2 0)
(54 62 61 1 1)
(54 77 70 1/2 0)
(109/2 82 73 1/2 0)
(55 81 72 1/2 0)
(111/2 79 71 1/2 0)
(56 77 70 1/2 0)
(113/2 76 69 1/2 0)
(57 74 68 1/2 0)
(115/2 72 67 1/2 0)
(58 71 66 1/2 0)
(117/2 70 66 1/2 0)
(59 69 65 1/2 0)
(119/2 67 64 1/2 0)
(60 72 67 3/4 0)
(243/4 74 68 1/4 0)
(61 48 53 1 1)
(61 57 58 1 1)
(61 60 60 1 0)
(61 65 63 1 0)
(62 48 53 1 1)
(62 55 57 1 1)
(62 58 59 1 0)
(62 64 62 1 0)
(63 53 56 1 1)
(63 57 58 1 0)
(63 65 63 1 0)
(64 41 49 1 1)
(65 70 66 3/4 0)
(65 74 68 3/4 0)
(263/4 69 65 1/4 0)
(263/4 72 67 1/4 0)
(66 69 65 1 0)
(66 72 67 1 0)
(67 65 63 1 1)
(68 70 66 3/4 0)
(68 76 69 3/4 0)
(275/4 69 65 1/4 0)
(275/4 77 70 1/4 0)
(69 69 65 1 0)
(69 77 70 1 0)
(70 53 56 1 1)
(71 53 56 1 1)
(71 65 63 1 1)
(71 71 66 1 0)
(71 74 68 1 0)
(71 80 72 1 0)
(72 52 55 1 1)
(72 64 62 1 1)
(72 72 67 1 0)
(72 76 69 1 0)
(72 79 71 1 0)
(73 51 55 1 1)
(73 63 62 1 1)
(73 69 65 1 0)
(73 72 67 1 0)
(73 78 71 1 0)
(74 50 54 1 1)
(74 62 61 1 1)
(74 70 66 1 0)
(74 74 68 1 0)
(74 77 70 1 0)
(75 43 50 1 1)
(75 55 57 1 1)
(75 67 64 1 0)
(75 70 66 1 0)
(75 76 69 1 0)
(76 45 51 1 1)
(76 57 58 1 1)
(76 66 64 1 0)
(76 72 67 1 0)
(76 75 69 1 0)
(77 46 52 1 1)
(77 58 59 1 1)
(77 65 63 1 0)
(77 70 66 1 0)
(77 74 68 1 0)
(78 51 55 2 1)
(79 72 67 1 0)
(80 52 55 1 1)
(80 73 68 1 0)
(81 53 56 1 1)
(81 70 66 1/2 0)
(163/2 69 65 1/2 0)
(82 51 55 1 1)
(82 67 64 1/2 0)
(165/2 65 63 1/2 0)
(83 50 54 1 1)
(83 70 66 1 0)
(84 57 58 1 1)
(84 72 67 1 0)
(84 75 69 1 0)
(85 58 59 1 1)
(85 70 66 3/4 0)
(85 74 68 3/4 0)
(343/4 69 65 1/4 0)
(343/4 72 67 1/4 0)
(86 52 55 1 1)
(86 70 66 3/4 0)
(86 74 68 3/4 0)
(347/4 72 67 1/4 0)
(347/4 75 69 1/4 0)
(87 53 56 2 1)
(87 70 66 1 0)
(87 74 68 1 0)
(88 69 65 1 0)
(88 72 67 1 0)
(89 62 61 3/4 1)
(359/4 63 62 1/4 1)
(90 60 60 1/2 1)
(181/2 58 59 1/2 1)
(91 58 59 1 1)
(91 74 68 1 0)
(91 77 70 1 0)
(92 58 59 1 1)
(92 74 68 1 0)
(92 77 70 1 0)
(93 57 58 1 1)
(93 75 69 1 0)
(93 77 70 1 0)
(95 63 62 3/4 1)
(383/4 65 63 1/4 1)
(96 62 61 1/2 1)
(193/2 60 60 1/2 1)
(97 60 60 1 1)
(97 81 72 1 0)
(97 87 76 1 0)
(98 60 60 1 1)
(98 81 72 1 0)
(98 87 76 1 0)
(99 58 59 1 1)
(99 82 73 1 0)
(99 86 75 1 0)
(101 58 59 3/4 1)
(101 74 68 3/4 0)
(407/4 60 60 1/4 1)
(407/4 75 69 1/4 0)
(102 53 56 7 1)
(102 62 61 1/2 1)
(102 77 70 1/2 0)
(205/2 63 62 1/2 1)
(205/2 79 71 1/2 0)
(103 60 60 1/2 1)
(103 75 69 1/2 0)
(207/2 57 58 1/2 1)
(207/2 72 67 1/2 0)
(104 58 59 1/2 1)
(104 74 68 1/2 0)
(209/2 60 60 1/2 1)
(209/2 75 69 1/2 0)
(105 62 61 1/2 1)
(105 77 70 1/2 0)
(211/2 63 62 1/2 1)
(211/2 79 71 1/2 0)
(106 60 60 1/2 1)
(106 75 69 1/2 0)
(213/2 57 58 1/2 1)
(213/2 72 67 1/2 0)
(107 58 59 1/2 1)
(107 74 68 1/2 0)
(215/2 60 60 1/2 1)
(215/2 75 69 1/2 0)
(108 62 61 1 1)
(108 77 70 1/2 0)
(217/2 87 76 1/2 0)
(109 86 75 1/2 0)
(219/2 84 74 1/2 0)
(110 82 73 1/2 0)
(221/2 81 72 1/2 0)
(111 79 71 1/2 0)
(223/2 77 70 1/2 0)
(112 76 69 1/2 0)
(225/2 75 69 1/2 0)
(113 74 68 1/2 0)
(227/2 72 67 1/2 0)
(114 77 70 3/4 0)
(459/4 79 71 1/4 0)
(115 53 56 1 1)
(115 62 61 1 1)
(115 65 63 1 0)
(115 70 66 1 0)
(116 53 56 1 1)
(116 60 60 1 1)
(116 63 62 1 0)
(116 69 65 1 0)
(117 58 59 1 1)
(117 62 61 1 0)
(117 70 66 1 0)
(118 46 52 1 1)
(119 75 69 3/4 0)
(119 79 71 3/4 0)
(479/4 74 68 1/4 0)
(479/4 77 70 1/4 0)
(120 74 68 1 0)
(120 77 70 1 0)
(121 70 66 1 1)
(122 75 69 3/4 0)
(122 81 72 3/4 0)
(491/4 74 68 1/4 0)
(491/4 82 73 1/4 0)
(123 74 68 1 0)
(123 82 73 1 0)
(124 58 59 1 1)
(125 55 57 1 1)
(125 74 68 3/4 0)
(503/4 70 66 1/4 0)
(126 51 55 1 1)
(126 67 64 2 0)
(126 75 69 2 0)
(127 48 53 1 1)
(128 53 56 1 1)
(128 63 62 1 0)
(128 72 67 3/4 0)
(515/4 69 65 1/4 0)
(129 58 59 1 1)
(129 62 61 1 0)
(129 70 66 1 0)
(130 46 52 1 1)
(131 53 56 1 1)
(131 65 63 1 1)
(131 71 66 1 0)
(131 74 68 1 0)
(131 80 72 1 0)
(132 52 55 1 1)
(132 64 62 1 1)
(132 72 67 1 0)
(132 76 69 1 0)
(132 79 71 1 0)
(133 51 55 1 1)
(133 63 62 1 1)
(133 69 65 1 0)
(133 72 67 1 0)
(133 78 71 1 0)
(134 50 54 1 1)
(134 62 61 1 1)
(134 70 66 1 0)
(134 74 68 1 0)
(134 77 70 1 0)
(135 43 50 1 1)
(135 55 57 1 1)
(135 67 64 1 0)
(135 70 66 1 0)
(135 76 69 1 0)
(136 45 51 1 1)
(136 57 58 1 1)
(136 66 64 1 0)
(136 72 67 1 0)
(136 75 69 1 0)
(137 46 52 1 1)
(137 58 59 1 1)
(137 65 63 1 0)
(137 70 66 1 0)
(137 74 68 1 0)
(138 51 55 2 1)
(139 72 67 1 0)
(140 52 55 1 1)
(140 73 68 1 0)
(141 53 56 1 1)
(141 70 66 1/2 0)
(283/2 69 65 1/2 0)
(142 51 55 1 1)
(142 67 64 1/2 0)
(285/2 65 63 1/2 0)
(143 50 54 1 1)
(143 70 66 1 0)
(144 57 58 1 1)
(144 72 67 1 0)
(144 75 69 1 0)
(145 58 59 1 1)
(145 70 66 3/4 0)
(145 74 68 3/4 0)
(583/4 69 65 1/4 0)
(583/4 72 67 1/4 0)
(146 52 55 1 1)
(146 70 66 3/4 0)
(146 74 68 3/4 0)
(587/4 72 67 1/4 0)
(587/4 75 69 1/4 0)
(147 53 56 2 1)
(147 70 66 1 0)
(147 74 68 1 0)
(148 69 65 1 0)
(148 72 67 1 0)
(149 62 61 3/4 1)
(599/4 63 62 1/4 1)
(150 60 60 1/2 1)
(301/2 58 59 1/2 1)
(151 58 59 1 1)
(151 74 68 1 0)
(151 77 70 1 0)
(152 58 59 1 1)
(152 74 68 1 0)
(152 77 70 1 0)
(153 57 58 1 1)
(153 75 69 1 0)
(153 77 70 1 0)
(155 63 62 3/4 1)
(623/4 65 63 1/4 1)
(156 62 61 1/2 1)
(313/2 60 60 1/2 1)
(157 60 60 1 1)
(157 81 72 1 0)
(157 87 76 1 0)
(158 60 60 1 1)
(158 81 72 1 0)
(158 87 76 1 0)
(159 58 59 1 1)
(159 82 73 1 0)
(159 86 75 1 0)
(161 58 59 3/4 1)
(161 74 68 3/4 0)
(647/4 60 60 1/4 1)
(647/4 75 69 1/4 0)
(162 53 56 7 1)
(162 62 61 1/2 1)
(162 77 70 1/2 0)
(325/2 63 62 1/2 1)
(325/2 79 71 1/2 0)
(163 60 60 1/2 1)
(163 75 69 1/2 0)
(327/2 57 58 1/2 1)
(327/2 72 67 1/2 0)
(164 58 59 1/2 1)
(164 74 68 1/2 0)
(329/2 60 60 1/2 1)
(329/2 75 69 1/2 0)
(165 62 61 1/2 1)
(165 77 70 1/2 0)
(331/2 63 62 1/2 1)
(331/2 79 71 1/2 0)
(166 60 60 1/2 1)
(166 75 69 1/2 0)
(333/2 57 58 1/2 1)
(333/2 72 67 1/2 0)
(167 58 59 1/2 1)
(167 74 68 1/2 0)
(335/2 60 60 1/2 1)
(335/2 75 69 1/2 0)
(168 62 61 1 1)
(168 77 70 1/2 0)
(337/2 87 76 1/2 0)
(169 86 75 1/2 0)
(339/2 84 74 1/2 0)
(170 82 73 1/2 0)
(341/2 81 72 1/2 0)
(171 79 71 1/2 0)
(343/2 77 70 1/2 0)
(172 76 69 1/2 0)
(345/2 75 69 1/2 0)
(173 74 68 1/2 0)
(347/2 72 67 1/2 0)
(174 77 70 3/4 0)
(699/4 79 71 1/4 0)
(175 53 56 1 1)
(175 62 61 1 1)
(175 65 63 1 0)
(175 70 66 1 0)
(176 53 56 1 1)
(176 60 60 1 1)
(176 63 62 1 0)
(176 69 65 1 0)
(177 58 59 1 1)
(177 62 61 1 0)
(177 70 66 1 0)
(178 46 52 1 1)
(179 75 69 3/4 0)
(179 79 71 3/4 0)
(719/4 74 68 1/4 0)
(719/4 77 70 1/4 0)
(180 74 68 1 0)
(180 77 70 1 0)
(181 70 66 1 1)
(182 75 69 3/4 0)
(182 81 72 3/4 0)
(731/4 74 68 1/4 0)
(731/4 82 73 1/4 0)
(183 74 68 1 0)
(183 82 73 1 0)
(184 58 59 1 1)
(185 55 57 1 1)
(185 74 68 3/4 0)
(743/4 70 66 1/4 0)
(186 51 55 1 1)
(186 67 64 2 0)
(186 75 69 2 0)
(187 48 53 1 1)
(188 53 56 1 1)
(188 63 62 1 0)
(188 72 67 3/4 0)
(755/4 69 65 1/4 0)
(189 58 59 1 1)
(189 62 61 1 0)
(189 70 66 1 0)
(190 46 52 1 1)
(191 70 66 1/4 0)
(765/4 72 67 1/4 0)
(383/2 70 66 1/4 0)
(767/4 69 65 1/4 0)
(192 63 62 1/2 1)
(192 67 64 1 1)
(192 70 66 1 0)
(385/2 58 59 1/2 1)
(193 63 62 1/2 1)
(193 67 64 1 1)
(387/2 58 59 1/2 1)
(775/4 70 66 1/4 0)
(194 63 62 1/2 1)
(194 67 64 1 1)
(194 75 69 3/4 0)
(389/2 58 59 1/2 1)
(779/4 75 69 1/4 0)
(195 65 63 1/2 1)
(195 68 65 1 1)
(195 75 69 1 0)
(391/2 58 59 1/2 1)
(196 65 63 1/2 1)
(196 68 65 1 1)
(196 74 68 1 0)
(393/2 58 59 1/2 1)
(197 65 63 1/2 1)
(197 68 65 1 1)
(197 70 66 1/4 0)
(789/4 72 67 1/4 0)
(395/2 58 59 1/2 1)
(395/2 70 66 1/4 0)
(791/4 69 65 1/4 0)
(198 63 62 1/2 1)
(198 67 64 1 1)
(198 70 66 1 0)
(397/2 58 59 1/2 1)
(199 63 62 1/2 1)
(199 67 64 1 1)
(399/2 58 59 1/2 1)
(799/4 70 66 1/4 0)
(200 63 62 1/2 1)
(200 67 64 1 1)
(200 79 71 3/4 0)
(401/2 58 59 1/2 1)
(803/4 79 71 1/4 0)
(201 62 61 1/2 1)
(201 65 63 1 1)
(201 82 73 1 0)
(403/2 58 59 1/2 1)
(202 62 61 1/2 1)
(202 65 63 1 1)
(202 80 72 1 0)
(405/2 58 59 1/2 1)
(203 62 61 1/2 1)
(203 65 63 1 1)
(203 80 72 1/4 0)
(813/4 82 73 1/4 0)
(407/2 58 59 1/2 1)
(407/2 80 72 1/4 0)
(815/4 77 70 1/4 0)
(204 63 62 1 1)
(204 79 71 1/4 0)
(817/4 80 72 1/4 0)
(409/2 79 71 1/4 0)
(819/4 75 69 1/4 0)
(205 82 73 1/3 0)
(616/3 80 72 1/3 0)
(617/3 79 71 1/3 0)
(206 43 50 1 1)
(206 55 57 1 1)
(206 77 70 1/3 0)
(619/3 75 69 1/3 0)
(620/3 73 68 1/3 0)
(207 44 51 1 1)
(207 56 58 1 1)
(207 72 67 1/4 0)
(829/4 73 68 1/4 0)
(415/2 72 67 1/4 0)
(831/4 68 65 1/4 0)
(208 84 74 1/3 0)
(625/3 82 73 1/3 0)
(626/3 80 72 1/3 0)
(209 58 59 1 1)
(209 61 61 1 1)
(209 79 71 1/3 0)
(628/3 77 70 1/3 0)
(629/3 76 69 1/3 0)
(210 56 58 1 1)
(210 60 60 1 1)
(210 77 70 1/4 0)
(841/4 79 71 1/4 0)
(421/2 77 70 1/4 0)
(843/4 72 67 1/4 0)
(211 84 74 1/3 0)
(634/3 82 73 1/3 0)
(635/3 80 72 1/3 0)
(212 57 58 1 1)
(212 63 62 1/3 1)
(212 79 71 1/3 0)
(637/3 65 63 1/3 1)
(637/3 77 70 1/3 0)
(638/3 67 64 1/3 1)
(638/3 75 69 1/3 0)
(213 58 59 2 1)
(213 67 64 1 1)
(213 75 69 1 0)
(214 65 63 1 1)
(214 74 68 1 0)
(215 58 59 1/2 1)
(215 77 70 1/4 0)
(861/4 79 71 1/4 0)
(431/2 65 63 1/2 1)
(431/2 77 70 1/4 0)
(863/4 74 68 1/4 0)
(216 60 60 1/2 1)
(216 75 69 1 0)
(433/2 65 63 1/2 1)
(217 63 62 1/2 1)
(217 72 67 1 0)
(435/2 65 63 1/2 1)
(218 63 62 1/2 1)
(218 81 72 1/4 0)
(873/4 82 73 1/4 0)
(437/2 65 63 1/2 1)
(437/2 81 72 1/4 0)
(875/4 77 70 1/4 0)
(219 62 61 1/2 1)
(219 82 73 1 0)
(439/2 65 63 1/2 1)
(220 58 59 1/2 1)
(220 86 75 1 0)
(441/2 65 63 1/2 1)
(221 58 59 1/2 1)
(221 77 70 1/4 0)
(885/4 79 71 1/4 0)
(443/2 65 63 1/2 1)
(443/2 77 70 1/4 0)
(887/4 74 68 1/4 0)
(222 60 60 1/2 1)
(222 75 69 1 0)
(445/2 65 63 1/2 1)
(223 63 62 1/2 1)
(223 72 67 1 0)
(447/2 65 63 1/2 1)
(224 63 62 1/2 1)
(224 81 72 1/4 0)
(897/4 82 73 1/4 0)
(449/2 65 63 1/2 1)
(449/2 81 72 1/4 0)
(899/4 77 70 1/4 0)
(225 62 61 1/2 1)
(225 82 73 1 0)
(451/2 65 63 1/2 1)
(226 58 59 1 1)
(226 86 75 1 0)
(227 84 74 1/4 0)
(909/4 82 73 1/4 0)
(455/2 81 72 1/4 0)
(911/4 79 71 1/4 0)
(228 79 71 1/2 0)
(457/2 77 70 1/2 0)
(229 50 54 1 1)
(229 58 59 1 1)
(229 77 70 1 0)
(230 50 54 1 1)
(230 58 59 1 1)
(230 79 71 1/4 0)
(921/4 77 70 1/4 0)
(461/2 75 69 1/4 0)
(923/4 74 68 1/4 0)
(231 74 68 1/2 0)
(463/2 72 67 1/2 0)
(232 51 55 1 1)
(232 58 59 1 1)
(232 72 67 1 0)
(233 52 55 1 1)
(233 58 59 1 1)
(233 72 67 1 0)
(234 53 56 1 1)
(234 58 59 1/8 1)
(234 74 68 1/8 0)
(1873/8 60 60 1/8 1)
(1873/8 75 69 1/8 0)
(937/4 62 61 3/4 1)
(937/4 77 70 3/4 0)
(236 53 56 1 1)
(236 62 61 1/4 1)
(236 77 70 1/4 0)
(945/4 60 60 1/4 1)
(945/4 75 69 1/4 0)
(473/2 58 59 1/4 1)
(473/2 74 68 1/4 0)
(947/4 57 58 1/4 1)
(947/4 72 67 1/4 0)
(237 58 59 1 1)
(237 70 66 1 0)
(238 46 52 1 1)
(239 70 66 1/4 0)
(957/4 72 67 1/4 0)
(479/2 70 66 1/4 0)
(959/4 69 65 1/4 0)
(240 63 62 1/2 1)
(240 67 64 1 1)
(240 70 66 1 0)
(481/2 58 59 1/2 1)
(241 63 62 1/2 1)
(241 67 64 1 1)
(483/2 58 59 1/2 1)
(967/4 70 66 1/4 0)
(242 63 62 1/2 1)
(242 67 64 1 1)
(242 75 69 3/4 0)
(485/2 58 59 1/2 1)
(971/4 75 69 1/4 0)
(243 65 63 1/2 1)
(243 68 65 1 1)
(243 75 69 1 0)
(487/2 58 59 1/2 1)
(244 65 63 1/2 1)
(244 68 65 1 1)
(244 74 68 1 0)
(489/2 58 59 1/2 1)
(245 65 63 1/2 1)
(245 68 65 1 1)
(245 70 66 1/4 0)
(981/4 72 67 1/4 0)
(491/2 58 59 1/2 1)
(491/2 70 66 1/4 0)
(983/4 69 65 1/4 0)
(246 63 62 1/2 1)
(246 67 64 1 1)
(246 70 66 1 0)
(493/2 58 59 1/2 1)
(247 63 62 1/2 1)
(247 67 64 1 1)
(495/2 58 59 1/2 1)
(991/4 70 66 1/4 0)
(248 63 62 1/2 1)
(248 67 64 1 1)
(248 79 71 3/4 0)
(497/2 58 59 1/2 1)
(995/4 79 71 1/4 0)
(249 62 61 1/2 1)
(249 65 63 1 1)
(249 82 73 1 0)
(499/2 58 59 1/2 1)
(250 62 61 1/2 1)
(250 65 63 1 1)
(250 80 72 1 0)
(501/2 58 59 1/2 1)
(251 62 61 1/2 1)
(251 65 63 1 1)
(251 80 72 1/4 0)
(1005/4 82 73 1/4 0)
(503/2 58 59 1/2 1)
(503/2 80 72 1/4 0)
(1007/4 77 70 1/4 0)
(252 63 62 1 1)
(252 79 71 1/4 0)
(1009/4 80 72 1/4 0)
(505/2 79 71 1/4 0)
(1011/4 75 69 1/4 0)
(253 82 73 1/3 0)
(760/3 80 72 1/3 0)
(761/3 79 71 1/3 0)
(254 43 50 1 1)
(254 55 57 1 1)
(254 77 70 1/3 0)
(763/3 75 69 1/3 0)
(764/3 73 68 1/3 0)
(255 44 51 1 1)
(255 56 58 1 1)
(255 72 67 1/4 0)
(1021/4 73 68 1/4 0)
(511/2 72 67 1/4 0)
(1023/4 68 65 1/4 0)
(256 84 74 1/3 0)
(769/3 82 73 1/3 0)
(770/3 80 72 1/3 0)
(257 58 59 1 1)
(257 61 61 1 1)
(257 79 71 1/3 0)
(772/3 77 70 1/3 0)
(773/3 76 69 1/3 0)
(258 56 58 1 1)
(258 60 60 1 1)
(258 77 70 1/4 0)
(1033/4 79 71 1/4 0)
(517/2 77 70 1/4 0)
(1035/4 72 67 1/4 0)
(259 84 74 1/3 0)
(778/3 82 73 1/3 0)
(779/3 80 72 1/3 0)
(260 57 58 1 1)
(260 63 62 1/3 1)
(260 79 71 1/3 0)
(781/3 65 63 1/3 1)
(781/3 77 70 1/3 0)
(782/3 67 64 1/3 1)
(782/3 75 69 1/3 0)
(261 58 59 2 1)
(261 67 64 1 1)
(261 75 69 1 0)
(262 65 63 1 1)
(262 74 68 1 0)
(263 58 59 1/2 1)
(263 77 70 1/4 0)
(1053/4 79 71 1/4 0)
(527/2 65 63 1/2 1)
(527/2 77 70 1/4 0)
(1055/4 74 68 1/4 0)
(264 60 60 1/2 1)
(264 75 69 1 0)
(529/2 65 63 1/2 1)
(265 63 62 1/2 1)
(265 72 67 1 0)
(531/2 65 63 1/2 1)
(266 63 62 1/2 1)
(266 81 72 1/4 0)
(1065/4 82 73 1/4 0)
(533/2 65 63 1/2 1)
(533/2 81 72 1/4 0)
(1067/4 77 70 1/4 0)
(267 62 61 1/2 1)
(267 82 73 1 0)
(535/2 65 63 1/2 1)
(268 58 59 1/2 1)
(268 86 75 1 0)
(537/2 65 63 1/2 1)
(269 58 59 1/2 1)
(269 77 70 1/4 0)
(1077/4 79 71 1/4 0)
(539/2 65 63 1/2 1)
(539/2 77 70 1/4 0)
(1079/4 74 68 1/4 0)
(270 60 60 1/2 1)
(270 75 69 1 0)
(541/2 65 63 1/2 1)
(271 63 62 1/2 1)
(271 72 67 1 0)
(543/2 65 63 1/2 1)
(272 63 62 1/2 1)
(272 81 72 1/4 0)
(1089/4 82 73 1/4 0)
(545/2 65 63 1/2 1)
(545/2 81 72 1/4 0)
(1091/4 77 70 1/4 0)
(273 62 61 1/2 1)
(273 82 73 1 0)
(547/2 65 63 1/2 1)
(274 58 59 1 1)
(274 86 75 1 0)
(275 84 74 1/4 0)
(1101/4 82 73 1/4 0)
(551/2 81 72 1/4 0)
(1103/4 79 71 1/4 0)
(276 79 71 1/2 0)
(553/2 77 70 1/2 0)
(277 50 54 1 1)
(277 58 59 1 1)
(277 77 70 1 0)
(278 50 54 1 1)
(278 58 59 1 1)
(278 79 71 1/4 0)
(1113/4 77 70 1/4 0)
(557/2 75 69 1/4 0)
(1115/4 74 68 1/4 0)
(279 74 68 1/2 0)
(559/2 72 67 1/2 0)
(280 51 55 1 1)
(280 58 59 1 1)
(280 72 67 1 0)
(281 52 55 1 1)
(281 58 59 1 1)
(281 72 67 1 0)
(282 53 56 1 1)
(282 58 59 1/8 1)
(282 74 68 1/8 0)
(2257/8 60 60 1/8 1)
(2257/8 75 69 1/8 0)
(1129/4 62 61 3/4 1)
(1129/4 77 70 3/4 0)
(284 53 56 1 1)
(284 62 61 1/4 1)
(284 77 70 1/4 0)
(1137/4 60 60 1/4 1)
(1137/4 75 69 1/4 0)
(569/2 58 59 1/4 1)
(569/2 74 68 1/4 0)
(1139/4 57 58 1/4 1)
(1139/4 72 67 1/4 0)
(285 58 59 1 1)
(285 70 66 1 0)
(286 46 52 1 1)
(287 62 61 1/2 1)
(287 70 66 1/2 0)
(575/2 58 59 1/2 1)
(575/2 70 66 1/2 0)
(288 63 62 1/2 1)
(288 71 66 1/4 0)
(1153/4 72 67 3/4 0)
(577/2 58 59 1/2 1)
(289 63 62 1/2 1)
(579/2 58 59 1/2 1)
(290 65 63 1/2 1)
(290 74 68 1/2 0)
(581/2 58 59 1/2 1)
(581/2 74 68 1/2 0)
(291 67 64 1/2 1)
(291 74 68 1/4 0)
(1165/4 75 69 3/4 0)
(583/2 58 59 1/2 1)
(292 67 64 1/2 1)
(585/2 58 59 1/2 1)
(293 62 61 1/2 1)
(293 77 70 1/2 0)
(587/2 58 59 1/2 1)
(587/2 77 70 1/2 0)
(294 63 62 1/2 1)
(294 78 70 1/4 0)
(1177/4 79 71 3/4 0)
(589/2 58 59 1/2 1)
(295 63 62 1/2 1)
(591/2 58 59 1/2 1)
(296 60 60 1/2 1)
(296 81 72 1/2 0)
(593/2 58 59 1/2 1)
(593/2 81 72 1/2 0)
(297 62 61 1/2 1)
(297 81 72 1/4 0)
(1189/4 82 73 3/4 0)
(595/2 58 59 1/2 1)
(298 65 63 1/2 1)
(597/2 62 61 1/2 1)
(299 58 59 1 1)
(299 70 66 1/2 0)
(599/2 70 66 1/2 0)
(300 47 53 6 1)
(300 59 60 6 1)
(300 75 69 1/2 0)
(601/2 77 70 1/2 0)
(301 78 71 1/2 0)
(603/2 77 70 1/2 0)
(302 75 69 1/2 0)
(605/2 74 68 1/2 0)
(303 75 69 1/2 0)
(607/2 77 70 1/2 0)
(304 78 71 1/2 0)
(609/2 79 71 1/2 0)
(305 80 72 1/2 0)
(611/2 81 72 1/2 0)
(306 46 52 1 1)
(306 58 59 1 1)
(306 82 73 1 0)
(308 46 52 1/4 1)
(308 58 59 1/4 0)
(1233/4 47 53 1/4 1)
(1233/4 59 60 1/4 0)
(617/2 46 52 1/4 1)
(617/2 58 59 1/4 0)
(1235/4 45 51 1/4 1)
(1235/4 57 58 1/4 0)
(309 46 52 1 1)
(309 58 59 1 0)
(311 70 66 1/4 0)
(1245/4 72 67 1/4 0)
(623/2 70 66 1/4 0)
(1247/4 69 65 1/4 0)
(312 63 62 1/2 1)
(312 67 64 1 1)
(312 70 66 1 0)
(625/2 58 59 1/2 1)
(313 63 62 1/2 1)
(313 67 64 1 1)
(627/2 58 59 1/2 1)
(1255/4 70 66 1/4 0)
(314 63 62 1/2 1)
(314 67 64 1 1)
(314 75 69 3/4 0)
(629/2 58 59 1/2 1)
(1259/4 75 69 1/4 0)
(315 65 63 1/2 1)
(315 68 65 1 1)
(315 75 69 1 0)
(631/2 58 59 1/2 1)
(316 65 63 1/2 1)
(316 68 65 1 1)
(316 74 68 1 0)
(633/2 58 59 1/2 1)
(317 65 63 1/2 1)
(317 68 65 1 1)
(317 70 66 1/4 0)
(1269/4 72 67 1/4 0)
(635/2 58 59 1/2 1)
(635/2 70 66 1/4 0)
(1271/4 69 65 1/4 0)
(318 63 62 1/2 1)
(318 67 64 1 1)
(318 70 66 1 0)
(637/2 58 59 1/2 1)
(319 63 62 1/2 1)
(319 67 64 1 1)
(639/2 58 59 1/2 1)
(1279/4 70 66 1/4 0)
(320 63 62 1/2 1)
(320 67 64 1 1)
(320 79 71 3/4 0)
(641/2 58 59 1/2 1)
(1283/4 79 71 1/4 0)
(321 62 61 1/2 1)
(321 65 63 1 1)
(321 82 73 1 0)
(643/2 58 59 1/2 1)
(322 62 61 1/2 1)
(322 65 63 1 1)
(322 80 72 1 0)
(645/2 58 59 1/2 1)
(323 62 61 1/2 1)
(323 65 63 1 1)
(323 80 72 1/4 0)
(1293/4 82 73 1/4 0)
(647/2 58 59 1/2 1)
(647/2 80 72 1/4 0)
(1295/4 77 70 1/4 0)
(324 63 62 1 1)
(324 79 71 1/4 0)
(1297/4 80 72 1/4 0)
(649/2 79 71 1/4 0)
(1299/4 75 69 1/4 0)
(325 82 73 1/3 0)
(976/3 80 72 1/3 0)
(977/3 79 71 1/3 0)
(326 43 50 1 1)
(326 55 57 1 1)
(326 77 70 1/3 0)
(979/3 75 69 1/3 0)
(980/3 73 68 1/3 0)
(327 44 51 1 1)
(327 56 58 1 1)
(327 72 67 1/4 0)
(1309/4 73 68 1/4 0)
(655/2 72 67 1/4 0)
(1311/4 68 65 1/4 0)
(328 84 74 1/3 0)
(985/3 82 73 1/3 0)
(986/3 80 72 1/3 0)
(329 58 59 1 1)
(329 61 61 1 1)
(329 79 71 1/3 0)
(988/3 77 70 1/3 0)
(989/3 76 69 1/3 0)
(330 56 58 1 1)
(330 60 60 1 1)
(330 77 70 1/4 0)
(1321/4 79 71 1/4 0)
(661/2 77 70 1/4 0)
(1323/4 72 67 1/4 0)
(331 84 74 1/3 0)
(994/3 82 73 1/3 0)
(995/3 80 72 1/3 0)
(332 57 58 1 1)
(332 63 62 1/3 1)
(332 79 71 1/3 0)
(997/3 65 63 1/3 1)
(997/3 77 70 1/3 0)
(998/3 67 64 1/3 1)
(998/3 75 69 1/3 0)
(333 58 59 2 1)
(333 67 64 1 1)
(333 75 69 1 0)
(334 65 63 1 1)
(334 74 68 1 0)
(335 51 55 1/2 1)
(335 70 66 1/4 0)
(1341/4 72 67 1/4 0)
(671/2 58 59 1/2 1)
(671/2 70 66 1/4 0)
(1343/4 67 64 1/4 0)
(336 53 56 1/2 1)
(336 68 65 1 0)
(673/2 58 59 1/2 1)
(337 56 58 1/2 1)
(337 65 63 1 0)
(675/2 58 59 1/2 1)
(338 56 58 1/2 1)
(338 74 68 1/4 0)
(1353/4 75 69 1/4 0)
(677/2 58 59 1/2 1)
(677/2 74 68 1/4 0)
(1355/4 70 66 1/4 0)
(339 55 57 1/2 1)
(339 75 69 1 0)
(679/2 58 59 1/2 1)
(340 51 55 1/2 1)
(340 79 71 1 0)
(681/2 58 59 1/2 1)
(341 51 55 1/2 1)
(341 70 66 1/4 0)
(1365/4 72 67 1/4 0)
(683/2 58 59 1/2 1)
(683/2 70 66 1/4 0)
(1367/4 67 64 1/4 0)
(342 53 56 1/2 1)
(342 68 65 1 0)
(685/2 58 59 1/2 1)
(343 56 58 1/2 1)
(343 65 63 1 0)
(687/2 58 59 1/2 1)
(344 56 58 1/2 1)
(344 74 68 1/4 0)
(1377/4 75 69 1/4 0)
(689/2 58 59 1/2 1)
(689/2 74 68 1/4 0)
(1379/4 70 66 1/4 0)
(345 55 57 1/2 1)
(345 75 69 1 0)
(691/2 58 59 1/2 1)
(346 51 55 1 1)
(346 79 71 1 0)
(347 89 77 1/4 0)
(1389/4 87 76 1/4 0)
(695/2 86 75 1/4 0)
(1391/4 84 74 1/4 0)
(348 84 74 1/2 0)
(697/2 82 73 1/2 0)
(349 55 57 1 1)
(349 63 62 1 1)
(349 82 73 1 0)
(350 55 57 1 1)
(350 63 62 1 1)
(350 84 74 1/4 0)
(1401/4 82 73 1/4 0)
(701/2 80 72 1/4 0)
(1403/4 79 71 1/4 0)
(351 79 71 1/2 0)
(703/2 77 70 1/2 0)
(352 56 58 1 1)
(352 63 62 1 1)
(352 77 70 1 0)
(353 57 58 1 1)
(353 63 62 1 1)
(353 77 70 1 0)
(354 58 59 1 1)
(354 63 62 1/8 1)
(354 79 71 1/8 0)
(2833/8 65 63 1/8 1)
(2833/8 80 72 1/8 0)
(1417/4 67 64 3/4 1)
(1417/4 82 73 3/4 0)
(356 58 59 1 1)
(356 67 64 1/4 1)
(356 82 73 1/4 0)
(1425/4 65 63 1/4 1)
(1425/4 80 72 1/4 0)
(713/2 63 62 1/4 1)
(713/2 79 71 1/4 0)
(1427/4 62 61 1/4 1)
(1427/4 77 70 1/4 0)
(357 63 62 1 1)
(357 75 69 1 0)
(358 51 55 1 1)
(359 62 61 1/2 1)
(359 70 66 1/2 0)
(719/2 58 59 1/2 1)
(719/2 70 66 1/2 0)
(360 63 62 1/2 1)
(360 71 66 1/4 0)
(1441/4 72 67 3/4 0)
(721/2 58 59 1/2 1)
(361 63 62 1/2 1)
(723/2 58 59 1/2 1)
(362 65 63 1/2 1)
(362 74 68 1/2 0)
(725/2 58 59 1/2 1)
(725/2 74 68 1/2 0)
(363 67 64 1/2 1)
(363 74 68 1/4 0)
(1453/4 75 69 3/4 0)
(727/2 58 59 1/2 1)
(364 67 64 1/2 1)
(729/2 58 59 1/2 1)
(365 62 61 1/2 1)
(365 77 70 1/2 0)
(731/2 58 59 1/2 1)
(731/2 77 70 1/2 0)
(366 63 62 1/2 1)
(366 78 70 1/4 0)
(1465/4 79 71 3/4 0)
(733/2 58 59 1/2 1)
(367 63 62 1/2 1)
(735/2 58 59 1/2 1)
(368 60 60 1/2 1)
(368 81 72 1/2 0)
(737/2 58 59 1/2 1)
(737/2 81 72 1/2 0)
(369 62 61 1/2 1)
(369 81 72 1/4 0)
(1477/4 82 73 3/4 0)
(739/2 58 59 1/2 1)
(370 65 63 1/2 1)
(741/2 62 61 1/2 1)
(371 58 59 1 1)
(371 70 66 1/2 0)
(743/2 70 66 1/2 0)
(372 47 53 6 1)
(372 59 60 6 1)
(372 75 69 1/2 0)
(745/2 77 70 1/2 0)
(373 78 71 1/2 0)
(747/2 77 70 1/2 0)
(374 75 69 1/2 0)
(749/2 74 68 1/2 0)
(375 75 69 1/2 0)
(751/2 77 70 1/2 0)
(376 78 71 1/2 0)
(753/2 79 71 1/2 0)
(377 80 72 1/2 0)
(755/2 81 72 1/2 0)
(378 46 52 1 1)
(378 58 59 1 1)
(378 82 73 1 0)
(380 46 52 1/4 1)
(380 58 59 1/4 0)
(1521/4 47 53 1/4 1)
(1521/4 59 60 1/4 0)
(761/2 46 52 1/4 1)
(761/2 58 59 1/4 0)
(1523/4 45 51 1/4 1)
(1523/4 57 58 1/4 0)
(381 46 52 1 1)
(381 58 59 1 0)
(383 70 66 1/4 0)
(1533/4 72 67 1/4 0)
(767/2 70 66 1/4 0)
(1535/4 69 65 1/4 0)
(384 63 62 1/2 1)
(384 67 64 1 1)
(384 70 66 1 0)
(769/2 58 59 1/2 1)
(385 63 62 1/2 1)
(385 67 64 1 1)
(771/2 58 59 1/2 1)
(1543/4 70 66 1/4 0)
(386 63 62 1/2 1)
(386 67 64 1 1)
(386 75 69 3/4 0)
(773/2 58 59 1/2 1)
(1547/4 75 69 1/4 0)
(387 65 63 1/2 1)
(387 68 65 1 1)
(387 75 69 1 0)
(775/2 58 59 1/2 1)
(388 65 63 1/2 1)
(388 68 65 1 1)
(388 74 68 1 0)
(777/2 58 59 1/2 1)
(389 65 63 1/2 1)
(389 68 65 1 1)
(389 70 66 1/4 0)
(1557/4 72 67 1/4 0)
(779/2 58 59 1/2 1)
(779/2 70 66 1/4 0)
(1559/4 69 65 1/4 0)
(390 63 62 1/2 1)
(390 67 64 1 1)
(390 70 66 1 0)
(781/2 58 59 1/2 1)
(391 63 62 1/2 1)
(391 67 64 1 1)
(783/2 58 59 1/2 1)
(1567/4 70 66 1/4 0)
(392 63 62 1/2 1)
(392 67 64 1 1)
(392 79 71 3/4 0)
(785/2 58 59 1/2 1)
(1571/4 79 71 1/4 0)
(393 62 61 1/2 1)
(393 65 63 1 1)
(393 82 73 1 0)
(787/2 58 59 1/2 1)
(394 62 61 1/2 1)
(394 65 63 1 1)
(394 80 72 1 0)
(789/2 58 59 1/2 1)
(395 62 61 1/2 1)
(395 65 63 1 1)
(395 80 72 1/4 0)
(1581/4 82 73 1/4 0)
(791/2 58 59 1/2 1)
(791/2 80 72 1/4 0)
(1583/4 77 70 1/4 0)
(396 63 62 1 1)
(396 79 71 1/4 0)
(1585/4 80 72 1/4 0)
(793/2 79 71 1/4 0)
(1587/4 75 69 1/4 0)
(397 82 73 1/3 0)
(1192/3 80 72 1/3 0)
(1193/3 79 71 1/3 0)
(398 43 50 1 1)
(398 55 57 1 1)
(398 77 70 1/3 0)
(1195/3 75 69 1/3 0)
(1196/3 73 68 1/3 0)
(399 44 51 1 1)
(399 56 58 1 1)
(399 72 67 1/4 0)
(1597/4 73 68 1/4 0)
(799/2 72 67 1/4 0)
(1599/4 68 65 1/4 0)
(400 84 74 1/3 0)
(1201/3 82 73 1/3 0)
(1202/3 80 72 1/3 0)
(401 58 59 1 1)
(401 61 61 1 1)
(401 79 71 1/3 0)
(1204/3 77 70 1/3 0)
(1205/3 76 69 1/3 0)
(402 56 58 1 1)
(402 60 60 1 1)
(402 77 70 1/4 0)
(1609/4 79 71 1/4 0)
(805/2 77 70 1/4 0)
(1611/4 72 67 1/4 0)
(403 84 74 1/3 0)
(1210/3 82 73 1/3 0)
(1211/3 80 72 1/3 0)
(404 57 58 1 1)
(404 63 62 1/3 1)
(404 79 71 1/3 0)
(1213/3 65 63 1/3 1)
(1213/3 77 70 1/3 0)
(1214/3 67 64 1/3 1)
(1214/3 75 69 1/3 0)
(405 58 59 2 1)
(405 67 64 1 1)
(405 75 69 1 0)
(406 65 63 1 1)
(406 74 68 1 0)
(407 51 55 1/2 1)
(407 70 66 1/4 0)
(1629/4 72 67 1/4 0)
(815/2 58 59 1/2 1)
(815/2 70 66 1/4 0)
(1631/4 67 64 1/4 0)
(408 53 56 1/2 1)
(408 68 65 1 0)
(817/2 58 59 1/2 1)
(409 56 58 1/2 1)
(409 65 63 1 0)
(819/2 58 59 1/2 1)
(410 56 58 1/2 1)
(410 74 68 1/4 0)
(1641/4 75 69 1/4 0)
(821/2 58 59 1/2 1)
(821/2 74 68 1/4 0)
(1643/4 70 66 1/4 0)
(411 55 57 1/2 1)
(411 75 69 1 0)
(823/2 58 59 1/2 1)
(412 51 55 1/2 1)
(412 79 71 1 0)
(825/2 58 59 1/2 1)
(413 51 55 1/2 1)
(413 70 66 1/4 0)
(1653/4 72 67 1/4 0)
(827/2 58 59 1/2 1)
(827/2 70 66 1/4 0)
(1655/4 67 64 1/4 0)
(414 53 56 1/2 1)
(414 68 65 1 0)
(829/2 58 59 1/2 1)
(415 56 58 1/2 1)
(415 65 63 1 0)
(831/2 58 59 1/2 1)
(416 56 58 1/2 1)
(416 74 68 1/4 0)
(1665/4 75 69 1/4 0)
(833/2 58 59 1/2 1)
(833/2 74 68 1/4 0)
(1667/4 70 66 1/4 0)
(417 55 57 1/2 1)
(417 75 69 1 0)
(835/2 58 59 1/2 1)
(418 51 55 1 1)
(418 79 71 1 0)
(419 89 77 1/4 0)
(1677/4 87 76 1/4 0)
(839/2 86 75 1/4 0)
(1679/4 84 74 1/4 0)
(420 84 74 1/2 0)
(841/2 82 73 1/2 0)
(421 55 57 1 1)
(421 63 62 1 1)
(421 82 73 1 0)
(422 55 57 1 1)
(422 63 62 1 1)
(422 84 74 1/4 0)
(1689/4 82 73 1/4 0)
(845/2 80 72 1/4 0)
(1691/4 79 71 1/4 0)
(423 79 71 1/2 0)
(847/2 77 70 1/2 0)
(424 56 58 1 1)
(424 63 62 1 1)
(424 77 70 1 0)
(425 57 58 1 1)
(425 63 62 1 1)
(425 77 70 1 0)
(426 58 59 1 1)
(426 63 62 1/8 1)
(426 79 71 1/8 0)
(3409/8 65 63 1/8 1)
(3409/8 80 72 1/8 0)
(1705/4 67 64 3/4 1)
(1705/4 82 73 3/4 0)
(428 58 59 1 1)
(428 67 64 1/4 1)
(428 82 73 1/4 0)
(1713/4 65 63 1/4 1)
(1713/4 80 72 1/4 0)
(857/2 63 62 1/4 1)
(857/2 79 71 1/4 0)
(1715/4 62 61 1/4 1)
(1715/4 77 70 1/4 0)
(429 63 62 1 1)
(429 75 69 1 0)
(430 51 55 1 1)
(431 74 68 3/4 0)
(1727/4 75 69 1/4 0)
(432 72 67 1/2 0)
(865/2 70 66 1/2 0)
(433 62 61 1 1)
(433 65 63 1 1)
(433 70 66 1 0)
(434 62 61 1 1)
(434 65 63 1 1)
(434 70 66 1 0)
(435 63 62 1 1)
(435 65 63 1 1)
(435 69 65 1 0)
(437 75 69 3/4 0)
(1751/4 77 70 1/4 0)
(438 74 68 1/2 0)
(877/2 72 67 1/2 0)
(439 63 62 1 1)
(439 65 63 1 1)
(439 72 67 1 0)
(440 63 62 1 1)
(440 65 63 1 1)
(440 72 67 1 0)
(441 62 61 1 1)
(441 65 63 1 1)
(441 70 66 1 0)
(443 58 59 3/4 1)
(443 74 68 3/4 0)
(1775/4 60 60 1/4 1)
(1775/4 75 69 1/4 0)
(444 53 56 7 1)
(444 62 61 1/2 1)
(444 77 70 1/2 0)
(889/2 63 62 1/2 1)
(889/2 79 71 1/2 0)
(445 60 60 1/2 1)
(445 75 69 1/2 0)
(891/2 57 58 1/2 1)
(891/2 72 67 1/2 0)
(446 58 59 1/2 1)
(446 74 68 1/2 0)
(893/2 60 60 1/2 1)
(893/2 75 69 1/2 0)
(447 62 61 1/2 1)
(447 77 70 1/2 0)
(895/2 63 62 1/2 1)
(895/2 79 71 1/2 0)
(448 60 60 1/2 1)
(448 75 69 1/2 0)
(897/2 57 58 1/2 1)
(897/2 72 67 1/2 0)
(449 58 59 1/2 1)
(449 74 68 1/2 0)
(899/2 60 60 1/2 1)
(899/2 75 69 1/2 0)
(450 62 61 1 1)
(450 77 70 1/2 0)
(901/2 82 73 1/2 0)
(451 81 72 1/2 0)
(903/2 79 71 1/2 0)
(452 77 70 1/2 0)
(905/2 76 69 1/2 0)
(453 74 68 1/2 0)
(907/2 72 67 1/2 0)
(454 71 66 1/2 0)
(909/2 70 66 1/2 0)
(455 69 65 1/2 0)
(911/2 67 64 1/2 0)
(456 72 67 3/4 0)
(1827/4 74 68 1/4 0)
(457 48 53 1 1)
(457 57 58 1 1)
(457 60 60 1 0)
(457 65 63 1 0)
(458 48 53 1 1)
(458 55 57 1 1)
(458 58 59 1 0)
(458 64 62 1 0)
(459 53 56 1 1)
(459 57 58 1 0)
(459 65 63 1 0)
(460 41 49 1 1)
(461 70 66 3/4 0)
(461 74 68 3/4 0)
(1847/4 69 65 1/4 0)
(1847/4 72 67 1/4 0)
(462 69 65 1 0)
(462 72 67 1 0)
(463 65 63 1 1)
(464 70 66 3/4 0)
(464 76 69 3/4 0)
(1859/4 69 65 1/4 0)
(1859/4 77 70 1/4 0)
(465 69 65 1 0)
(465 77 70 1 0)
(466 53 56 1 1)
(467 53 56 1 1)
(467 65 63 1 1)
(467 71 66 1 0)
(467 74 68 1 0)
(467 80 72 1 0)
(468 52 55 1 1)
(468 64 62 1 1)
(468 72 67 1 0)
(468 76 69 1 0)
(468 79 71 1 0)
(469 51 55 1 1)
(469 63 62 1 1)
(469 69 65 1 0)
(469 72 67 1 0)
(469 78 71 1 0)
(470 50 54 1 1)
(470 62 61 1 1)
(470 70 66 1 0)
(470 74 68 1 0)
(470 77 70 1 0)
(471 43 50 1 1)
(471 55 57 1 1)
(471 67 64 1 0)
(471 70 66 1 0)
(471 76 69 1 0)
(472 45 51 1 1)
(472 57 58 1 1)
(472 66 64 1 0)
(472 72 67 1 0)
(472 75 69 1 0)
(473 46 52 1 1)
(473 58 59 1 1)
(473 65 63 1 0)
(473 70 66 1 0)
(473 74 68 1 0)
(474 51 55 2 1)
(475 72 67 1 0)
(476 52 55 1 1)
(476 73 68 1 0)
(477 53 56 1 1)
(477 70 66 1/2 0)
(955/2 69 65 1/2 0)
(478 51 55 1 1)
(478 67 64 1/2 0)
(957/2 65 63 1/2 0)
(479 50 54 1 1)
(479 70 66 1 0)
(480 57 58 1 1)
(480 72 67 1 0)
(480 75 69 1 0)
(481 58 59 1 1)
(481 70 66 3/4 0)
(481 74 68 3/4 0)
(1927/4 69 65 1/4 0)
(1927/4 72 67 1/4 0)
(482 52 55 1 1)
(482 70 66 3/4 0)
(482 74 68 3/4 0)
(1931/4 72 67 1/4 0)
(1931/4 75 69 1/4 0)
(483 53 56 2 1)
(483 70 66 1 0)
(483 74 68 1 0)
(484 69 65 1 0)
(484 72 67 1 0)
(485 62 61 3/4 1)
(1943/4 63 62 1/4 1)
(486 60 60 1/2 1)
(973/2 58 59 1/2 1)
(487 58 59 1 1)
(487 74 68 1 0)
(487 77 70 1 0)
(488 58 59 1 1)
(488 74 68 1 0)
(488 77 70 1 0)
(489 57 58 1 1)
(489 75 69 1 0)
(489 77 70 1 0)
(491 63 62 3/4 1)
(1967/4 65 63 1/4 1)
(492 62 61 1/2 1)
(985/2 60 60 1/2 1)
(493 60 60 1 1)
(493 81 72 1 0)
(493 87 76 1 0)
(494 60 60 1 1)
(494 81 72 1 0)
(494 87 76 1 0)
(495 58 59 1 1)
(495 82 73 1 0)
(495 86 75 1 0)
(497 58 59 3/4 1)
(497 74 68 3/4 0)
(1991/4 60 60 1/4 1)
(1991/4 75 69 1/4 0)
(498 53 56 7 1)
(498 62 61 1/2 1)
(498 77 70 1/2 0)
(997/2 63 62 1/2 1)
(997/2 79 71 1/2 0)
(499 60 60 1/2 1)
(499 75 69 1/2 0)
(999/2 57 58 1/2 1)
(999/2 72 67 1/2 0)
(500 58 59 1/2 1)
(500 74 68 1/2 0)
(1001/2 60 60 1/2 1)
(1001/2 75 69 1/2 0)
(501 62 61 1/2 1)
(501 77 70 1/2 0)
(1003/2 63 62 1/2 1)
(1003/2 79 71 1/2 0)
(502 60 60 1/2 1)
(502 75 69 1/2 0)
(1005/2 57 58 1/2 1)
(1005/2 72 67 1/2 0)
(503 58 59 1/2 1)
(503 74 68 1/2 0)
(1007/2 60 60 1/2 1)
(1007/2 75 69 1/2 0)
(504 62 61 1 1)
(504 77 70 1/2 0)
(1009/2 87 76 1/2 0)
(505 86 75 1/2 0)
(1011/2 84 74 1/2 0)
(506 82 73 1/2 0)
(1013/2 81 72 1/2 0)
(507 79 71 1/2 0)
(1015/2 77 70 1/2 0)
(508 76 69 1/2 0)
(1017/2 75 69 1/2 0)
(509 74 68 1/2 0)
(1019/2 72 67 1/2 0)
(510 77 70 3/4 0)
(2043/4 79 71 1/4 0)
(511 53 56 1 1)
(511 62 61 1 1)
(511 65 63 1 0)
(511 70 66 1 0)
(512 53 56 1 1)
(512 60 60 1 1)
(512 63 62 1 0)
(512 69 65 1 0)
(513 58 59 1 1)
(513 62 61 1 0)
(513 70 66 1 0)
(514 46 52 1 1)
(515 75 69 3/4 0)
(515 79 71 3/4 0)
(2063/4 74 68 1/4 0)
(2063/4 77 70 1/4 0)
(516 74 68 1 0)
(516 77 70 1 0)
(517 70 66 1 1)
(518 75 69 3/4 0)
(518 81 72 3/4 0)
(2075/4 74 68 1/4 0)
(2075/4 82 73 1/4 0)
(519 74 68 1 0)
(519 82 73 1 0)
(520 58 59 1 1)
(521 55 57 1 1)
(521 74 68 3/4 0)
(2087/4 70 66 1/4 0)
(522 51 55 1 1)
(522 67 64 2 0)
(522 75 69 2 0)
(523 48 53 1 1)
(524 53 56 1 1)
(524 63 62 1 0)
(524 72 67 3/4 0)
(2099/4 69 65 1/4 0)
(525 58 59 1 1)
(525 62 61 1 0)
(525 70 66 1 0)
(526 46 52 1 1)
