(-1 62 61 1/2 1)
(-1 70 66 1/2 0)
(-1/2 58 59 1/2 1)
(-1/2 70 66 1/2 0)
(0 63 62 1/2 1)
(0 71 66 1/4 0)
(1/4 72 67 3/4 0)
(1/2 58 59 1/2 1)
(1 63 62 1/2 1)
(3/2 58 59 1/2 1)
(2 65 63 1/2 1)
(2 74 68 1/2 0)
(5/2 58 59 1/2 1)
(5/2 74 68 1/2 0)
(3 67 64 1/2 1)
(3 74 68 1/4 0)
(13/4 75 69 3/4 0)
(7/2 58 59 1/2 1)
(4 67 64 1/2 1)
(9/2 58 59 1/2 1)
(5 62 61 1/2 1)
(5 77 70 1/2 0)
(11/2 58 59 1/2 1)
(11/2 77 70 1/2 0)
(6 63 62 1/2 1)
(6 78 70 1/4 0)
(25/4 79 71 3/4 0)
(13/2 58 59 1/2 1)
(7 63 62 1/2 1)
(15/2 58 59 1/2 1)
(8 60 60 1/2 1)
(8 81 72 1/2 0)
(17/2 58 59 1/2 1)
(17/2 81 72 1/2 0)
(9 62 61 1/2 1)
(9 81 72 1/4 0)
(37/4 82 73 3/4 0)
(19/2 58 59 1/2 1)
(10 65 63 1/2 1)
(21/2 62 61 1/2 1)
(11 58 59 1 1)
(11 70 66 1/2 0)
(23/2 70 66 1/2 0)
(12 47 53 6 1)
(12 59 60 6 1)
(12 75 69 1/2 0)
(25/2 77 70 1/2 0)
(13 78 71 1/2 0)
(27/2 77 70 1/2 0)
(14 75 69 1/2 0)
(29/2 74 68 1/2 0)
(15 75 69 1/2 0)
(31/2 77 70 1/2 0)
(16 78 71 1/2 0)
(33/2 79 71 1/2 0)
(17 80 72 1/2 0)
(35/2 81 72 1/2 0)
(18 46 52 1 1)
(18 58 59 1 1)
(18 82 73 1 0)
(20 46 52 1/4 1)
(20 58 59 1/4 0)
(81/4 47 53 1/4 1)
(81/4 59 60 1/4 0)
(41/2 46 52 1/4 1)
(41/2 58 59 1/4 0)
(83/4 45 51 1/4 1)
(83/4 57 58 1/4 0)
(21 46 52 1 1)
(21 58 59 1 0)
(23 70 66 1/4 0)
(93/4 72 67 1/4 0)
(47/2 70 66 1/4 0)
(95/4 69 65 1/4 0)
(24 63 62 1/2 1)
(24 67 64 1 1)
(24 70 66 1 0)
(49/2 58 59 1/2 1)
(25 63 62 1/2 1)
(25 67 64 1 1)
(51/2 58 59 1/2 1)
(103/4 70 66 1/4 0)
(26 63 62 1/2 1)
(26 67 64 1 1)
(26 75 69 3/4 0)
(53/2 58 59 1/2 1)
(107/4 75 69 1/4 0)
(27 65 63 1/2 1)
(27 68 65 1 1)
(27 75 69 1 0)
(55/2 58 59 1/2 1)
(28 65 63 1/2 1)
(28 68 65 1 1)
(28 74 68 1 0)
(57/2 58 59 1/2 1)
(29 65 63 1/2 1)
(29 68 65 1 1)
(29 70 66 1/4 0)
(117/4 72 67 1/4 0)
(59/2 58 59 1/2 1)
(59/2 70 66 1/4 0)
(119/4 69 65 1/4 0)
(30 63 62 1/2 1)
(30 67 64 1 1)
(30 70 66 1 0)
(61/2 58 59 1/2 1)
(31 63 62 1/2 1)
(31 67 64 1 1)
(63/2 58 59 1/2 1)
(127/4 70 66 1/4 0)
(32 63 62 1/2 1)
(32 67 64 1 1)
(32 79 71 3/4 0)
(65/2 58 59 1/2 1)
(131/4 79 71 1/4 0)
(33 62 61 1/2 1)
(33 65 63 1 1)
(33 82 73 1 0)
(67/2 58 59 1/2 1)
(34 62 61 1/2 1)
(34 65 63 1 1)
(34 80 72 1 0)
(69/2 58 59 1/2 1)
(35 62 61 1/2 1)
(35 65 63 1 1)
(35 80 72 1/4 0)
(141/4 82 73 1/4 0)
(71/2 58 59 1/2 1)
(71/2 80 72 1/4 0)
(143/4 77 70 1/4 0)
(36 63 62 1 1)
(36 79 71 1/4 0)
(145/4 80 72 1/4 0)
(73/2 79 71 1/4 0)
(147/4 75 69 1/4 0)
(37 82 73 1/3 0)
(112/3 80 72 1/3 0)
(113/3 79 71 1/3 0)
(38 43 50 1 1)
(38 55 57 1 1)
(38 77 70 1/3 0)
(115/3 75 69 1/3 0)
(116/3 73 68 1/3 0)
(39 44 51 1 1)
(39 56 58 1 1)
(39 72 67 1/4 0)
(157/4 73 68 1/4 0)
(79/2 72 67 1/4 0)
(159/4 68 65 1/4 0)
(40 84 74 1/3 0)
(121/3 82 73 1/3 0)
(122/3 80 72 1/3 0)
(41 58 59 1 1)
(41 61 61 1 1)
(41 79 71 1/3 0)
(124/3 77 70 1/3 0)
(125/3 76 69 1/3 0)
(42 56 58 1 1)
(42 60 60 1 1)
(42 77 70 1/4 0)
(169/4 79 71 1/4 0)
(85/2 77 70 1/4 0)
(171/4 72 67 1/4 0)
(43 84 74 1/3 0)
(130/3 82 73 1/3 0)
(131/3 80 72 1/3 0)
(44 57 58 1 1)
(44 63 62 1/3 1)
(44 79 71 1/3 0)
(133/3 65 63 1/3 1)
(133/3 77 70 1/3 0)
(134/3 67 64 1/3 1)
(134/3 75 69 1/3 0)
(45 58 59 2 1)
(45 67 64 1 1)
(45 75 69 1 0)
(46 65 63 1 1)
(46 74 68 1 0)
(47 51 55 1/2 1)
(47 70 66 1/4 0)
(189/4 72 67 1/4 0)
(95/2 58 59 1/2 1)
(95/2 70 66 1/4 0)
(191/4 67 64 1/4 0)
(48 53 56 1/2 1)
(48 68 65 1 0)
(97/2 58 59 1/2 1)
(49 56 58 1/2 1)
(49 65 63 1 0)
(99/2 58 59 1/2 1)
(50 56 58 1/2 1)
(50 74 68 1/4 0)
(201/4 75 69 1/4 0)
(101/2 58 59 1/2 1)
(101/2 74 68 1/4 0)
(203/4 70 66 1/4 0)
(51 55 57 1/2 1)
(51 75 69 1 0)
(103/2 58 59 1/2 1)
(52 51 55 1/2 1)
(52 79 71 1 0)
(105/2 58 59 1/2 1)
(53 51 55 1/2 1)
(53 70 66 1/4 0)
(213/4 72 67 1/4 0)
(107/2 58 59 1/2 1)
(107/2 70 66 1/4 0)
(215/4 67 64 1/4 0)
(54 53 56 1/2 1)
(54 68 65 1 0)
(109/2 58 59 1/2 1)
(55 56 58 1/2 1)
(55 65 63 1 0)
(111/2 58 59 1/2 1)
(56 56 58 1/2 1)
(56 74 68 1/4 0)
(225/4 75 69 1/4 0)
(113/2 58 59 1/2 1)
(113/2 74 68 1/4 0)
(227/4 70 66 1/4 0)
(57 55 57 1/2 1)
(57 75 69 1 0)
(115/2 58 59 1/2 1)
(58 51 55 1 1)
(58 79 71 1 0)
(59 89 77 1/4 0)
(237/4 87 76 1/4 0)
(119/2 86 75 1/4 0)
(239/4 84 74 1/4 0)
(60 84 74 1/2 0)
(121/2 82 73 1/2 0)
(61 55 57 1 1)
(61 63 62 1 1)
(61 82 73 1 0)
(62 55 57 1 1)
(62 63 62 1 1)
(62 84 74 1/4 0)
(249/4 82 73 1/4 0)
(125/2 80 72 1/4 0)
(251/4 79 71 1/4 0)
(63 79 71 1/2 0)
(127/2 77 70 1/2 0)
(64 56 58 1 1)
(64 63 62 1 1)
(64 77 70 1 0)
(65 57 58 1 1)
(65 63 62 1 1)
(65 77 70 1 0)
(66 58 59 1 1)
(66 63 62 1/8 1)
(66 79 71 1/8 0)
(529/8 65 63 1/8 1)
(529/8 80 72 1/8 0)
(265/4 67 64 3/4 1)
(265/4 82 73 3/4 0)
(68 58 59 1 1)
(68 67 64 1/4 1)
(68 82 73 1/4 0)
(273/4 65 63 1/4 1)
(273/4 80 72 1/4 0)
(137/2 63 62 1/4 1)
(137/2 79 71 1/4 0)
(275/4 62 61 1/4 1)
(275/4 77 70 1/4 0)
(69 63 62 1 1)
(69 75 69 1 0)
(70 51 55 1 1)
