(-1 65 63 5/2 0)
(0 77 70 2 0)
(3/2 65 63 1 0)
(2 77 70 1 0)
(5/2 65 63 2 0)
(3 76 69 2 0)
(9/2 66 63 1 0)
(5 76 69 1 0)
(11/2 66 63 2 0)
(6 75 69 2 0)
(15/2 67 64 1 0)
(8 75 69 1 0)
(17/2 67 64 2 0)
(9 74 68 2 0)
(21/2 68 64 1 0)
(11 74 68 1 0)
(23/2 68 64 2 0)
(12 41 49 1 1)
(12 73 68 2 0)
(13 53 56 1 1)
(13 63 62 1 1)
(27/2 69 65 1 0)
(14 53 56 1 1)
(14 63 62 1 1)
(14 73 68 4 0)
(29/2 69 65 1/2 0)
(15 46 52 1 1)
(15 69 65 3/4 0)
(63/4 70 66 1/4 0)
(16 53 56 1 1)
(16 61 61 1 1)
(16 70 66 1 0)
(17 51 55 1 1)
(17 55 57 1 1)
(17 61 61 1 1)
(17 70 66 5/2 0)
(18 44 51 1 1)
(18 77 70 2 0)
(19 56 58 1 1)
(19 66 64 1 1)
(39/2 72 67 1 0)
(20 56 58 1 1)
(20 66 64 1 1)
(20 77 70 4 0)
(41/2 72 67 1/2 0)
(21 49 54 1 1)
(21 72 67 3/4 0)
(87/4 73 68 1/4 0)
(22 56 58 1 1)
(22 65 63 1 1)
(22 73 68 1 0)
(23 55 57 1 1)
(23 58 59 1 1)
(23 65 63 1 1)
(23 73 68 5/2 0)
(24 48 53 1 1)
(24 80 72 2 0)
(25 60 60 1 1)
(25 65 63 1 1)
(25 70 66 1 1)
(51/2 76 69 1 0)
(26 60 60 1 1)
(26 67 64 1 1)
(26 70 66 1 1)
(26 80 72 3 0)
(53/2 76 69 1/2 0)
(27 53 56 3 1)
(27 76 69 3/4 0)
(111/4 77 70 1/4 0)
(28 60 60 1 1)
(28 68 65 1 1)
(28 77 70 1 0)
(29 60 60 1 1)
(29 68 65 1 1)
(29 77 70 7/4 0)
(29 89 77 7/4 0)
(30 41 49 1 1)
(30 81 72 2 0)
(123/4 78 71 1/4 0)
(123/4 90 78 1/4 0)
(31 60 60 1 1)
(31 63 62 1 1)
(31 69 65 1 1)
(31 78 71 1 0)
(31 90 78 1 0)
(32 63 62 1 1)
(32 69 65 1 0)
(32 72 67 1 1)
(33 46 52 1 1)
(33 72 67 3/2 0)
(33 84 74 3/2 0)
(34 53 56 1 1)
(34 61 61 1 1)
(69/2 70 66 1/2 0)
(69/2 82 73 1/2 0)
(35 53 56 1 1)
(35 61 61 1 1)
(35 68 65 1/2 0)
(71/2 66 64 1/2 0)
(36 46 52 1 1)
(36 65 63 3/2 0)
(36 73 68 3/2 0)
(37 53 56 1 1)
(37 63 62 1 1)
(75/2 66 64 1/2 0)
(75/2 69 65 1/2 0)
(38 53 56 1 1)
(38 63 62 1 1)
(38 65 63 1/2 0)
(38 73 68 1/2 0)
(77/2 63 62 1/2 0)
(77/2 69 65 1/2 0)
(39 46 52 1 1)
(39 63 62 3/4 0)
(39 69 65 3/4 0)
(159/4 61 61 1/4 0)
(159/4 70 66 1/4 0)
(40 53 56 1 1)
(40 58 59 1 1)
(40 61 61 1 0)
(40 70 66 1 0)
(41 51 55 1 1)
(41 61 61 1 1)
(41 67 64 1 0)
(41 70 66 1 0)
(42 44 51 1 1)
(42 68 65 3/2 0)
(42 77 70 3/2 0)
(43 56 58 1 1)
(43 66 64 1 1)
(87/2 69 66 1/2 0)
(87/2 72 67 1/2 0)
(44 56 58 1 1)
(44 66 64 1 1)
(44 68 65 1/2 0)
(44 77 70 1/2 0)
(89/2 66 64 1/2 0)
(89/2 72 67 1/2 0)
(45 49 54 1 1)
(45 66 64 3/4 0)
(45 72 67 3/4 0)
(183/4 65 63 1/4 0)
(183/4 73 68 1/4 0)
(46 56 58 1 1)
(46 61 61 1 1)
(46 65 63 1 0)
(46 73 68 1 0)
(47 55 57 1 1)
(47 65 63 1 1)
(47 71 66 1 0)
(47 73 68 1 0)
(48 48 53 1 1)
(48 72 67 3/2 0)
(48 80 72 3/2 0)
(49 60 60 1 1)
(49 70 66 1 1)
(99/2 73 68 1/2 0)
(99/2 76 69 1/2 0)
(50 60 60 1 1)
(50 70 66 1 1)
(50 72 67 1/2 0)
(50 80 72 1/2 0)
(101/2 70 66 1/2 0)
(101/2 76 69 1/2 0)
(51 53 56 2 1)
(51 70 66 3/4 0)
(51 76 69 3/4 0)
(207/4 69 65 1/4 0)
(207/4 77 70 1/4 0)
(52 60 60 1 1)
(52 65 63 1 1)
(52 69 65 1 0)
(52 77 70 1 0)
(53 53 56 1 1)
(53 60 60 1 1)
(53 69 65 1 1)
(53 77 70 1 0)
(53 89 77 1 0)
(54 41 49 1 1)
(54 80 72 3/4 0)
(54 92 79 3/4 0)
(219/4 78 71 1/4 0)
(219/4 90 78 1/4 0)
(55 60 60 1 1)
(55 63 62 1 1)
(55 69 65 1 1)
(55 72 67 1 1)
(55 78 71 1 0)
(55 90 78 1 0)
(56 53 56 1 1)
(56 60 60 1 1)
(56 63 62 1 1)
(56 69 65 1 0)
(57 46 52 1 1)
(57 70 66 7/2 0)
(58 53 56 1 1)
(58 61 61 1 1)
(59 51 55 1 1)
(59 54 57 1 1)
(59 61 61 1 1)
(60 44 51 1 1)
(243/4 66 64 1/4 0)
(243/4 68 65 1/4 0)
(61 51 55 1 1)
(61 56 58 1 1)
(61 60 60 1/2 0)
(123/2 66 64 1/2 0)
(123/2 68 65 1/2 0)
(62 51 55 1 1)
(62 56 58 1 1)
(62 60 60 1 1)
(62 75 69 1 0)
(63 37 47 1 1)
(63 70 66 1/2 0)
(255/4 65 63 1/4 0)
(255/4 68 65 1/4 0)
(64 53 56 1 1)
(64 56 58 1 1)
(64 61 61 1/2 0)
(129/2 65 63 1/2 0)
(129/2 68 65 1/2 0)
(65 53 56 1 1)
(65 56 58 1 1)
(65 61 61 1 1)
(65 77 70 1 0)
(66 44 51 1 1)
(66 70 66 1/2 0)
(267/4 66 64 1/4 0)
(267/4 68 65 1/4 0)
(67 51 55 1 1)
(67 56 58 1 1)
(67 60 60 1/2 0)
(135/2 66 64 1/2 0)
(135/2 68 65 1/2 0)
(68 51 55 1 1)
(68 56 58 1 1)
(68 60 60 1 1)
(68 78 71 1 0)
(69 49 54 1 1)
(69 82 73 3/2 0)
(70 56 58 1 1)
(70 59 60 1 1)
(70 65 63 1 1)
(283/4 80 72 1/4 0)
(71 50 54 1 1)
(71 71 67 3/4 0)
(287/4 80 72 1/4 0)
(72 51 55 1 1)
(72 70 66 7/8 0)
(583/8 80 72 1/8 0)
(73 54 57 1 1)
(73 58 59 1 1)
(73 63 62 1 1)
(73 70 66 7/8 0)
(591/8 80 72 1/8 0)
(74 42 50 1 1)
(74 70 66 7/8 0)
(599/8 78 71 1/8 0)
(75 44 51 1 1)
(75 69 66 7/8 0)
(607/8 78 71 1/8 0)
(76 53 56 1 1)
(76 61 61 1 1)
(76 68 65 7/8 0)
(615/8 78 71 1/8 0)
(77 53 56 1 1)
(77 61 61 1 1)
(77 68 65 7/8 0)
(623/8 77 70 1/8 0)
(78 44 51 1 1)
(78 67 64 7/8 0)
(631/8 77 70 1/8 0)
(79 51 55 1 1)
(79 56 58 1 1)
(79 60 60 1 1)
(79 66 64 7/8 0)
(639/8 77 70 1/8 0)
(80 51 55 1 1)
(80 56 58 1 1)
(80 60 60 1 1)
(80 66 64 7/8 0)
(647/8 75 69 1/8 0)
(81 49 54 2 1)
(81 65 63 7/8 0)
(81 65 63 1 0)
(655/8 75 69 1/8 0)
(82 56 58 1 1)
(82 61 61 1 1)
(82 65 63 1 0)
(82 73 68 1/3 0)
(247/3 75 69 1/3 0)
(248/3 73 68 1/3 0)
(83 43 50 1 1)
(83 64 62 1 0)
(83 72 67 1/2 0)
(671/8 70 66 1/8 0)
(84 44 51 1 1)
(84 60 60 1 0)
(84 70 66 1/2 0)
(339/4 66 64 1/4 0)
(339/4 68 65 1/4 0)
(85 51 55 1 1)
(85 56 58 1 1)
(85 60 60 1/2 0)
(85 60 60 1 0)
(171/2 66 64 1/2 0)
(171/2 68 65 1/2 0)
(86 51 55 1 1)
(86 56 58 1 1)
(86 60 60 1 1)
(86 75 69 1 0)
(87 37 47 1 1)
(87 70 66 1/2 0)
(351/4 65 63 1/4 0)
(351/4 68 65 1/4 0)
(88 53 56 1 1)
(88 56 58 1 1)
(88 61 61 1/2 0)
(177/2 65 63 1/2 0)
(177/2 68 65 1/2 0)
(89 53 56 1 1)
(89 56 58 1 1)
(89 61 61 1 1)
(89 77 70 1 0)
(90 44 51 1 1)
(90 70 66 1/2 0)
(363/4 66 64 1/4 0)
(363/4 68 65 1/4 0)
(91 51 55 1 1)
(91 56 58 1 1)
(91 60 60 1/2 0)
(183/2 66 64 1/2 0)
(183/2 68 65 1/2 0)
(92 51 55 1 1)
(92 56 58 1 1)
(92 60 60 1 1)
(92 78 71 1 0)
(93 49 54 1 1)
(93 82 73 3/2 0)
(94 56 58 1 1)
(94 59 60 1 1)
(94 65 63 1 1)
(379/4 80 72 1/4 0)
(95 50 54 1 1)
(95 71 67 3/4 0)
(383/4 80 72 1/4 0)
(96 51 55 1 1)
(96 70 66 7/8 0)
(775/8 80 72 1/8 0)
(97 54 57 1 1)
(97 58 59 1 1)
(97 63 62 1 1)
(97 70 66 7/8 0)
(783/8 80 72 1/8 0)
(98 42 50 1 1)
(98 70 66 3/4 0)
(791/8 78 71 1/8 0)
(99 44 51 1 1)
(99 69 66 7/8 0)
(799/8 78 71 1/8 0)
(100 53 56 1 1)
(100 61 61 1 1)
(100 68 65 7/8 0)
(807/8 78 71 1/8 0)
(101 53 56 1 1)
(101 61 61 1 1)
(101 68 65 7/8 0)
(815/8 77 70 1/8 0)
(102 44 51 1 1)
(102 67 64 7/8 0)
(823/8 76 69 1/8 0)
(103 51 55 1 1)
(103 60 60 1 1)
(103 66 64 7/8 0)
(831/8 75 69 1/8 0)
(104 65 63 7/8 0)
(839/8 74 68 1/8 0)
(105 64 63 7/8 0)
(847/8 73 68 1/8 0)
(106 63 62 7/8 0)
(855/8 73 68 1/8 0)
(107 63 62 7/8 0)
(863/8 73 68 13/8 0)
(108 41 49 1 1)
(108 63 62 3/2 0)
(109 53 56 1 1)
(109 60 60 1 1)
(219/2 66 64 1/2 0)
(219/2 69 65 1/2 0)
(110 53 56 1 1)
(110 60 60 1 1)
(110 65 63 1/2 0)
(110 73 68 1/2 0)
(221/2 63 62 1/2 0)
(221/2 69 65 1/2 0)
(111 46 52 1 1)
(111 63 62 3/4 0)
(111 69 65 3/4 0)
(447/4 61 61 1/4 0)
(447/4 70 66 1/4 0)
(112 53 56 1 1)
(112 58 59 1 1)
(112 61 61 1 0)
(112 70 66 1 0)
(113 51 55 1 1)
(113 61 61 1 1)
(113 67 64 1 0)
(113 70 66 1 0)
(114 44 51 1 1)
(114 68 65 3/2 0)
(114 77 70 3/2 0)
(115 56 58 1 1)
(115 66 64 1 1)
(231/2 69 66 1/2 0)
(231/2 72 67 1/2 0)
(116 56 58 1 1)
(116 66 64 1 1)
(116 68 65 1/2 0)
(116 77 70 1/2 0)
(233/2 66 64 1/2 0)
(233/2 72 67 1/2 0)
(117 49 54 1 1)
(117 66 64 3/4 0)
(117 72 67 3/4 0)
(471/4 65 63 1/4 0)
(471/4 73 68 1/4 0)
(118 56 58 1 1)
(118 61 61 1 1)
(118 65 63 1 0)
(118 73 68 1 0)
(119 55 57 1 1)
(119 65 63 1 1)
(119 71 66 1 0)
(119 73 68 1 0)
(120 48 53 1 1)
(120 72 67 3/2 0)
(120 80 72 3/2 0)
(121 60 60 1 1)
(121 70 66 1 1)
(243/2 73 68 1/2 0)
(243/2 76 69 1/2 0)
(122 60 60 1 1)
(122 70 66 1 1)
(122 72 67 1/2 0)
(122 80 72 1/2 0)
(245/2 70 66 1/2 0)
(245/2 76 69 1/2 0)
(123 53 56 3 1)
(123 70 66 3/4 0)
(123 76 69 3/4 0)
(495/4 69 65 1/4 0)
(495/4 77 70 1/4 0)
(124 60 60 1 1)
(124 65 63 1 1)
(124 69 65 1 0)
(124 77 70 1 0)
(125 60 60 1 1)
(125 69 65 1 1)
(125 77 70 7/4 0)
(125 89 77 7/4 0)
(126 41 49 1 1)
(507/4 78 71 1/4 0)
(507/4 90 78 1/4 0)
(127 60 60 1 1)
(127 63 62 1 1)
(127 69 65 1 1)
(127 78 71 1 0)
(127 90 78 1 0)
(128 63 62 1 1)
(128 69 65 1 0)
(128 72 67 1 1)
(129 46 52 1 1)
(129 72 67 3/2 0)
(130 53 56 1 1)
(130 61 61 1 1)
(261/2 70 66 1/2 0)
(131 53 56 1 1)
(131 61 61 1 1)
(131 70 66 1/3 0)
(394/3 68 65 1/3 0)
(395/3 66 64 1/3 0)
(132 46 52 1 1)
(132 65 63 1/2 0)
(132 73 68 3/2 0)
(265/2 66 64 1/2 0)
(133 53 56 1 1)
(133 60 60 1 1)
(133 63 62 1 1)
(133 65 63 1/2 0)
(267/2 66 64 1/2 0)
(267/2 69 65 1/2 0)
(134 53 56 1 1)
(134 60 60 1 1)
(134 63 62 1 1)
(134 65 63 1/2 0)
(134 73 68 1/2 0)
(269/2 63 62 1/2 0)
(269/2 69 65 1/2 0)
(135 46 52 1 1)
(135 63 62 3/4 0)
(135 69 65 3/4 0)
(543/4 61 61 1/4 0)
(543/4 70 66 1/4 0)
(136 53 56 1 1)
(136 58 59 1 1)
(136 61 61 1 0)
(136 70 66 1 0)
(137 51 55 1 1)
(137 61 61 1 1)
(137 67 64 1 0)
(137 70 66 1/3 0)
(412/3 72 67 1/3 0)
(413/3 70 66 1/3 0)
(138 44 51 1 1)
(138 68 65 1/2 0)
(138 77 70 3/2 0)
(277/2 69 66 1/2 0)
(139 56 58 1 1)
(139 60 60 1 1)
(139 66 64 1 1)
(139 68 65 1/2 0)
(279/2 69 66 1/2 0)
(279/2 72 67 1/2 0)
(140 56 58 1 1)
(140 60 60 1 1)
(140 66 64 1 1)
(140 68 65 1/2 0)
(140 77 70 1/2 0)
(281/2 66 64 1/2 0)
(281/2 72 67 1/2 0)
(141 49 54 1 1)
(141 66 64 3/4 0)
(141 72 67 3/4 0)
(567/4 65 63 1/4 0)
(567/4 73 68 1/4 0)
(142 56 58 1 1)
(142 61 61 1 1)
(142 65 63 1 0)
(142 73 68 1 0)
(143 55 57 1 1)
(143 65 63 1 1)
(143 71 66 1 0)
(143 73 68 1/3 0)
(430/3 75 69 1/3 0)
(431/3 73 68 1/3 0)
(144 48 53 1 1)
(144 72 67 1/2 0)
(144 80 72 3/2 0)
(289/2 73 68 1/2 0)
(145 60 60 1 1)
(145 67 64 1 1)
(145 70 66 1 1)
(145 72 67 1/2 0)
(291/2 73 68 1/2 0)
(291/2 76 69 1/2 0)
(146 60 60 1 1)
(146 67 64 1 1)
(146 70 66 1 1)
(146 72 67 1/2 0)
(146 80 72 1/2 0)
(293/2 70 66 1/2 0)
(293/2 76 69 1/2 0)
(147 53 56 2 1)
(147 70 66 3/4 0)
(147 76 69 3/4 0)
(591/4 69 65 1/4 0)
(591/4 77 70 1/4 0)
(148 60 60 1 1)
(148 65 63 1 1)
(148 69 65 1 0)
(148 77 70 1 0)
(149 53 56 1 1)
(149 60 60 1 1)
(149 69 65 1 1)
(149 77 70 1 0)
(149 89 77 1 0)
(150 41 49 1 1)
(150 80 72 3/4 0)
(150 92 79 3/4 0)
(603/4 78 71 1/4 0)
(603/4 90 78 1/4 0)
(151 60 60 1 1)
(151 63 62 1 1)
(151 69 65 1 1)
(151 72 67 1 1)
(151 78 71 1 0)
(151 90 78 1 0)
(152 53 56 1 1)
(152 60 60 1 1)
(152 63 62 1 1)
(152 69 65 1 0)
(153 46 52 1 1)
(153 70 66 3 0)
(154 53 56 1 1)
(154 61 61 1 1)
(155 51 55 1 1)
(155 54 57 1 1)
(155 61 61 1 1)
(156 44 51 1 1)
(627/4 66 64 1/4 0)
(627/4 68 65 1/4 0)
(157 51 55 1 1)
(157 56 58 1 1)
(157 60 60 1/2 0)
(315/2 66 64 1/2 0)
(315/2 68 65 1/2 0)
(158 51 55 1 1)
(158 56 58 1 1)
(158 60 60 1 1)
(158 75 69 1 0)
(159 37 47 1 1)
(159 70 66 1/2 0)
(639/4 65 63 1/4 0)
(639/4 68 65 1/4 0)
(160 53 56 1 1)
(160 56 58 1 1)
(160 61 61 1/2 0)
(321/2 65 63 1/2 0)
(321/2 68 65 1/2 0)
(161 53 56 1 1)
(161 56 58 1 1)
(161 61 61 1 1)
(161 77 70 1 0)
(162 44 51 1 1)
(162 70 66 1/2 0)
(651/4 66 64 1/4 0)
(651/4 68 65 1/4 0)
(163 51 55 1 1)
(163 56 58 1 1)
(163 60 60 1/2 0)
(327/2 66 64 1/2 0)
(327/2 68 65 1/2 0)
(164 51 55 1 1)
(164 56 58 1 1)
(164 60 60 1 1)
(164 78 71 1 0)
(165 49 54 1 1)
(165 82 73 3/2 0)
(166 56 58 1 1)
(166 59 60 1 1)
(166 65 63 1 1)
(667/4 80 72 1/4 0)
(167 50 54 1 1)
(167 71 67 3/4 0)
(671/4 80 72 1/4 0)
(168 51 55 1 1)
(168 70 66 7/8 0)
(1351/8 80 72 1/8 0)
(169 54 57 1 1)
(169 58 59 1 1)
(169 63 62 1 1)
(169 70 66 7/8 0)
(1359/8 80 72 1/8 0)
(170 42 50 1 1)
(170 70 66 7/8 0)
(1367/8 78 71 1/8 0)
(171 44 51 1 1)
(171 69 66 7/8 0)
(1375/8 78 71 1/8 0)
(172 53 56 1 1)
(172 61 61 1 1)
(172 68 65 7/8 0)
(1383/8 78 71 1/8 0)
(173 53 56 1 1)
(173 61 61 1 1)
(173 68 65 7/8 0)
(1391/8 77 70 1/8 0)
(174 44 51 1 1)
(174 67 64 7/8 0)
(1399/8 77 70 1/8 0)
(175 51 55 1 1)
(175 56 58 1 1)
(175 60 60 1 1)
(175 66 64 7/8 0)
(1407/8 77 70 1/8 0)
(176 51 55 1 1)
(176 56 58 1 1)
(176 60 60 1 1)
(176 66 64 7/8 0)
(1415/8 75 69 1/8 0)
(177 49 54 2 1)
(177 65 63 7/8 0)
(177 65 63 1 0)
(1423/8 75 69 1/8 0)
(178 56 58 1 1)
(178 61 61 1 1)
(178 65 63 1 0)
(178 73 68 1/3 0)
(535/3 75 69 1/3 0)
(536/3 73 68 1/3 0)
(179 43 50 1 1)
(179 64 62 1 0)
(179 72 67 1/2 0)
(1439/8 70 66 1/8 0)
(180 44 51 1 1)
(180 60 60 1 0)
(180 70 66 1/2 0)
(723/4 66 64 1/4 0)
(723/4 68 65 1/4 0)
(181 51 55 1 1)
(181 56 58 1 1)
(181 60 60 1/2 0)
(181 60 60 1 0)
(363/2 66 64 1/2 0)
(363/2 68 65 1/2 0)
(182 51 55 1 1)
(182 56 58 1 1)
(182 60 60 1 1)
(182 75 69 1 0)
(183 37 47 1 1)
(183 70 66 1/2 0)
(735/4 65 63 1/4 0)
(735/4 68 65 1/4 0)
(184 53 56 1 1)
(184 56 58 1 1)
(184 61 61 1/2 0)
(369/2 65 63 1/2 0)
(369/2 68 65 1/2 0)
(185 53 56 1 1)
(185 56 58 1 1)
(185 61 61 1 1)
(185 77 70 1 0)
(186 44 51 1 1)
(186 70 66 1/2 0)
(747/4 66 64 1/4 0)
(747/4 68 65 1/4 0)
(187 51 55 1 1)
(187 56 58 1 1)
(187 60 60 1/2 0)
(375/2 66 64 1/2 0)
(375/2 68 65 1/2 0)
(188 51 55 1 1)
(188 56 58 1 1)
(188 60 60 1 1)
(188 78 71 1 0)
(189 49 54 1 1)
(189 82 73 3/2 0)
(190 56 58 1 1)
(190 59 60 1 1)
(190 65 63 1 1)
(763/4 80 72 1/4 0)
(191 50 54 1 1)
(191 71 67 3/4 0)
(767/4 80 72 1/4 0)
(192 51 55 1 1)
(192 70 66 7/8 0)
(1543/8 80 72 1/8 0)
(193 54 57 1 1)
(193 58 59 1 1)
(193 63 62 1 1)
(193 70 66 7/8 0)
(1551/8 80 72 1/8 0)
(194 42 50 1 1)
(194 70 66 3/4 0)
(1559/8 78 71 1/8 0)
(195 44 51 1 1)
(195 69 66 7/8 0)
(1567/8 78 71 1/8 0)
(196 53 56 1 1)
(196 61 61 1 1)
(196 68 65 7/8 0)
(1575/8 78 71 1/8 0)
(197 53 56 1 1)
(197 61 61 1 1)
(197 68 65 7/8 0)
(1583/8 77 70 1/8 0)
(198 44 51 1 1)
(198 67 64 7/8 0)
(1591/8 76 69 1/8 0)
(199 51 55 1 1)
(199 60 60 1 1)
(199 66 64 7/8 0)
(1599/8 75 69 1/8 0)
(200 65 63 7/8 0)
(1607/8 74 68 1/8 0)
(201 64 63 7/8 0)
(1615/8 73 68 1/8 0)
(202 63 62 7/8 0)
(1623/8 73 68 1/8 0)
(203 63 62 7/8 0)
(1631/8 73 68 13/8 0)
(204 41 49 1 1)
(204 63 62 3/2 0)
(205 53 56 1 1)
(205 60 60 1 1)
(411/2 66 64 1/2 0)
(411/2 69 65 1/2 0)
(206 53 56 1 1)
(206 60 60 1 1)
(206 65 63 1/2 0)
(206 73 68 1/2 0)
(413/2 63 62 1/2 0)
(413/2 69 65 1/2 0)
(207 46 52 1 1)
(207 63 62 3/4 0)
(207 69 65 3/4 0)
(831/4 61 61 1/4 0)
(831/4 70 66 1/4 0)
(208 53 56 1 1)
(208 58 59 1 1)
(208 61 61 1 0)
(208 70 66 1 0)
(209 51 55 1 1)
(209 61 61 1 1)
(209 67 64 1 0)
(209 70 66 1 0)
(210 44 51 1 1)
(210 68 65 3/2 0)
(210 77 70 3/2 0)
(211 56 58 1 1)
(211 66 64 1 1)
(423/2 69 66 1/2 0)
(423/2 72 67 1/2 0)
(212 56 58 1 1)
(212 66 64 1 1)
(212 68 65 1/2 0)
(212 77 70 1/2 0)
(425/2 66 64 1/2 0)
(425/2 72 67 1/2 0)
(213 49 54 1 1)
(213 66 64 3/4 0)
(213 72 67 3/4 0)
(855/4 65 63 1/4 0)
(855/4 73 68 1/4 0)
(214 56 58 1 1)
(214 61 61 1 1)
(214 65 63 1 0)
(214 73 68 1 0)
(215 55 57 1 1)
(215 65 63 1 1)
(215 71 66 1 0)
(215 73 68 1 0)
(216 48 53 1 1)
(216 72 67 3/2 0)
(216 80 72 3/2 0)
(217 60 60 1 1)
(217 70 66 1 1)
(435/2 73 68 1/2 0)
(435/2 76 69 1/2 0)
(218 60 60 1 1)
(218 70 66 1 1)
(218 72 67 1/2 0)
(218 80 72 1/2 0)
(437/2 70 66 1/2 0)
(437/2 76 69 1/2 0)
(219 53 56 3 1)
(219 70 66 3/4 0)
(219 76 69 3/4 0)
(879/4 69 65 1/4 0)
(879/4 77 70 1/4 0)
(220 60 60 1 1)
(220 65 63 1 1)
(220 69 65 1 0)
(220 77 70 1 0)
(221 60 60 1 1)
(221 69 65 1 1)
(221 77 70 7/4 0)
(221 89 77 7/4 0)
(222 41 49 1 1)
(891/4 78 71 1/4 0)
(891/4 90 78 1/4 0)
(223 60 60 1 1)
(223 63 62 1 1)
(223 69 65 1 1)
(223 78 71 1 0)
(223 90 78 1 0)
(224 63 62 1 1)
(224 69 65 1 0)
(224 72 67 1 1)
(225 46 52 1 1)
(225 72 67 3/2 0)
(226 53 56 1 1)
(226 61 61 1 1)
(453/2 70 66 1/2 0)
(227 53 56 1 1)
(227 61 61 1 1)
(227 70 66 1/3 0)
(682/3 68 65 1/3 0)
(683/3 66 64 1/3 0)
(228 46 52 1 1)
(228 65 63 1/2 0)
(228 73 68 3/2 0)
(457/2 66 64 1/2 0)
(229 53 56 1 1)
(229 60 60 1 1)
(229 63 62 1 1)
(229 65 63 1/2 0)
(459/2 66 64 1/2 0)
(459/2 69 65 1/2 0)
(230 53 56 1 1)
(230 60 60 1 1)
(230 63 62 1 1)
(230 65 63 1/2 0)
(230 73 68 1/2 0)
(461/2 63 62 1/2 0)
(461/2 69 65 1/2 0)
(231 46 52 1 1)
(231 63 62 3/4 0)
(231 69 65 3/4 0)
(927/4 61 61 1/4 0)
(927/4 70 66 1/4 0)
(232 53 56 1 1)
(232 58 59 1 1)
(232 61 61 1 0)
(232 70 66 1 0)
(233 51 55 1 1)
(233 61 61 1 1)
(233 67 64 1 0)
(233 70 66 1/3 0)
(700/3 72 67 1/3 0)
(701/3 70 66 1/3 0)
(234 44 51 1 1)
(234 68 65 1/2 0)
(234 77 70 3/2 0)
(469/2 69 66 1/2 0)
(235 56 58 1 1)
(235 60 60 1 1)
(235 66 64 1 1)
(235 68 65 1/2 0)
(471/2 69 66 1/2 0)
(471/2 72 67 1/2 0)
(236 56 58 1 1)
(236 60 60 1 1)
(236 66 64 1 1)
(236 68 65 1/2 0)
(236 77 70 1/2 0)
(473/2 66 64 1/2 0)
(473/2 72 67 1/2 0)
(237 49 54 1 1)
(237 66 64 3/4 0)
(237 72 67 3/4 0)
(951/4 65 63 1/4 0)
(951/4 73 68 1/4 0)
(238 56 58 1 1)
(238 61 61 1 1)
(238 65 63 1 0)
(238 73 68 1 0)
(239 55 57 1 1)
(239 65 63 1 1)
(239 71 66 1 0)
(239 73 68 1/3 0)
(718/3 75 69 1/3 0)
(719/3 73 68 1/3 0)
(240 48 53 1 1)
(240 72 67 1/2 0)
(240 80 72 3/2 0)
(481/2 73 68 1/2 0)
(241 60 60 1 1)
(241 67 64 1 1)
(241 70 66 1 1)
(241 72 67 1/2 0)
(483/2 73 68 1/2 0)
(483/2 76 69 1/2 0)
(242 60 60 1 1)
(242 67 64 1 1)
(242 70 66 1 1)
(242 72 67 1/2 0)
(242 80 72 1/2 0)
(485/2 70 66 1/2 0)
(485/2 76 69 1/2 0)
(243 53 56 2 1)
(243 70 66 3/4 0)
(243 76 69 3/4 0)
(975/4 68 65 1/4 0)
(975/4 77 70 1/4 0)
(244 60 60 1 1)
(244 65 63 1 1)
(244 68 65 1 0)
(244 77 70 1 0)
(245 53 56 1 1)
(245 60 60 1 1)
(245 69 65 1 1)
(245 77 70 1 0)
(245 89 77 1 0)
(246 41 49 1 1)
(246 80 72 3/4 0)
(246 92 79 3/4 0)
(987/4 78 71 1/4 0)
(987/4 90 78 1/4 0)
(247 60 60 1 1)
(247 63 62 1 1)
(247 69 65 1 1)
(247 72 67 1 1)
(247 78 71 1 0)
(247 90 78 1 0)
(248 53 56 1 1)
(248 60 60 1 1)
(248 63 62 1 1)
(248 69 65 1 0)
(249 46 52 1 1)
(249 70 66 2 0)
(250 53 56 1 1)
(250 61 61 1 1)
(251 65 63 2 1)
(251 77 70 2 0)
(253 66 64 3/2 1)
(253 78 71 3/2 0)
(509/2 61 61 1/2 1)
(509/2 73 68 1/2 0)
(255 64 62 1/2 1)
(255 76 69 1/2 0)
(511/2 60 60 1/2 1)
(511/2 72 67 1/2 0)
(256 58 59 1 1)
(256 70 66 1 0)
(257 58 59 1 1)
(257 70 66 1 0)
(258 65 63 1/2 1)
(258 77 70 1/2 0)
(517/2 68 65 1/2 1)
(517/2 80 72 1/2 0)
(259 66 64 1 1)
(259 78 71 1 0)
(260 66 64 1/2 1)
(260 78 71 1/2 0)
(521/2 61 61 1/2 1)
(521/2 73 68 1/2 0)
(261 64 62 1/2 1)
(261 76 69 1/2 0)
(523/2 60 60 1/2 1)
(523/2 72 67 1/2 0)
(262 58 59 2 1)
(262 70 66 3 0)
(264 48 53 1 1)
(264 55 57 1 1)
(264 58 59 1 0)
(264 60 60 1 1)
(264 64 62 1 0)
(265 48 53 1 1)
(265 53 56 1 1)
(265 57 58 1 0)
(265 60 60 1 1)
(265 65 63 1 0)
(265 69 65 1 0)
(266 48 53 1 1)
(266 53 56 1 1)
(266 57 58 1 0)
(266 60 60 1 1)
(266 65 63 1 0)
(266 69 65 1 0)
(267 48 53 1 1)
(267 55 57 1 1)
(267 60 60 1 1)
(267 64 62 1/2 0)
(267 72 67 1/2 0)
(535/2 58 59 1/2 0)
(535/2 70 66 1/2 0)
(268 48 53 1 1)
(268 53 56 1 1)
(268 57 58 1 0)
(268 60 60 1 1)
(268 65 63 1 0)
(268 69 65 1 0)
(269 48 53 1 1)
(269 53 56 1 1)
(269 57 58 1 0)
(269 60 60 1 1)
(269 65 63 1 0)
(269 69 65 1 0)
(270 48 53 1 1)
(270 55 57 1 1)
(270 58 59 1 0)
(270 60 60 1 1)
(270 64 62 1 0)
(270 70 66 1 0)
(271 48 53 1 1)
(271 53 56 1 1)
(271 57 58 1 0)
(271 60 60 1 1)
(271 65 63 1 0)
(271 69 65 1 0)
(272 48 53 1 1)
(272 53 56 1 1)
(272 57 58 1 0)
(272 60 60 1 1)
(272 65 63 1 0)
(272 69 65 1 0)
(273 48 53 1 1)
(273 55 57 1 1)
(273 58 59 1 0)
(273 60 60 1 1)
(273 64 62 1 0)
(273 69 65 1/2 0)
(547/2 67 64 1/2 0)
(274 53 56 2 1)
(274 57 58 2 0)
(274 60 60 2 1)
(274 65 63 2 0)
(276 65 63 1 1)
(276 77 70 1 0)
(277 66 64 3/2 1)
(277 78 71 3/2 0)
(557/2 61 61 1/2 1)
(557/2 73 68 1/2 0)
(279 64 62 1/2 1)
(279 76 69 1/2 0)
(559/2 60 60 1/2 1)
(559/2 72 67 1/2 0)
(280 58 59 1 1)
(280 70 66 1 0)
(281 58 59 1 1)
(281 70 66 1 0)
(282 65 63 1/2 1)
(282 77 70 1/2 0)
(565/2 68 65 1/2 1)
(565/2 80 72 1/2 0)
(283 66 64 1 1)
(283 78 71 1 0)
(284 66 64 1/2 1)
(284 78 71 1/2 0)
(569/2 61 61 1/2 1)
(569/2 73 68 1/2 0)
(285 64 62 1/2 1)
(285 76 69 1/2 0)
(571/2 60 60 1/2 1)
(571/2 72 67 1/2 0)
(286 58 59 2 1)
(286 70 66 3 0)
(288 48 53 1 1)
(288 55 57 1 1)
(288 58 59 1 0)
(288 60 60 1 1)
(288 64 62 1 0)
(289 48 53 1 1)
(289 53 56 1 1)
(289 57 58 1 0)
(289 60 60 1 1)
(289 65 63 1 0)
(289 69 65 1 0)
(290 48 53 1 1)
(290 53 56 1 1)
(290 57 58 1 0)
(290 60 60 1 1)
(290 65 63 1 0)
(290 69 65 1 0)
(291 48 53 1 1)
(291 55 57 1 1)
(291 60 60 1 1)
(291 64 62 1/2 0)
(291 72 67 1/2 0)
(583/2 58 59 1/2 0)
(583/2 70 66 1/2 0)
(292 48 53 1 1)
(292 53 56 1 1)
(292 57 58 1 0)
(292 60 60 1 1)
(292 65 63 1 0)
(292 69 65 1 0)
(293 48 53 1 1)
(293 53 56 1 1)
(293 57 58 1 0)
(293 60 60 1 1)
(293 65 63 1 0)
(293 69 65 1 0)
(294 48 53 1 1)
(294 55 57 1 1)
(294 58 59 1 0)
(294 60 60 1 1)
(294 64 62 1 0)
(294 70 66 1 0)
(295 48 53 1 1)
(295 53 56 1 1)
(295 57 58 1 0)
(295 60 60 1 1)
(295 65 63 1 0)
(295 69 65 1 0)
(296 48 53 1 1)
(296 53 56 1 1)
(296 57 58 1 0)
(296 60 60 1 1)
(296 65 63 1 0)
(296 69 65 1 0)
(297 48 53 1 1)
(297 55 57 1 1)
(297 58 59 1 0)
(297 60 60 1 1)
(297 64 62 1 0)
(297 69 65 1/2 0)
(595/2 67 64 1/2 0)
(298 53 56 1 1)
(298 57 58 1 0)
(298 60 60 1 1)
(298 65 63 1 0)
(299 65 63 4/3 0)
(300 42 50 1 1)
(901/3 66 64 1/3 0)
(902/3 65 63 1/3 0)
(301 51 55 1 1)
(301 58 59 1 1)
(301 63 62 1/2 0)
(603/2 65 63 1/2 0)
(302 51 55 1 1)
(302 58 59 1 1)
(302 66 64 1/2 0)
(605/2 68 65 1/2 0)
(303 42 50 1 1)
(303 72 67 1/2 0)
(304 51 55 1 1)
(304 58 59 1 1)
(304 70 66 2 0)
(305 51 55 1 1)
(305 58 59 1 1)
(306 44 51 1 1)
(306 56 58 1/2 0)
(1227/4 66 64 1/4 0)
(307 51 55 1 1)
(307 60 60 1 1)
(307 66 64 1/3 0)
(922/3 68 65 1/3 0)
(923/3 66 64 1/3 0)
(308 51 55 1 1)
(308 60 60 1 1)
(308 65 63 1/2 0)
(617/2 63 62 1/2 0)
(309 37 47 1 1)
(309 65 63 1/2 0)
(310 53 56 1 1)
(310 56 58 1 1)
(310 61 61 1 0)
(311 53 56 1 1)
(311 56 58 1 1)
(312 42 50 1 1)
(312 65 63 1/3 0)
(937/3 66 64 1/3 0)
(938/3 65 63 1/3 0)
(313 51 55 1 1)
(313 57 59 1 1)
(313 63 62 1/2 0)
(627/2 65 63 1/2 0)
(314 51 55 1 1)
(314 57 59 1 1)
(314 66 64 1/2 0)
(629/2 68 65 1/2 0)
(315 42 50 1 1)
(315 71 67 1/2 0)
(316 51 55 1 1)
(316 61 61 1 1)
(316 69 66 2 0)
(317 51 55 1 1)
(317 61 61 1 1)
(318 44 51 1 1)
(318 56 58 1/2 0)
(1275/4 66 64 1/4 0)
(319 51 55 1 1)
(319 54 57 1 1)
(319 60 60 1 1)
(319 66 64 1/3 0)
(958/3 68 65 1/3 0)
(959/3 66 64 1/3 0)
(320 51 55 1 1)
(320 54 57 1 1)
(320 60 60 1 1)
(320 64 63 1/2 0)
(641/2 63 62 1/2 0)
(321 37 47 1 1)
(321 64 63 1/2 0)
(322 52 56 1 1)
(322 56 58 1 1)
(322 61 61 1 0)
(323 52 56 1 1)
(323 56 58 1 1)
(324 45 51 1 1)
(324 68 64 1/3 0)
(973/3 69 65 1/3 0)
(974/3 68 64 1/3 0)
(325 54 56 1 1)
(325 61 60 1 1)
(325 64 62 1 1)
(325 66 63 1/2 0)
(651/2 68 64 1/2 0)
(326 54 56 1 1)
(326 61 60 1 1)
(326 64 62 1 1)
(326 69 65 1/2 0)
(653/2 71 66 1/2 0)
(327 45 51 1 1)
(327 75 68 1/2 0)
(328 54 56 1 1)
(328 61 60 1 1)
(328 64 62 1 1)
(328 73 67 2 0)
(329 54 56 1 1)
(329 61 60 1 1)
(329 64 62 1 1)
(330 47 52 1 1)
(330 59 59 1/2 0)
(1323/4 69 65 1/4 0)
(331 54 56 1 1)
(331 57 58 1 1)
(331 63 61 1 1)
(331 69 65 1/3 0)
(994/3 71 66 1/3 0)
(995/3 69 65 1/3 0)
(332 54 56 1 1)
(332 57 58 1 1)
(332 63 61 1 1)
(332 68 64 1/2 0)
(665/2 66 63 1/2 0)
(333 40 48 1 1)
(333 68 64 1/2 0)
(334 56 57 1 1)
(334 59 59 1 1)
(334 64 62 1 0)
(335 56 57 1 1)
(335 59 59 1 1)
(336 42 50 1 1)
(336 64 63 1/3 0)
(1009/3 66 64 1/3 0)
(1010/3 64 63 1/3 0)
(337 51 55 1 1)
(337 57 59 1 1)
(337 63 62 1/2 0)
(675/2 64 63 1/2 0)
(338 51 55 1 1)
(338 57 59 1 1)
(338 66 64 1/2 0)
(677/2 68 65 1/2 0)
(339 42 50 1 1)
(339 71 67 2 0)
(340 51 55 1 1)
(340 61 61 1 1)
(341 51 55 1 1)
(341 61 61 1 1)
(341 69 66 1 0)
(342 44 51 1 1)
(342 56 58 1/2 0)
(1371/4 66 64 1/4 0)
(343 51 55 1 1)
(343 60 60 1 1)
(343 66 64 1/3 0)
(1030/3 68 65 1/3 0)
(1031/3 66 64 1/3 0)
(344 51 55 1 1)
(344 60 60 1 1)
(344 65 63 1/2 0)
(689/2 63 62 1/2 0)
(345 44 51 1 1)
(345 70 66 2 0)
(346 51 55 1 1)
(346 54 57 1 1)
(346 60 60 1 1)
(347 51 55 1 1)
(347 54 57 1 1)
(347 60 60 1 1)
(347 68 65 1 0)
(348 32 44 1 1)
(348 65 63 1/3 0)
(1045/3 66 64 1/3 0)
(1046/3 65 63 1/3 0)
(349 51 55 1 1)
(349 54 57 1 1)
(349 60 60 1 1)
(349 63 62 1/2 0)
(699/2 65 63 1/2 0)
(350 51 55 1 1)
(350 54 57 1 1)
(350 60 60 1 1)
(350 66 64 1/2 0)
(701/2 68 65 1/2 0)
(351 44 51 1 1)
(351 72 67 1/2 0)
(352 51 55 1 1)
(352 54 57 1 1)
(352 60 60 1 1)
(352 70 66 2 0)
(353 51 55 1 1)
(353 54 57 1 1)
(353 60 60 1 1)
(354 44 51 1 1)
(354 56 58 1/2 0)
(1419/4 66 64 1/4 0)
(355 51 55 1 1)
(355 54 57 1 1)
(355 60 60 1 1)
(355 66 64 1/3 0)
(1066/3 68 65 1/3 0)
(1067/3 66 64 1/3 0)
(356 51 55 1 1)
(356 54 57 1 1)
(356 60 60 1 1)
(356 65 63 1/2 0)
(713/2 63 62 1/2 0)
(357 37 47 1 1)
(357 65 63 1/2 0)
(358 53 56 1 1)
(358 56 58 1 1)
(358 61 61 1 0)
(359 53 56 1 1)
(359 56 58 1 1)
(360 42 50 1 1)
(360 65 63 1/3 0)
(1081/3 66 64 1/3 0)
(1082/3 65 63 1/3 0)
(361 51 55 1 1)
(361 57 59 1 1)
(361 63 62 1/2 0)
(723/2 65 63 1/2 0)
(362 51 55 1 1)
(362 57 59 1 1)
(362 66 64 1/2 0)
(725/2 68 65 1/2 0)
(363 42 50 1 1)
(363 71 67 1/2 0)
(364 51 55 1 1)
(364 61 61 1 1)
(364 69 66 2 0)
(365 51 55 1 1)
(365 61 61 1 1)
(366 44 51 1 1)
(366 56 58 1/2 0)
(1467/4 66 64 1/4 0)
(367 51 55 1 1)
(367 54 57 1 1)
(367 60 60 1 1)
(367 66 64 1/3 0)
(1102/3 68 65 1/3 0)
(1103/3 66 64 1/3 0)
(368 51 55 1 1)
(368 54 57 1 1)
(368 60 60 1 1)
(368 64 63 1/2 0)
(737/2 63 62 1/2 0)
(369 37 47 1 1)
(369 64 63 1/2 0)
(370 52 56 1 1)
(370 56 58 1 1)
(370 61 61 1 0)
(371 52 56 1 1)
(371 56 58 1 1)
(372 45 51 1 1)
(372 68 64 1/3 0)
(1117/3 69 65 1/3 0)
(1118/3 68 64 1/3 0)
(373 54 56 1 1)
(373 61 60 1 1)
(373 64 62 1 1)
(373 66 63 1/2 0)
(747/2 68 64 1/2 0)
(374 54 56 1 1)
(374 61 60 1 1)
(374 64 62 1 1)
(374 69 65 1/2 0)
(749/2 71 66 1/2 0)
(375 45 51 1 1)
(375 75 68 1/2 0)
(376 54 56 1 1)
(376 61 60 1 1)
(376 64 62 1 1)
(376 73 67 2 0)
(377 54 56 1 1)
(377 61 60 1 1)
(377 64 62 1 1)
(378 47 52 1 1)
(378 59 59 1/2 0)
(1515/4 69 65 1/4 0)
(379 54 56 1 1)
(379 57 58 1 1)
(379 63 61 1 1)
(379 69 65 1/3 0)
(1138/3 71 66 1/3 0)
(1139/3 69 65 1/3 0)
(380 54 56 1 1)
(380 57 58 1 1)
(380 63 61 1 1)
(380 68 64 1/2 0)
(761/2 66 63 1/2 0)
(381 40 48 1 1)
(381 68 64 1 0)
(382 56 57 1 1)
(382 59 59 1 1)
(382 64 62 1 0)
(383 56 57 1 1)
(383 59 59 1 1)
(384 42 50 1 1)
(384 64 63 1 0)
(385 51 55 1 1)
(385 57 59 1 1)
(385 63 62 1/2 0)
(771/2 64 63 1/2 0)
(386 51 55 1 1)
(386 57 59 1 1)
(386 66 64 1/2 0)
(773/2 68 65 1/2 0)
(387 42 50 1 1)
(387 71 67 2 0)
(388 51 55 1 1)
(388 61 61 1 1)
(389 51 55 1 1)
(389 61 61 1 1)
(389 69 66 1 0)
(390 44 51 1 1)
(390 56 58 1/2 0)
(1563/4 66 64 1/4 0)
(391 51 55 1 1)
(391 54 57 1 1)
(391 60 60 1 1)
(391 66 64 1/3 0)
(1174/3 68 65 1/3 0)
(1175/3 66 64 1/3 0)
(392 65 63 1/2 0)
(785/2 63 62 1/2 0)
(393 32 44 1 1)
(393 44 51 1 1)
(393 56 58 1/2 0)
(1575/4 66 64 1/4 0)
(1575/4 70 66 1/4 0)
(394 51 55 1 1)
(394 54 57 1 1)
(394 60 60 1 1)
(394 66 64 1/3 0)
(394 70 66 1/3 0)
(1183/3 72 67 1/3 0)
(1184/3 70 66 1/3 0)
(395 65 63 1/2 0)
(395 68 65 1/2 0)
(791/2 63 62 1/2 0)
(791/2 66 64 1/2 0)
(396 32 44 1 1)
(396 44 51 1 1)
(396 56 58 1/2 0)
(1587/4 66 64 1/4 0)
(1587/4 75 69 1/4 0)
(397 44 51 1 1)
(397 51 55 1 1)
(397 54 57 1 1)
(397 60 60 1 1)
(397 66 64 1 0)
(397 75 69 1/3 0)
(1192/3 77 70 1/3 0)
(1193/3 75 69 1/3 0)
(398 65 63 1/2 0)
(398 73 68 1/2 0)
(797/2 63 62 1/2 0)
(797/2 72 67 1/2 0)
(399 32 44 1 1)
(399 44 51 1 1)
(399 56 58 1/2 0)
(1599/4 69 66 1/4 0)
(1599/4 78 71 1/4 0)
(400 51 55 1 1)
(400 60 60 1 1)
(400 66 64 1 1)
(400 69 66 1 0)
(400 78 71 1/3 0)
(1201/3 80 72 1/3 0)
(1202/3 78 71 1/3 0)
(401 68 65 1/2 0)
(401 77 70 1/2 0)
(803/2 66 64 1/2 0)
(803/2 75 69 1/2 0)
(402 32 44 1 1)
(402 44 51 1 1)
(3223/8 78 71 1/8 0)
(403 51 55 1 1)
(403 60 60 1 1)
(403 66 64 1 1)
(403 69 66 7/8 0)
(3231/8 78 71 1/8 0)
(404 69 66 7/8 0)
(3239/8 78 71 1/8 0)
(405 69 66 7/8 0)
(3247/8 78 71 1/8 0)
(406 69 66 7/8 0)
(3255/8 78 71 1/8 0)
(407 68 65 7/8 0)
(3263/8 77 70 1/8 0)
(408 67 64 7/8 0)
(3271/8 76 69 1/8 0)
(409 66 64 7/8 0)
(3279/8 75 69 1/8 0)
(410 65 63 7/8 0)
(3287/8 74 68 1/8 0)
(411 64 63 7/8 0)
(3295/8 73 68 1/8 0)
(412 63 62 7/8 0)
(3303/8 73 68 1/8 0)
(413 63 62 7/8 0)
(3311/8 73 68 13/8 0)
(414 41 49 1 1)
(414 63 62 3/2 0)
(415 53 56 1 1)
(415 60 60 1 1)
(831/2 66 64 1/2 0)
(831/2 69 65 1/2 0)
(416 53 56 1 1)
(416 60 60 1 1)
(416 65 63 1/2 0)
(416 73 68 1/2 0)
(833/2 63 62 1/2 0)
(833/2 69 65 1/2 0)
(417 46 52 1 1)
(417 63 62 3/4 0)
(417 69 65 3/4 0)
(1671/4 61 61 1/4 0)
(1671/4 70 66 1/4 0)
(418 53 56 1 1)
(418 58 59 1 1)
(418 61 61 1 0)
(418 70 66 1 0)
(419 51 55 1 1)
(419 61 61 1 1)
(419 67 64 1 0)
(419 70 66 1 0)
(420 44 51 1 1)
(420 68 65 3/2 0)
(420 77 70 3/2 0)
(421 56 58 1 1)
(421 66 64 1 1)
(843/2 69 66 1/2 0)
(843/2 72 67 1/2 0)
(422 56 58 1 1)
(422 66 64 1 1)
(422 68 65 1/2 0)
(422 77 70 1/2 0)
(845/2 66 64 1/2 0)
(845/2 72 67 1/2 0)
(423 49 54 1 1)
(423 66 64 3/4 0)
(423 72 67 3/4 0)
(1695/4 65 63 1/4 0)
(1695/4 73 68 1/4 0)
(424 56 58 1 1)
(424 61 61 1 1)
(424 65 63 1 0)
(424 73 68 1 0)
(425 55 57 1 1)
(425 65 63 1 1)
(425 71 66 1 0)
(425 73 68 1 0)
(426 48 53 1 1)
(426 72 67 3/2 0)
(426 80 72 3/2 0)
(427 60 60 1 1)
(427 70 66 1 1)
(855/2 73 68 1/2 0)
(855/2 76 69 1/2 0)
(428 60 60 1 1)
(428 70 66 1 1)
(428 72 67 1/2 0)
(428 80 72 1/2 0)
(857/2 70 66 1/2 0)
(857/2 76 69 1/2 0)
(429 53 56 3 1)
(429 70 66 3/4 0)
(429 76 69 3/4 0)
(1719/4 69 65 1/4 0)
(1719/4 77 70 1/4 0)
(430 60 60 1 1)
(430 65 63 1 1)
(430 69 65 1 0)
(430 77 70 1 0)
(431 60 60 1 1)
(431 69 65 1 1)
(431 77 70 7/4 0)
(431 89 77 7/4 0)
(432 41 49 1 1)
(1731/4 78 71 1/4 0)
(1731/4 90 78 1/4 0)
(433 60 60 1 1)
(433 63 62 1 1)
(433 69 65 1 1)
(433 78 71 1 0)
(433 90 78 1 0)
(434 63 62 1 1)
(434 69 65 1 0)
(434 72 67 1 1)
(435 46 52 1 1)
(435 72 67 3/2 0)
(436 53 56 1 1)
(436 61 61 1 1)
(873/2 70 66 1/2 0)
(437 53 56 1 1)
(437 61 61 1 1)
(437 70 66 1/3 0)
(1312/3 68 65 1/3 0)
(1313/3 66 64 1/3 0)
(438 46 52 1 1)
(438 65 63 1/2 0)
(438 73 68 3/2 0)
(877/2 66 64 1/2 0)
(439 53 56 1 1)
(439 63 62 1 1)
(439 65 63 1/2 0)
(879/2 66 64 1/2 0)
(879/2 69 65 1/2 0)
(440 53 56 1 1)
(440 63 62 1 1)
(440 65 63 1/2 0)
(440 73 68 1/2 0)
(881/2 63 62 1/2 0)
(881/2 69 65 1/2 0)
(441 46 52 1 1)
(441 63 62 3/4 0)
(441 69 65 3/4 0)
(1767/4 61 61 1/4 0)
(1767/4 70 66 1/4 0)
(442 53 56 1 1)
(442 58 59 1 1)
(442 61 61 1 0)
(442 70 66 1 0)
(443 51 55 1 1)
(443 61 61 1 1)
(443 67 64 1 0)
(443 70 66 1/3 0)
(1330/3 72 67 1/3 0)
(1331/3 70 66 1/3 0)
(444 44 51 1 1)
(444 68 65 1/2 0)
(444 77 70 3/2 0)
(889/2 69 66 1/2 0)
(445 56 58 1 1)
(445 60 60 1 1)
(445 66 64 1 1)
(445 68 65 1/2 0)
(891/2 69 66 1/2 0)
(891/2 72 67 1/2 0)
(446 56 58 1 1)
(446 60 60 1 1)
(446 66 64 1 1)
(446 68 65 1/2 0)
(446 77 70 1/2 0)
(893/2 66 64 1/2 0)
(893/2 72 67 1/2 0)
(447 49 54 1 1)
(447 66 64 3/4 0)
(447 72 67 3/4 0)
(1791/4 65 63 1/4 0)
(1791/4 73 68 1/4 0)
(448 56 58 1 1)
(448 61 61 1 1)
(448 65 63 1 0)
(448 73 68 1 0)
(449 55 57 1 1)
(449 65 63 1 1)
(449 71 66 1 0)
(449 73 68 1/3 0)
(1348/3 75 69 1/3 0)
(1349/3 73 68 1/3 0)
(450 48 53 1 1)
(450 72 67 1/2 0)
(450 80 72 3/2 0)
(901/2 73 68 1/2 0)
(451 60 60 1 1)
(451 67 64 1 1)
(451 70 66 1 1)
(451 72 67 1/2 0)
(903/2 73 68 1/2 0)
(903/2 76 69 1/2 0)
(452 60 60 1 1)
(452 67 64 1 1)
(452 70 66 1 1)
(452 72 67 1/2 0)
(452 80 72 1/2 0)
(905/2 70 66 1/2 0)
(905/2 76 69 1/2 0)
(453 53 56 2 1)
(453 70 66 3/4 0)
(453 76 69 3/4 0)
(1815/4 69 65 1/4 0)
(1815/4 77 70 1/4 0)
(454 60 60 1 1)
(454 65 63 1 1)
(454 69 65 1 0)
(454 77 70 1 0)
(455 53 56 1 1)
(455 60 60 1 1)
(455 69 65 1 1)
(455 77 70 1 0)
(455 89 77 1 0)
(456 41 49 1 1)
(456 80 72 3/4 0)
(456 92 79 3/4 0)
(1827/4 78 71 1/4 0)
(1827/4 90 78 1/4 0)
(457 60 60 1 1)
(457 63 62 1 1)
(457 69 65 1 1)
(457 72 67 1 1)
(457 78 71 1 0)
(457 90 78 1 0)
(458 53 56 1 1)
(458 60 60 1 1)
(458 63 62 1 1)
(458 69 65 1 0)
(459 46 52 1 1)
(459 70 66 15/4 0)
(460 53 56 1 1)
(460 61 61 1 1)
(461 53 56 1 1)
(461 61 61 1 1)
(462 46 52 1 1)
(1851/4 72 67 1/4 0)
(463 54 57 1 1)
(463 58 59 1 1)
(463 63 62 1 1)
(463 72 67 1 0)
(464 54 57 1 1)
(464 58 59 1 1)
(464 63 62 1 1)
(464 72 67 1 0)
(465 46 52 1 1)
(465 72 67 1/2 0)
(931/2 73 68 1/2 0)
(466 55 57 1 1)
(466 58 59 1 1)
(466 64 62 1 1)
(466 73 68 11/4 0)
(467 55 57 1 1)
(467 58 59 1 1)
(467 64 62 1 1)
(468 46 52 1 1)
(1875/4 72 67 1/4 0)
(469 55 57 1 1)
(469 60 60 1 1)
(469 64 62 1 1)
(469 72 67 3/2 0)
(470 55 57 1 1)
(470 60 60 1 1)
(470 64 62 1 1)
(941/2 70 66 1/2 0)
(471 46 52 1 1)
(471 70 66 1/2 0)
(943/2 66 64 1/2 0)
(472 54 57 1 1)
(472 61 61 1 1)
(472 64 63 1 1)
(472 66 64 2 0)
(473 54 57 1 1)
(473 61 61 1 1)
(473 64 63 1 1)
(474 46 52 1 1)
(474 72 67 1/2 0)
(949/2 70 66 1/2 0)
(475 54 57 1 1)
(475 60 60 1 1)
(475 63 62 1 1)
(475 70 66 3/2 0)
(476 54 57 1 1)
(476 60 60 1 1)
(476 63 62 1 1)
(953/2 66 64 1/2 0)
(477 46 52 3 1)
(477 66 64 1/2 0)
(955/2 65 63 1/2 0)
(478 53 56 1 1)
(478 61 61 1 1)
(478 65 63 2 0)
(479 53 56 1 1)
(479 61 61 1 1)
(480 46 52 1 1)
(480 72 67 1/2 0)
(961/2 70 66 1/2 0)
(481 54 57 1 1)
(481 58 59 1 1)
(481 60 60 1 1)
(481 70 66 3/2 0)
(482 54 57 1 1)
(482 58 59 1 1)
(482 60 60 1 1)
(965/2 63 62 1/2 0)
(483 46 52 3 1)
(483 63 62 1/2 0)
(967/2 61 61 1/2 0)
(484 53 56 1 1)
(484 58 59 1 1)
(484 61 61 2 0)
(485 53 56 1 1)
(485 58 59 1 1)
(486 46 52 1 1)
(486 70 66 3/4 0)
(1947/4 72 67 1/4 0)
(487 54 57 1 1)
(487 58 59 1 1)
(487 63 62 1 1)
(487 72 67 1 0)
(488 54 57 1 1)
(488 58 59 1 1)
(488 63 62 1 1)
(488 72 67 1 0)
(489 46 52 1 1)
(489 72 67 1/2 0)
(979/2 73 68 1/2 0)
(490 55 57 1 1)
(490 58 59 1 1)
(490 64 62 1 1)
(490 73 68 11/4 0)
(491 55 57 1 1)
(491 58 59 1 1)
(491 64 62 1 1)
(492 46 52 1 1)
(1971/4 72 67 1/4 0)
(493 55 57 1 1)
(493 60 60 1 1)
(493 64 62 1 1)
(493 72 67 3/2 0)
(494 55 57 1 1)
(494 60 60 1 1)
(494 64 62 1 1)
(989/2 70 66 1/2 0)
(495 46 52 1 1)
(495 70 66 1/2 0)
(991/2 66 64 1/2 0)
(496 54 57 1 1)
(496 61 61 1 1)
(496 64 63 1 1)
(496 66 64 2 0)
(497 54 57 1 1)
(497 61 61 1 1)
(497 64 63 1 1)
(498 46 52 1 1)
(498 72 67 1/2 0)
(997/2 70 66 1/2 0)
(499 54 57 1 1)
(499 63 62 1 1)
(499 70 66 3/2 0)
(500 54 57 1 1)
(500 63 62 1 1)
(1001/2 66 64 1/2 0)
(501 46 52 1 1)
(501 66 64 1/2 0)
(1003/2 65 63 1/2 0)
(502 53 56 1 1)
(502 62 61 1 1)
(502 65 63 17/2 0)
(503 53 56 1 1)
(503 62 61 1 1)
(504 46 52 1 1)
(505 53 56 1 1)
(505 57 58 1 1)
(505 60 60 1 1)
(506 53 56 1 1)
(506 57 58 1 1)
(506 60 60 1 1)
(507 46 52 1 1)
(508 53 56 1 1)
(508 58 59 1 1)
(508 62 61 1 1)
(509 53 56 1 1)
(509 58 59 1 1)
(509 62 61 1 1)
(510 46 52 1 1)
(1021/2 72 67 1/2 0)
(511 53 56 1 1)
(511 57 58 1 1)
(511 63 62 1 1)
(511 74 68 3/2 0)
(512 53 56 1 1)
(512 57 58 1 1)
(512 63 62 1 1)
(1025/2 72 67 1/2 0)
(513 53 56 1 1)
(513 57 58 1 1)
(513 63 62 1 1)
(513 77 70 1/2 0)
(1027/2 72 67 1/2 0)
(514 53 56 1 1)
(514 57 58 1 1)
(514 63 62 1 1)
(514 74 68 3/2 0)
(515 53 56 1 1)
(515 57 58 1 1)
(515 63 62 1 1)
(1031/2 72 67 1/2 0)
(516 46 52 1 1)
(516 72 67 1/2 0)
(1033/2 70 66 1/2 0)
(517 54 57 1 1)
(517 58 59 1 1)
(517 63 62 1 1)
(517 70 66 3/2 0)
(518 54 57 1 1)
(518 58 59 1 1)
(518 63 62 1 1)
(1037/2 66 64 1/2 0)
(519 46 52 1 1)
(519 66 64 1/2 0)
(1039/2 65 63 1/2 0)
(520 53 56 1 1)
(520 58 59 1 1)
(520 62 61 1 1)
(520 65 63 5/2 0)
(521 53 56 1 1)
(521 58 59 1 1)
(521 62 61 1 1)
(522 46 52 1 1)
(1045/2 72 67 1/2 0)
(523 53 56 1 1)
(523 57 58 1 1)
(523 63 62 1 1)
(523 74 68 3/2 0)
(524 53 56 1 1)
(524 57 58 1 1)
(524 63 62 1 1)
(1049/2 72 67 1/2 0)
(525 53 56 1 1)
(525 57 58 1 1)
(525 63 62 1 1)
(525 77 70 1/2 0)
(1051/2 72 67 1/2 0)
(526 53 56 1 1)
(526 57 58 1 1)
(526 63 62 1 1)
(526 74 68 3/2 0)
(527 53 56 1 1)
(527 57 58 1 1)
(527 63 62 1 1)
(1055/2 72 67 1/2 0)
(528 46 52 1 1)
(528 72 67 1/2 0)
(1057/2 70 66 1/2 0)
(529 54 57 1 1)
(529 61 61 1 1)
(529 64 63 1 1)
(529 70 66 3/2 0)
(530 54 57 1 1)
(530 61 61 1 1)
(530 64 63 1 1)
(1061/2 66 64 1/2 0)
(531 54 57 1 1)
(531 61 61 1 1)
(531 64 63 1 1)
(532 54 57 1 1)
(532 61 61 1 1)
(532 64 63 1 1)
(533 54 57 1 1)
(533 61 60 1 1)
(533 64 62 1 1)
(534 46 52 1 1)
(534 66 64 1/2 0)
(1069/2 65 63 1/2 0)
(535 53 56 1 1)
(535 62 61 1 1)
(535 65 63 8 0)
(536 53 56 1 1)
(536 62 61 1 1)
(537 53 56 1 1)
(537 62 61 1 1)
(538 53 56 1 1)
(538 62 61 1 1)
(539 53 56 1 1)
(539 62 61 1 1)
(540 41 49 1 1)
(541 53 56 1 1)
(541 57 58 1 1)
(541 60 60 1 1)
(542 53 56 1 1)
(542 57 58 1 1)
(542 60 60 1 1)
(543 38 47 1 1)
(543 65 63 9 0)
(544 53 56 1 1)
(544 57 58 1 1)
(544 62 61 1 1)
(545 53 56 1 1)
(545 57 58 1 1)
(545 62 61 1 1)
(546 34 45 1 1)
(547 50 54 1 1)
(547 58 59 1 1)
(547 62 61 1 1)
(548 50 54 1 1)
(548 58 59 1 1)
(548 62 61 1 1)
(549 50 54 1 1)
(549 58 59 1 1)
(549 62 61 1 1)
(550 50 54 1 1)
(550 58 59 1 1)
(550 62 61 1 1)
(551 50 54 1 1)
(551 58 59 1 1)
(551 62 61 1 1)
(552 72 67 1/2 0)
(1105/2 70 66 1/2 0)
(553 70 66 3/2 0)
(1109/2 66 64 1/2 0)
(555 66 64 1/2 0)
(1111/2 65 63 1/2 0)
(556 65 63 2 0)
