(-1 68 65 1 0)
(0 70 66 1 0)
(1 67 64 1 0)
(2 53 56 1 1)
(3 68 65 1 0)
(4 65 63 1 0)
(5 65 63 1 0)
(6 64 62 1 0)
(7 65 63 1 0)
(8 67 64 1 0)
(9 70 66 1 0)
(10 68 65 1 0)
(11 72 67 1 0)
(12 73 68 1 0)
(13 70 66 1 0)
(14 56 58 1 1)
(15 72 67 1 0)
(16 68 65 1 0)
(17 68 65 1 0)
(18 67 64 1 0)
(19 68 65 1 0)
(20 70 66 1 0)
(21 73 68 1 0)
(22 72 67 1 0)
(23 75 69 1 0)
(24 75 69 1 0)
(25 75 69 1 0)
(26 75 69 1 0)
(27 75 69 2 0)
(29 77 70 1 0)
(30 68 65 2 0)
(32 70 66 1 0)
(33 68 65 1 0)
(35 79 71 1/2 0)
(71/2 77 70 1/2 0)
(36 68 65 2 0)
(38 70 66 1 0)
(39 68 65 1 0)
(41 75 69 1 0)
(42 76 70 1 0)
(43 73 68 1 0)
(44 61 61 1 1)
(45 75 69 1 0)
(46 72 67 1 0)
(47 63 62 1 1)
(48 78 71 1 0)
(49 75 69 1 0)
(50 63 62 1 1)
(51 77 70 1 0)
(52 73 68 1 0)
(53 65 63 1 1)
(54 70 66 2 0)
(56 72 67 1 0)
(57 70 66 1 0)
(59 78 71 1/2 0)
(119/2 77 70 1/2 0)
(60 70 66 2 0)
(62 72 67 1 0)
(63 70 66 1 0)
(65 73 68 1/2 0)
(131/2 72 67 1/2 0)
(66 70 66 1 0)
(68 73 68 1/2 0)
(137/2 72 67 1/2 0)
(69 70 66 1 0)
(71 73 68 1/2 0)
(143/2 72 67 1/2 0)
(72 70 66 1/2 0)
(145/2 72 67 1/2 0)
(73 73 68 1/2 0)
(147/2 72 67 1/2 0)
(74 70 66 1/2 0)
(149/2 72 67 1/2 0)
(75 70 66 1/2 0)
(151/2 68 65 1/2 0)
(76 67 64 1/2 0)
(153/2 68 65 1/2 0)
(77 67 64 1/2 0)
(155/2 65 63 1/2 0)
(78 64 62 1/2 0)
(157/2 65 63 1/2 0)
(79 67 64 1/2 0)
(159/2 65 63 1/2 0)
(80 68 65 1/2 0)
(161/2 59 59 1/2 0)
(81 60 60 1 0)
(82 60 60 1 1)
(83 68 65 1 1)
(84 70 66 1 1)
(85 67 64 1 1)
(86 76 69 1 0)
(87 77 70 1 0)
(88 80 72 1 0)
(89 84 74 1 0)
(90 85 75 1 0)
(91 82 73 1 0)
(92 82 73 1 0)
(93 84 74 1 0)
(94 80 72 1 0)
(95 80 72 1 0)
(96 82 73 1 0)
(97 79 71 1 0)
(98 79 71 1 0)
(99 80 72 1 0)
(100 77 70 1 0)
(101 77 70 1 0)
(102 77 70 2 0)
(104 79 71 1 0)
(105 77 70 1 0)
(107 75 69 1/2 0)
(215/2 73 68 1/2 0)
(108 65 63 2 0)
(110 67 64 1 0)
(111 65 63 1 0)
(114 60 60 3 0)
(117 53 56 1 0)
