(-1 60 60 1 0)
(-1 68 65 1 0)
(0 61 61 1 0)
(0 70 66 1 0)
(1 58 59 1 0)
(1 67 64 1 0)
(2 53 56 1 1)
(3 60 60 1 0)
(3 68 65 1 0)
(4 56 58 1 0)
(4 65 63 1 0)
(5 53 56 1 1)
(5 56 58 1 1)
(5 60 60 1 0)
(5 65 63 1 0)
(6 55 57 1 1)
(6 58 59 1 1)
(6 60 60 1 0)
(6 64 62 1 0)
(7 53 56 1 1)
(7 56 58 1 1)
(7 60 60 1 0)
(7 65 63 1 0)
(8 52 55 1 1)
(8 55 57 1 1)
(8 60 60 1 0)
(8 67 64 1 0)
(9 53 56 2 1)
(9 56 58 2 1)
(9 60 60 2 0)
(9 70 66 1 0)
(10 68 65 1 0)
(11 63 62 1 0)
(11 72 67 1 0)
(12 65 63 1 0)
(12 73 68 1 0)
(13 61 61 1 0)
(13 70 66 1 0)
(14 44 51 1 1)
(14 56 58 1 1)
(15 63 62 1 0)
(15 72 67 1 0)
(16 60 60 1 0)
(16 68 65 1 0)
(17 56 58 1 1)
(17 60 60 1 1)
(17 63 62 1 0)
(17 68 65 1 0)
(18 58 59 1 1)
(18 61 61 1 1)
(18 63 62 1 0)
(18 67 64 1 0)
(19 56 58 1 1)
(19 60 60 1 1)
(19 63 62 1 0)
(19 68 65 1 0)
(20 55 57 1 1)
(20 58 59 1 1)
(20 63 62 1 0)
(20 70 66 1 0)
(21 56 58 2 1)
(21 60 60 2 1)
(21 63 62 2 0)
(21 73 68 1 0)
(22 72 67 1 0)
(23 60 60 1 1)
(23 63 62 1 1)
(23 68 65 1 0)
(23 75 69 1 0)
(24 58 59 1 1)
(24 61 61 1 1)
(24 67 64 1 0)
(24 75 69 1 0)
(25 56 58 1 1)
(25 60 60 1 1)
(25 68 65 1 0)
(25 75 69 1 0)
(26 55 57 1 1)
(26 58 59 1 1)
(26 70 66 1 0)
(26 75 69 1 0)
(27 56 58 2 1)
(27 73 68 1 0)
(27 75 69 2 0)
(28 72 67 1 0)
(29 49 54 1 1)
(29 58 59 1 1)
(29 77 70 1 0)
(30 51 55 2 1)
(30 60 60 2 1)
(30 68 65 2 0)
(32 51 55 1 1)
(32 61 61 1 1)
(32 67 64 1 0)
(32 70 66 1 0)
(33 56 58 1 1)
(33 60 60 1 1)
(33 68 65 1 0)
(35 79 71 1/2 0)
(71/2 77 70 1/2 0)
(36 51 55 2 1)
(36 60 60 2 1)
(36 68 65 2 0)
(38 51 55 1 1)
(38 61 61 1 1)
(38 67 64 1 0)
(38 70 66 1 0)
(39 56 58 1 1)
(39 60 60 1 1)
(39 68 65 1 0)
