(-1 60 60 1 0)
(0 69 65 1/2 0)
(1/2 67 64 1/2 0)
(1 69 65 1/2 0)
(3/2 65 63 1/2 0)
(2 67 64 1/2 0)
(5/2 69 65 1/2 0)
(3 70 66 1/2 0)
(7/2 69 65 1/2 0)
(4 70 66 1/2 0)
(9/2 67 64 1/2 0)
(5 69 65 1/2 0)
(11/2 71 66 1/2 0)
(6 72 67 1/2 0)
(13/2 71 66 1/2 0)
(7 72 67 1/2 0)
(15/2 74 68 1/2 0)
(8 72 67 1/2 0)
(17/2 70 66 1/2 0)
(9 69 65 1/2 0)
(19/2 67 64 1/2 0)
(10 69 65 1/2 0)
(21/2 70 66 1/2 0)
(11 69 65 1/2 0)
(23/2 65 63 1/2 0)
(12 69 65 1 0)
(13 72 67 1 0)
(14 77 70 1 0)
(15 67 64 1 0)
(16 74 68 1 0)
(17 77 70 1 0)
(18 67 64 1 0)
(19 77 70 1 0)
(20 76 69 1 0)
(21 65 63 1 0)
(22 74 68 1 0)
(23 72 67 1 0)
(24 43 50 1/2 1)
(49/2 67 64 1/2 0)
(25 64 62 1/2 0)
(51/2 60 60 1/2 0)
(26 65 63 1/2 0)
(53/2 62 61 1/2 0)
(27 60 60 1 0)
(28 48 53 1 1)
