(53 53)
(53 69)
(109/2 53)
(109/2 69)
(55 48)
(55 52)
(55 60)
(55 67)
(56 50)
(56 53)
(56 65)
(113/2 60)
(57 58)
(57 62)
(57 77)
(115/2 55)
(115/2 64)
(58 57)
(58 65)
(117/2 58)
(117/2 67)
(117/2 77)
(59 48)
(59 57)
(59 60)
(59 69)
(59 76)
(60 46)
(60 58)
(60 62)
(60 74)
(121/2 46)
(61 58)
(123/2 60)
(123/2 64)
(62 62)
(62 65)
(125/2 64)
(125/2 67)
(63 57)
(63 65)
(63 69)
(63 72)
(127/2 60)
(127/2 65)
(64 55)
(64 63)
(64 67)
(64 71)
(65 60)
(65 63)
(65 72)
(66 62)
(66 74)
(67 59)
(67 67)
(135/2 72)
(68 48)
(68 60)
(68 64)
(68 67)
(68 72)
(69 53)
(69 57)
(69 60)
(69 65)
(70 58)
(70 62)
(70 67)
(71 52)
(71 60)
(71 79)
(143/2 67)
(72 53)
(72 57)
(72 69)
(72 72)
(73 50)
(73 62)
(73 65)
(73 77)
(147/2 65)
(74 51)
(74 55)
(74 63)
(74 67)
(74 70)
(149/2 55)
(75 46)
(75 58)
(75 62)
(75 74)
(151/2 65)
(76 48)
(76 60)
(76 64)
(76 67)
(77 57)
(77 65)
(77 69)
(155/2 70)
(78 55)
(78 60)
(78 72)
(79 48)
(79 64)
(159/2 70)
(80 41)
(80 53)
(80 60)
(80 65)
(80 69)
