(239 60)
(240 53)
(240 69)
(481/2 67)
(241 57)
(241 69)
(483/2 65)
(242 60)
(242 67)
(485/2 69)
(243 62)
(243 70)
(487/2 69)
(244 55)
(244 70)
(489/2 67)
(245 53)
(245 69)
(491/2 71)
(246 52)
(246 72)
(493/2 71)
(247 55)
(247 72)
(495/2 74)
(248 60)
(248 72)
(497/2 70)
(249 53)
(249 69)
(499/2 67)
(250 57)
(250 69)
(501/2 70)
(251 60)
(251 69)
(503/2 65)
(252 45)
(252 69)
(505/2 44)
(253 45)
(253 72)
(507/2 41)
(254 43)
(254 77)
(509/2 45)
(255 46)
(255 67)
(511/2 45)
(256 46)
(256 74)
(513/2 43)
(257 45)
(257 77)
(515/2 47)
(258 48)
(258 67)
(517/2 47)
(259 48)
(259 77)
(519/2 45)
(260 47)
(260 76)
(521/2 49)
(261 50)
(261 65)
(523/2 45)
(262 47)
(262 74)
(525/2 43)
(263 48)
(263 64)
(263 72)
(527/2 42)
(264 43)
(529/2 67)
(265 64)
(531/2 60)
(266 31)
(266 59)
(266 65)
(533/2 62)
(267 36)
(267 60)
(268 48)
