(269 60)
(270 53)
(270 69)
(541/2 67)
(271 57)
(271 69)
(543/2 65)
(272 60)
(272 67)
(545/2 69)
(273 62)
(273 70)
(547/2 69)
(274 55)
(274 70)
(549/2 67)
(275 53)
(275 69)
(551/2 71)
(276 52)
(276 72)
(553/2 71)
(277 55)
(277 72)
(555/2 74)
(278 60)
(278 72)
(557/2 70)
(279 53)
(279 69)
(559/2 67)
(280 57)
(280 69)
(561/2 70)
(281 60)
(281 69)
(563/2 65)
(282 45)
(282 69)
(565/2 44)
(283 45)
(283 72)
(567/2 41)
(284 43)
(284 77)
(569/2 45)
(285 46)
(285 67)
(571/2 45)
(286 46)
(286 74)
(573/2 43)
(287 45)
(287 77)
(575/2 47)
(288 48)
(288 67)
(577/2 47)
(289 48)
(289 77)
(579/2 45)
(290 47)
(290 76)
(581/2 49)
(291 50)
(291 65)
(583/2 45)
(292 47)
(292 74)
(585/2 43)
(293 48)
(293 64)
(293 72)
(587/2 42)
(294 43)
(589/2 67)
(295 64)
(591/2 60)
(296 31)
(296 59)
(296 65)
(593/2 62)
(297 36)
(297 60)
(298 48)
