(-1 68 65 1 0)
(0 70 66 1 0)
(1 67 64 1 0)
(2 53 56 1 1)
(3 68 65 1 0)
(4 65 63 1 0)
(5 65 63 1 0)
(6 64 62 1 0)
(7 65 63 1 0)
(8 67 64 1 0)
(9 70 66 1 0)
(10 68 65 1 0)
(11 72 67 1 0)
(12 73 68 1 0)
(13 70 66 1 0)
(14 56 58 1 1)
(15 72 67 1 0)
(16 68 65 1 0)
(17 68 65 1 0)
(18 67 64 1 0)
(19 68 65 1 0)
(20 70 66 1 0)
(21 73 68 1 0)
(22 72 67 1 0)
(23 75 69 1 0)
(24 75 69 1 0)
(25 75 69 1 0)
(26 75 69 1 0)
(27 75 69 2 0)
(29 77 70 1 0)
(30 68 65 2 0)
(32 70 66 1 0)
(33 68 65 1 0)
(35 79 71 1/2 0)
(71/2 77 70 1/2 0)
(36 68 65 2 0)
(38 70 66 1 0)
(39 68 65 1 0)
