(437 60)
(437 68)
(438 61)
(438 70)
(439 58)
(439 67)
(440 53)
(441 60)
(441 68)
(442 56)
(442 65)
(443 53)
(443 56)
(443 60)
(443 65)
(444 55)
(444 58)
(444 60)
(444 64)
(445 53)
(445 56)
(445 60)
(445 65)
(446 52)
(446 55)
(446 60)
(446 67)
(447 53)
(447 56)
(447 60)
(447 70)
(448 68)
(449 63)
(449 72)
(450 65)
(450 73)
(451 61)
(451 70)
(452 44)
(452 56)
(453 63)
(453 72)
(454 60)
(454 68)
(455 56)
(455 60)
(455 63)
(455 68)
(456 58)
(456 61)
(456 63)
(456 67)
(457 56)
(457 60)
(457 63)
(457 68)
(458 55)
(458 58)
(458 63)
(458 70)
(459 56)
(459 60)
(459 63)
(459 73)
(460 72)
(461 60)
(461 63)
(461 68)
(461 75)
(462 58)
(462 61)
(462 67)
(462 75)
(463 56)
(463 60)
(463 68)
(463 75)
(464 55)
(464 58)
(464 70)
(464 75)
(465 56)
(465 73)
(465 75)
(466 72)
(467 49)
(467 58)
(467 77)
(468 51)
(468 60)
(468 68)
(470 51)
(470 61)
(470 67)
(470 70)
(471 56)
(471 60)
(471 68)
(473 79)
(947/2 77)
(474 51)
(474 60)
(474 68)
(476 51)
(476 61)
(476 67)
(476 70)
(477 56)
(477 60)
(477 68)
(479 72)
(479 75)
(480 73)
(480 76)
(481 55)
(481 58)
(481 70)
(481 73)
(482 58)
(482 61)
(483 72)
(483 75)
(484 56)
(484 60)
(484 68)
(484 72)
(485 60)
(485 63)
(486 75)
(486 78)
(487 57)
(487 60)
(487 72)
(487 75)
(488 60)
(488 63)
(489 73)
(489 77)
(490 58)
(490 61)
(490 70)
(490 73)
(491 61)
(491 65)
(492 53)
(492 61)
(492 65)
(492 70)
(494 53)
(494 63)
(494 69)
(494 72)
(495 58)
(495 61)
(495 70)
(497 78)
(995/2 77)
(498 53)
(498 61)
(498 70)
(500 53)
(500 63)
(500 69)
(500 72)
(501 58)
(501 61)
(501 70)
(503 53)
(503 63)
(503 69)
(503 73)
(1007/2 72)
(504 58)
(504 61)
(504 70)
(506 53)
(506 63)
(506 69)
(506 73)
(1013/2 72)
(507 58)
(507 61)
(507 70)
(509 61)
(509 73)
(1019/2 60)
(1019/2 72)
(510 58)
(510 70)
(1021/2 60)
(1021/2 72)
(511 61)
(511 73)
(1023/2 60)
(1023/2 72)
(512 58)
(512 70)
(1025/2 60)
(1025/2 72)
(513 58)
(513 70)
(1027/2 56)
(1027/2 68)
(514 55)
(514 67)
(1029/2 56)
(1029/2 68)
(515 55)
(515 67)
(1031/2 53)
(1031/2 65)
(516 52)
(516 64)
(1033/2 53)
(1033/2 65)
(517 55)
(517 67)
(1035/2 53)
(1035/2 65)
(518 56)
(518 68)
(1037/2 47)
(1037/2 59)
(519 48)
(519 60)
(520 60)
(521 60)
(521 68)
(522 61)
(522 70)
(523 58)
(523 67)
(524 58)
(524 67)
(524 76)
(525 60)
(525 68)
(525 77)
(526 56)
(526 65)
(526 80)
(527 53)
(527 56)
(527 84)
(528 52)
(528 55)
(528 85)
(529 55)
(529 58)
(529 82)
(530 55)
(530 58)
(530 82)
(531 53)
(531 56)
(531 84)
(532 56)
(532 60)
(532 80)
(533 56)
(533 60)
(533 65)
(533 80)
(534 55)
(534 58)
(534 64)
(534 82)
(535 58)
(535 61)
(535 64)
(535 79)
(536 58)
(536 61)
(536 64)
(536 79)
(537 59)
(537 62)
(537 65)
(537 80)
(538 68)
(538 77)
(539 59)
(539 62)
(539 68)
(539 77)
(540 60)
(540 68)
(540 77)
(542 60)
(542 70)
(542 76)
(542 79)
(543 65)
(543 68)
(543 77)
(545 75)
(1091/2 73)
(546 48)
(546 56)
(546 65)
(548 48)
(548 58)
(548 64)
(548 67)
(549 53)
(549 56)
(549 65)
(552 36)
(552 48)
(552 52)
(552 55)
(552 60)
(555 41)
(555 53)
