(35 74)
(143/4 75)
(36 72)
(73/2 70)
(37 70)
(38 70)
(39 69)
(41 75)
(167/4 77)
(42 74)
(85/2 72)
(43 72)
(44 72)
(45 70)
(47 74)
(191/4 75)
(48 77)
(97/2 79)
(49 75)
(99/2 72)
(50 74)
(101/2 75)
(51 77)
(103/2 79)
(52 75)
(105/2 72)
(53 74)
(107/2 75)
(54 77)
(109/2 82)
(55 81)
(111/2 79)
(56 77)
(113/2 76)
(57 74)
(115/2 72)
(58 71)
(117/2 70)
(59 69)
(119/2 67)
(60 72)
(243/4 74)
(61 65)
(62 64)
(63 65)
(64 41)
(65 74)
(263/4 72)
(66 72)
(67 65)
(68 76)
(275/4 77)
(69 77)
(70 53)
(71 80)
(72 79)
(73 78)
(74 77)
(75 76)
(76 75)
(77 74)
(78 51)
(79 72)
(80 73)
(81 70)
(163/2 69)
(82 67)
(165/2 65)
(83 70)
(84 75)
(85 74)
(343/4 72)
(86 74)
(347/4 75)
(87 74)
(88 72)
(89 62)
(359/4 63)
(90 60)
(181/2 58)
(91 77)
(92 77)
(93 77)
(95 63)
(383/4 65)
(96 62)
(193/2 60)
(97 87)
(98 87)
(99 86)
(101 74)
(407/4 75)
(102 77)
(205/2 79)
(103 75)
(207/2 72)
(104 74)
(209/2 75)
(105 77)
(211/2 79)
(106 75)
(213/2 72)
(107 74)
(215/2 75)
(108 77)
(217/2 87)
(109 86)
(219/2 84)
(110 82)
(221/2 81)
(111 79)
(223/2 77)
(112 76)
(225/2 75)
(113 74)
(227/2 72)
(114 77)
(459/4 79)
(115 70)
(116 69)
(117 70)
(118 46)
(119 79)
(479/4 77)
(120 77)
(121 70)
(122 81)
(491/4 82)
(123 82)
(124 58)
(125 74)
(503/4 70)
(126 75)
(128 72)
(515/4 69)
(129 70)
(130 46)
