(-1 74 68 3/4 0)
(-1/4 75 69 1/4 0)
(0 72 67 1/2 0)
(1/2 70 66 1/2 0)
(1 70 66 1 0)
(2 70 66 1 0)
(3 69 65 1 0)
(5 75 69 3/4 0)
(23/4 77 70 1/4 0)
(6 74 68 1/2 0)
(13/2 72 67 1/2 0)
(7 72 67 1 0)
(8 72 67 1 0)
(9 70 66 1 0)
(11 74 68 3/4 0)
(47/4 75 69 1/4 0)
(12 77 70 1/2 0)
(25/2 79 71 1/2 0)
(13 75 69 1/2 0)
(27/2 72 67 1/2 0)
(14 74 68 1/2 0)
(29/2 75 69 1/2 0)
(15 77 70 1/2 0)
(31/2 79 71 1/2 0)
(16 75 69 1/2 0)
(33/2 72 67 1/2 0)
(17 74 68 1/2 0)
(35/2 75 69 1/2 0)
(18 77 70 1/2 0)
(37/2 82 73 1/2 0)
(19 81 72 1/2 0)
(39/2 79 71 1/2 0)
(20 77 70 1/2 0)
(41/2 76 69 1/2 0)
(21 74 68 1/2 0)
(43/2 72 67 1/2 0)
(22 71 66 1/2 0)
(45/2 70 66 1/2 0)
(23 69 65 1/2 0)
(47/2 67 64 1/2 0)
(24 72 67 3/4 0)
(99/4 74 68 1/4 0)
(25 65 63 1 0)
(26 64 62 1 0)
(27 65 63 1 0)
(28 41 49 1 1)
(29 74 68 3/4 0)
(119/4 72 67 1/4 0)
(30 72 67 1 0)
(31 65 63 1 1)
(32 76 69 3/4 0)
(131/4 77 70 1/4 0)
(33 77 70 1 0)
(34 53 56 1 1)
(35 80 72 1 0)
(36 79 71 1 0)
(37 78 71 1 0)
(38 77 70 1 0)
(39 76 69 1 0)
(40 75 69 1 0)
(41 74 68 1 0)
(42 51 55 1 1)
(43 72 67 1 0)
(44 73 68 1 0)
(45 70 66 1/2 0)
(91/2 69 65 1/2 0)
(46 67 64 1/2 0)
(93/2 65 63 1/2 0)
(47 70 66 1 0)
(48 75 69 1 0)
(49 74 68 3/4 0)
(199/4 72 67 1/4 0)
(50 74 68 3/4 0)
(203/4 75 69 1/4 0)
(51 74 68 1 0)
(52 72 67 1 0)
(53 62 61 3/4 1)
(215/4 63 62 1/4 1)
(54 60 60 1/2 1)
(109/2 58 59 1/2 1)
(55 77 70 1 0)
(56 77 70 1 0)
(57 77 70 1 0)
(59 63 62 3/4 1)
(239/4 65 63 1/4 1)
(60 62 61 1/2 1)
(121/2 60 60 1/2 1)
(61 87 76 1 0)
(62 87 76 1 0)
(63 86 75 1 0)
(65 74 68 3/4 0)
(263/4 75 69 1/4 0)
(66 77 70 1/2 0)
(133/2 79 71 1/2 0)
(67 75 69 1/2 0)
(135/2 72 67 1/2 0)
(68 74 68 1/2 0)
(137/2 75 69 1/2 0)
(69 77 70 1/2 0)
(139/2 79 71 1/2 0)
(70 75 69 1/2 0)
(141/2 72 67 1/2 0)
(71 74 68 1/2 0)
(143/2 75 69 1/2 0)
(72 77 70 1/2 0)
(145/2 87 76 1/2 0)
(73 86 75 1/2 0)
(147/2 84 74 1/2 0)
(74 82 73 1/2 0)
(149/2 81 72 1/2 0)
(75 79 71 1/2 0)
(151/2 77 70 1/2 0)
(76 76 69 1/2 0)
(153/2 75 69 1/2 0)
(77 74 68 1/2 0)
(155/2 72 67 1/2 0)
(78 77 70 3/4 0)
(315/4 79 71 1/4 0)
(79 70 66 1 0)
(80 69 65 1 0)
(81 70 66 1 0)
(82 46 52 1 1)
(83 79 71 3/4 0)
(335/4 77 70 1/4 0)
(84 77 70 1 0)
(85 70 66 1 1)
(86 81 72 3/4 0)
(347/4 82 73 1/4 0)
(87 82 73 1 0)
(88 58 59 1 1)
(89 74 68 3/4 0)
(359/4 70 66 1/4 0)
(90 75 69 2 0)
(92 72 67 3/4 0)
(371/4 69 65 1/4 0)
(93 70 66 1 0)
(94 46 52 1 1)
