(-1 60 60 1 0)
(-1 68 65 1 0)
(0 61 61 1 0)
(0 70 66 1 0)
(1 58 59 1 0)
(1 67 64 1 0)
(2 53 56 1 1)
(3 60 60 1 0)
(3 68 65 1 0)
(4 56 58 1 0)
(4 65 63 1 0)
(5 53 56 1 1)
(5 56 58 1 1)
(5 60 60 1 0)
(5 65 63 1 0)
(6 55 57 1 1)
(6 58 59 1 1)
(6 60 60 1 0)
(6 64 62 1 0)
(7 53 56 1 1)
(7 56 58 1 1)
(7 60 60 1 0)
(7 65 63 1 0)
(8 52 55 1 1)
(8 55 57 1 1)
(8 60 60 1 0)
(8 67 64 1 0)
(9 53 56 2 1)
(9 56 58 2 1)
(9 60 60 2 0)
(9 70 66 1 0)
(10 68 65 1 0)
(11 63 62 1 0)
(11 72 67 1 0)
(12 65 63 1 0)
(12 73 68 1 0)
(13 61 61 1 0)
(13 70 66 1 0)
(14 44 51 1 1)
(14 56 58 1 1)
(15 63 62 1 0)
(15 72 67 1 0)
(16 60 60 1 0)
(16 68 65 1 0)
(17 56 58 1 1)
(17 60 60 1 1)
(17 63 62 1 0)
(17 68 65 1 0)
(18 58 59 1 1)
(18 61 61 1 1)
(18 63 62 1 0)
(18 67 64 1 0)
(19 56 58 1 1)
(19 60 60 1 1)
(19 63 62 1 0)
(19 68 65 1 0)
(20 55 57 1 1)
(20 58 59 1 1)
(20 63 62 1 0)
(20 70 66 1 0)
(21 56 58 2 1)
(21 60 60 2 1)
(21 63 62 2 0)
(21 73 68 1 0)
(22 72 67 1 0)
(23 60 60 1 1)
(23 63 62 1 1)
(23 68 65 1 0)
(23 75 69 1 0)
(24 58 59 1 1)
(24 61 61 1 1)
(24 67 64 1 0)
(24 75 69 1 0)
(25 56 58 1 1)
(25 60 60 1 1)
(25 68 65 1 0)
(25 75 69 1 0)
(26 55 57 1 1)
(26 58 59 1 1)
(26 70 66 1 0)
(26 75 69 1 0)
(27 56 58 2 1)
(27 73 68 1 0)
(27 75 69 2 0)
(28 72 67 1 0)
(29 49 54 1 1)
(29 58 59 1 1)
(29 77 70 1 0)
(30 51 55 2 1)
(30 60 60 2 1)
(30 68 65 2 0)
(32 51 55 1 1)
(32 61 61 1 1)
(32 67 64 1 0)
(32 70 66 1 0)
(33 56 58 1 1)
(33 60 60 1 1)
(33 68 65 1 0)
(35 79 71 1/2 0)
(71/2 77 70 1/2 0)
(36 51 55 2 1)
(36 60 60 2 1)
(36 68 65 2 0)
(38 51 55 1 1)
(38 61 61 1 1)
(38 67 64 1 0)
(38 70 66 1 0)
(39 56 58 1 1)
(39 60 60 1 1)
(39 68 65 1 0)
(41 60 60 1 0)
(41 68 65 1 0)
(42 61 61 1 0)
(42 70 66 1 0)
(43 58 59 1 0)
(43 67 64 1 0)
(44 53 56 1 1)
(45 60 60 1 0)
(45 68 65 1 0)
(46 56 58 1 0)
(46 65 63 1 0)
(47 53 56 1 1)
(47 56 58 1 1)
(47 60 60 1 0)
(47 65 63 1 0)
(48 55 57 1 1)
(48 58 59 1 1)
(48 60 60 1 0)
(48 64 62 1 0)
(49 53 56 1 1)
(49 56 58 1 1)
(49 60 60 1 0)
(49 65 63 1 0)
(50 52 55 1 1)
(50 55 57 1 1)
(50 60 60 1 0)
(50 67 64 1 0)
(51 53 56 2 1)
(51 56 58 2 1)
(51 60 60 2 0)
(51 70 66 1 0)
(52 68 65 1 0)
(53 63 62 1 0)
(53 72 67 1 0)
(54 65 63 1 0)
(54 73 68 1 0)
(55 61 61 1 0)
(55 70 66 1 0)
(56 44 51 1 1)
(56 56 58 1 1)
(57 63 62 1 0)
(57 72 67 1 0)
(58 60 60 1 0)
(58 68 65 1 0)
(59 56 58 1 1)
(59 60 60 1 1)
(59 63 62 1 0)
(59 68 65 1 0)
(60 58 59 1 1)
(60 61 61 1 1)
(60 63 62 1 0)
(60 67 64 1 0)
(61 56 58 1 1)
(61 60 60 1 1)
(61 63 62 1 0)
(61 68 65 1 0)
(62 55 57 1 1)
(62 58 59 1 1)
(62 63 62 1 0)
(62 70 66 1 0)
(63 56 58 2 1)
(63 60 60 2 1)
(63 63 62 2 0)
(63 73 68 1 0)
(64 72 67 1 0)
(65 60 60 1 1)
(65 63 62 1 1)
(65 68 65 1 0)
(65 75 69 1 0)
(66 58 59 1 1)
(66 61 61 1 1)
(66 67 64 1 0)
(66 75 69 1 0)
(67 56 58 1 1)
(67 60 60 1 1)
(67 68 65 1 0)
(67 75 69 1 0)
(68 55 57 1 1)
(68 58 59 1 1)
(68 70 66 1 0)
(68 75 69 1 0)
(69 56 58 2 1)
(69 73 68 1 0)
(69 75 69 2 0)
(70 72 67 1 0)
(71 49 54 1 1)
(71 58 59 1 1)
(71 77 70 1 0)
(72 51 55 2 1)
(72 60 60 2 1)
(72 68 65 2 0)
(74 51 55 1 1)
(74 61 61 1 1)
(74 67 64 1 0)
(74 70 66 1 0)
(75 56 58 1 1)
(75 60 60 1 1)
(75 68 65 1 0)
(77 79 71 1/2 0)
(155/2 77 70 1/2 0)
(78 51 55 2 1)
(78 60 60 2 1)
(78 68 65 2 0)
(80 51 55 1 1)
(80 61 61 1 1)
(80 67 64 1 0)
(80 70 66 1 0)
(81 56 58 1 1)
(81 60 60 1 1)
(81 68 65 1 0)
(83 72 67 1 0)
(83 75 69 1 0)
(84 73 68 1 0)
(84 76 70 1 0)
(85 55 57 1 1)
(85 58 59 1 1)
(85 70 66 1 0)
(85 73 68 1 0)
(86 58 59 1 1)
(86 61 61 1 1)
(87 72 67 1 0)
(87 75 69 1 0)
(88 56 58 1 1)
(88 60 60 1 1)
(88 68 65 1 0)
(88 72 67 1 0)
(89 60 60 1 1)
(89 63 62 1 1)
(90 75 69 1 0)
(90 78 71 1 0)
(91 57 58 1 1)
(91 60 60 1 1)
(91 72 67 1 0)
(91 75 69 1 0)
(92 60 60 1 1)
(92 63 62 1 1)
(93 73 68 1 0)
(93 77 70 1 0)
(94 58 59 1 1)
(94 61 61 1 1)
(94 70 66 1 0)
(94 73 68 1 0)
(95 61 61 1 1)
(95 65 63 1 1)
(96 53 56 2 1)
(96 61 61 2 1)
(96 65 63 2 0)
(96 70 66 2 0)
(98 53 56 1 1)
(98 63 62 1 1)
(98 69 65 1 0)
(98 72 67 1 0)
(99 58 59 1 1)
(99 61 61 1 1)
(99 70 66 1 0)
(101 78 71 1/2 0)
(203/2 77 70 1/2 0)
(102 53 56 2 1)
(102 61 61 2 1)
(102 70 66 2 0)
(104 53 56 1 1)
(104 63 62 1 1)
(104 69 65 1 0)
(104 72 67 1 0)
(105 58 59 1 1)
(105 61 61 1 1)
(105 70 66 1 0)
(107 53 56 1 1)
(107 63 62 1 1)
(107 69 65 1/2 0)
(107 73 68 1/2 0)
(215/2 72 67 1/2 0)
(108 58 59 1 1)
(108 61 61 1 1)
(108 70 66 1 0)
(110 53 56 1 1)
(110 63 62 1 1)
(110 69 65 1/2 0)
(110 73 68 1/2 0)
(221/2 72 67 1/2 0)
(111 58 59 1 1)
(111 61 61 1 1)
(111 70 66 1 0)
(113 61 61 1/2 1)
(113 73 68 1/2 0)
(227/2 60 60 1/2 1)
(227/2 72 67 1/2 0)
(114 58 59 1/2 1)
(114 70 66 1/2 0)
(229/2 60 60 1/2 1)
(229/2 72 67 1/2 0)
(115 61 61 1/2 1)
(115 73 68 1/2 0)
(231/2 60 60 1/2 1)
(231/2 72 67 1/2 0)
(116 58 59 1/2 1)
(116 70 66 1/2 0)
(233/2 60 60 1/2 1)
(233/2 72 67 1/2 0)
(117 58 59 1/2 1)
(117 70 66 1/2 0)
(235/2 56 58 1/2 1)
(235/2 68 65 1/2 0)
(118 55 57 1/2 1)
(118 67 64 1/2 0)
(237/2 56 58 1/2 1)
(237/2 68 65 1/2 0)
(119 55 57 1/2 1)
(119 67 64 1/2 0)
(239/2 53 56 1/2 1)
(239/2 65 63 1/2 0)
(120 52 55 1/2 1)
(120 64 62 1/2 0)
(241/2 53 56 1/2 1)
(241/2 65 63 1/2 0)
(121 55 57 1/2 1)
(121 67 64 1/2 0)
(243/2 53 56 1/2 1)
(243/2 65 63 1/2 0)
(122 56 58 1/2 1)
(122 68 65 1/2 0)
(245/2 47 52 1/2 1)
(245/2 59 59 1/2 0)
(123 48 53 1 1)
(123 60 60 1 0)
(124 60 60 1 1)
(125 60 60 1 1)
(125 68 65 1 1)
(126 61 61 1 1)
(126 70 66 1 1)
(127 58 59 1 1)
(127 67 64 1 1)
(128 58 59 1 1)
(128 67 64 1 1)
(128 76 69 1 0)
(129 60 60 1 1)
(129 68 65 1 1)
(129 77 70 1 0)
(130 56 58 1 1)
(130 65 63 1 1)
(130 80 72 1 0)
(131 53 56 1 1)
(131 56 58 1 1)
(131 84 74 1 0)
(132 52 55 1 1)
(132 55 57 1 1)
(132 85 75 1 0)
(133 55 57 1 1)
(133 58 59 1 1)
(133 82 73 1 0)
(134 55 57 1 1)
(134 58 59 1 1)
(134 82 73 1 0)
(135 53 56 1 1)
(135 56 58 1 1)
(135 84 74 1 0)
(136 56 58 1 1)
(136 60 60 1 1)
(136 80 72 1 0)
(137 56 58 1 1)
(137 60 60 1 1)
(137 65 63 1 1)
(137 80 72 1 0)
(138 55 57 1 1)
(138 58 59 1 1)
(138 64 62 1 1)
(138 82 73 1 0)
(139 58 59 1 1)
(139 61 61 1 1)
(139 64 62 1 1)
(139 79 71 1 0)
(140 58 59 1 1)
(140 61 61 1 1)
(140 64 62 1 1)
(140 79 71 1 0)
(141 59 59 2 1)
(141 62 61 2 1)
(141 65 63 1 1)
(141 80 72 1 0)
(142 68 65 1 1)
(142 77 70 1 0)
(143 59 59 1 1)
(143 62 61 1 1)
(143 68 65 1 1)
(143 77 70 1 0)
(144 60 60 2 1)
(144 68 65 2 1)
(144 77 70 2 0)
(146 60 60 1 1)
(146 70 66 1 1)
(146 76 69 1 0)
(146 79 71 1 0)
(147 65 63 1 1)
(147 68 65 1 1)
(147 77 70 1 0)
(149 75 69 1/2 0)
(299/2 73 68 1/2 0)
(150 48 53 2 1)
(150 56 58 2 1)
(150 65 63 2 0)
(152 48 53 1 1)
(152 58 59 1 1)
(152 64 62 1 0)
(152 67 64 1 0)
(153 53 56 1 1)
(153 56 58 1 1)
(153 65 63 1 0)
(156 36 46 3 1)
(156 48 53 3 1)
(156 52 55 3 0)
(156 55 57 3 0)
(156 60 60 3 0)
(159 41 49 1 1)
(159 53 56 1 0)
(161 72 67 1 0)
(161 75 69 1 0)
(162 73 68 1 0)
(162 76 70 1 0)
(163 55 57 1 1)
(163 58 59 1 1)
(163 70 66 1 0)
(163 73 68 1 0)
(164 58 59 1 1)
(164 61 61 1 1)
(165 72 67 1 0)
(165 75 69 1 0)
(166 56 58 1 1)
(166 60 60 1 1)
(166 68 65 1 0)
(166 72 67 1 0)
(167 60 60 1 1)
(167 63 62 1 1)
(168 75 69 1 0)
(168 78 71 1 0)
(169 57 58 1 1)
(169 60 60 1 1)
(169 72 67 1 0)
(169 75 69 1 0)
(170 60 60 1 1)
(170 63 62 1 1)
(171 73 68 1 0)
(171 77 70 1 0)
(172 58 59 1 1)
(172 61 61 1 1)
(172 70 66 1 0)
(172 73 68 1 0)
(173 61 61 1 1)
(173 65 63 1 1)
(174 53 56 2 1)
(174 61 61 2 1)
(174 65 63 2 0)
(174 70 66 2 0)
(176 53 56 1 1)
(176 63 62 1 1)
(176 69 65 1 0)
(176 72 67 1 0)
(177 58 59 1 1)
(177 61 61 1 1)
(177 70 66 1 0)
(179 78 71 1/2 0)
(359/2 77 70 1/2 0)
(180 53 56 2 1)
(180 61 61 2 1)
(180 70 66 2 0)
(182 53 56 1 1)
(182 63 62 1 1)
(182 69 65 1 0)
(182 72 67 1 0)
(183 58 59 1 1)
(183 61 61 1 1)
(183 70 66 1 0)
(185 53 56 1 1)
(185 63 62 1 1)
(185 69 65 1/2 0)
(185 73 68 1/2 0)
(371/2 72 67 1/2 0)
(186 58 59 1 1)
(186 61 61 1 1)
(186 70 66 1 0)
(188 53 56 1 1)
(188 63 62 1 1)
(188 69 65 1/2 0)
(188 73 68 1/2 0)
(377/2 72 67 1/2 0)
(189 58 59 1 1)
(189 61 61 1 1)
(189 70 66 1 0)
(191 61 61 1/2 1)
(191 73 68 1/2 0)
(383/2 60 60 1/2 1)
(383/2 72 67 1/2 0)
(192 58 59 1/2 1)
(192 70 66 1/2 0)
(385/2 60 60 1/2 1)
(385/2 72 67 1/2 0)
(193 61 61 1/2 1)
(193 73 68 1/2 0)
(387/2 60 60 1/2 1)
(387/2 72 67 1/2 0)
(194 58 59 1/2 1)
(194 70 66 1/2 0)
(389/2 60 60 1/2 1)
(389/2 72 67 1/2 0)
(195 58 59 1/2 1)
(195 70 66 1/2 0)
(391/2 56 58 1/2 1)
(391/2 68 65 1/2 0)
(196 55 57 1/2 1)
(196 67 64 1/2 0)
(393/2 56 58 1/2 1)
(393/2 68 65 1/2 0)
(197 55 57 1/2 1)
(197 67 64 1/2 0)
(395/2 53 56 1/2 1)
(395/2 65 63 1/2 0)
(198 52 55 1/2 1)
(198 64 62 1/2 0)
(397/2 53 56 1/2 1)
(397/2 65 63 1/2 0)
(199 55 57 1/2 1)
(199 67 64 1/2 0)
(399/2 53 56 1/2 1)
(399/2 65 63 1/2 0)
(200 56 58 1/2 1)
(200 68 65 1/2 0)
(401/2 47 52 1/2 1)
(401/2 59 59 1/2 0)
(201 48 53 1 1)
(201 60 60 1 0)
(202 60 60 1 1)
(203 60 60 1 1)
(203 68 65 1 1)
(204 61 61 1 1)
(204 70 66 1 1)
(205 58 59 1 1)
(205 67 64 1 1)
(206 58 59 1 1)
(206 67 64 1 1)
(206 76 69 1 0)
(207 60 60 1 1)
(207 68 65 1 1)
(207 77 70 1 0)
(208 56 58 1 1)
(208 65 63 1 1)
(208 80 72 1 0)
(209 53 56 1 1)
(209 56 58 1 1)
(209 84 74 1 0)
(210 52 55 1 1)
(210 55 57 1 1)
(210 85 75 1 0)
(211 55 57 1 1)
(211 58 59 1 1)
(211 82 73 1 0)
(212 55 57 1 1)
(212 58 59 1 1)
(212 82 73 1 0)
(213 53 56 1 1)
(213 56 58 1 1)
(213 84 74 1 0)
(214 56 58 1 1)
(214 60 60 1 1)
(214 80 72 1 0)
(215 56 58 1 1)
(215 60 60 1 1)
(215 65 63 1 1)
(215 80 72 1 0)
(216 55 57 1 1)
(216 58 59 1 1)
(216 64 62 1 1)
(216 82 73 1 0)
(217 58 59 1 1)
(217 61 61 1 1)
(217 64 62 1 1)
(217 79 71 1 0)
(218 58 59 1 1)
(218 61 61 1 1)
(218 64 62 1 1)
(218 79 71 1 0)
(219 59 59 2 1)
(219 62 61 2 1)
(219 65 63 1 1)
(219 80 72 1 0)
(220 68 65 1 1)
(220 77 70 1 0)
(221 59 59 1 1)
(221 62 61 1 1)
(221 68 65 1 1)
(221 77 70 1 0)
(222 60 60 2 1)
(222 68 65 2 1)
(222 77 70 2 0)
(224 60 60 1 1)
(224 70 66 1 1)
(224 76 69 1 0)
(224 79 71 1 0)
(225 65 63 1 1)
(225 68 65 1 1)
(225 77 70 1 0)
(227 75 69 1/2 0)
(455/2 73 68 1/2 0)
(228 48 53 2 1)
(228 56 58 2 1)
(228 65 63 2 0)
(230 48 53 1 1)
(230 58 59 1 1)
(230 64 62 1 0)
(230 67 64 1 0)
(231 53 56 1 1)
(231 56 58 1 1)
(231 65 63 1 0)
(234 36 46 3 1)
(234 48 53 3 1)
(234 52 55 3 0)
(234 55 57 3 0)
(234 60 60 3 0)
(237 41 49 1 1)
(237 53 56 1 0)
(239 60 60 1 0)
(240 53 56 1 1)
(240 69 65 1/2 0)
(481/2 67 64 1/2 0)
(241 57 58 1 1)
(241 69 65 1/2 0)
(483/2 65 63 1/2 0)
(242 60 60 1 1)
(242 67 64 1/2 0)
(485/2 69 65 1/2 0)
(243 62 61 1 1)
(243 70 66 1/2 0)
(487/2 69 65 1/2 0)
(244 55 57 1 1)
(244 70 66 1/2 0)
(489/2 67 64 1/2 0)
(245 53 56 1 1)
(245 69 65 1/2 0)
(491/2 71 66 1/2 0)
(246 52 55 1 1)
(246 72 67 1/2 0)
(493/2 71 66 1/2 0)
(247 55 57 1 1)
(247 72 67 1/2 0)
(495/2 74 68 1/2 0)
(248 60 60 1 1)
(248 72 67 1/2 0)
(497/2 70 66 1/2 0)
(249 53 56 1 1)
(249 69 65 1/2 0)
(499/2 67 64 1/2 0)
(250 57 58 1 1)
(250 69 65 1/2 0)
(501/2 70 66 1/2 0)
(251 60 60 1 1)
(251 69 65 1/2 0)
(503/2 65 63 1/2 0)
(252 45 51 1/2 1)
(252 69 65 1 0)
(252 69 65 3 0)
(505/2 44 50 1/2 1)
(253 45 51 1/2 1)
(253 72 67 1 0)
(507/2 41 49 1/2 1)
(254 43 50 1/2 1)
(254 77 70 1 0)
(509/2 45 51 1/2 1)
(255 46 52 1/2 1)
(255 67 64 1 0)
(255 67 64 3 0)
(511/2 45 51 1/2 1)
(256 46 52 1/2 1)
(256 74 68 1 0)
(513/2 43 50 1/2 1)
(257 45 51 1/2 1)
(257 77 70 1 0)
(515/2 47 52 1/2 1)
(258 48 53 1/2 1)
(258 67 64 3 0)
(517/2 47 52 1/2 1)
(259 48 53 1/2 1)
(259 77 70 1 0)
(519/2 45 51 1/2 1)
(260 47 52 1/2 1)
(260 76 69 1 0)
(521/2 49 53 1/2 1)
(261 50 54 1/2 1)
(261 65 63 2 0)
(523/2 45 51 1/2 1)
(262 47 52 1/2 1)
(262 74 68 1 0)
(525/2 43 50 1/2 1)
(263 48 53 1/2 1)
(263 64 62 1 0)
(263 72 67 1 0)
(527/2 42 49 1/2 1)
(264 43 50 2 1)
(529/2 67 64 1/2 0)
(265 64 62 1/2 0)
(531/2 60 60 1/2 0)
(266 31 43 1 1)
(266 59 59 1/2 0)
(266 65 63 1/2 0)
(533/2 62 61 1/2 0)
(267 36 46 1 1)
(267 60 60 1 0)
(268 48 53 1 1)
(269 60 60 1 0)
(270 53 56 1 1)
(270 69 65 1/2 0)
(541/2 67 64 1/2 0)
(271 57 58 1 1)
(271 69 65 1/2 0)
(543/2 65 63 1/2 0)
(272 60 60 1 1)
(272 67 64 1/2 0)
(545/2 69 65 1/2 0)
(273 62 61 1 1)
(273 70 66 1/2 0)
(547/2 69 65 1/2 0)
(274 55 57 1 1)
(274 70 66 1/2 0)
(549/2 67 64 1/2 0)
(275 53 56 1 1)
(275 69 65 1/2 0)
(551/2 71 66 1/2 0)
(276 52 55 1 1)
(276 72 67 1/2 0)
(553/2 71 66 1/2 0)
(277 55 57 1 1)
(277 72 67 1/2 0)
(555/2 74 68 1/2 0)
(278 60 60 1 1)
(278 72 67 1/2 0)
(557/2 70 66 1/2 0)
(279 53 56 1 1)
(279 69 65 1/2 0)
(559/2 67 64 1/2 0)
(280 57 58 1 1)
(280 69 65 1/2 0)
(561/2 70 66 1/2 0)
(281 60 60 1 1)
(281 69 65 1/2 0)
(563/2 65 63 1/2 0)
(282 45 51 1/2 1)
(282 69 65 1 0)
(282 69 65 3 0)
(565/2 44 50 1/2 1)
(283 45 51 1/2 1)
(283 72 67 1 0)
(567/2 41 49 1/2 1)
(284 43 50 1/2 1)
(284 77 70 1 0)
(569/2 45 51 1/2 1)
(285 46 52 1/2 1)
(285 67 64 1 0)
(285 67 64 3 0)
(571/2 45 51 1/2 1)
(286 46 52 1/2 1)
(286 74 68 1 0)
(573/2 43 50 1/2 1)
(287 45 51 1/2 1)
(287 77 70 1 0)
(575/2 47 52 1/2 1)
(288 48 53 1/2 1)
(288 67 64 3 0)
(577/2 47 52 1/2 1)
(289 48 53 1/2 1)
(289 77 70 1 0)
(579/2 45 51 1/2 1)
(290 47 52 1/2 1)
(290 76 69 1 0)
(581/2 49 53 1/2 1)
(291 50 54 1/2 1)
(291 65 63 2 0)
(583/2 45 51 1/2 1)
(292 47 52 1/2 1)
(292 74 68 1 0)
(585/2 43 50 1/2 1)
(293 48 53 1/2 1)
(293 64 62 1 0)
(293 72 67 1 0)
(587/2 42 49 1/2 1)
(294 43 50 2 1)
(589/2 67 64 1/2 0)
(295 64 62 1/2 0)
(591/2 60 60 1/2 0)
(296 31 43 1 1)
(296 59 59 1/2 0)
(296 65 63 1/2 0)
(593/2 62 61 1/2 0)
(297 36 46 1 1)
(297 60 60 1 0)
(298 48 53 1 1)
(299 60 60 1 0)
(300 48 53 10 1)
(300 60 60 3 1)
(300 64 62 1/2 0)
(601/2 62 61 1/2 0)
(301 64 62 1/2 0)
(603/2 60 60 1/2 0)
(302 62 61 1/2 0)
(605/2 64 62 1/2 0)
(303 59 59 3 1)
(303 65 63 1/2 0)
(607/2 64 62 1/2 0)
(304 65 63 1/2 0)
(609/2 62 61 1/2 0)
(305 64 62 1/2 0)
(611/2 65 63 1/2 0)
(306 58 59 3 1)
(306 67 64 1/2 0)
(613/2 66 63 1/2 0)
(307 67 64 1/2 0)
(615/2 64 62 1/2 0)
(308 65 63 1/2 0)
(617/2 67 64 1/2 0)
(309 57 58 1 1)
(309 69 65 1/2 0)
(619/2 65 63 1/2 0)
(310 69 65 1/2 0)
(621/2 72 67 1/2 0)
(311 77 70 1/2 0)
(623/2 81 72 1/2 0)
(312 64 62 1/2 1)
(312 72 67 3 0)
(312 84 74 3 0)
(625/2 62 61 1/2 1)
(313 64 62 1/2 1)
(627/2 60 60 1/2 1)
(314 62 61 1/2 1)
(629/2 64 62 1/2 1)
(315 65 63 1/2 1)
(315 71 66 3 0)
(315 83 73 3 0)
(631/2 64 62 1/2 1)
(316 65 63 1/2 1)
(633/2 62 61 1/2 1)
(317 64 62 1/2 1)
(635/2 65 63 1/2 1)
(318 67 64 1/2 1)
(318 70 66 1 0)
(318 82 73 1 0)
(637/2 65 63 1/2 1)
(319 67 64 1/2 1)
(639/2 64 62 1/2 1)
(639/2 67 64 1/2 0)
(320 65 63 1/2 1)
(320 69 65 1/2 0)
(641/2 67 64 1/2 1)
(641/2 70 66 1/2 0)
(321 69 65 1/2 1)
(321 72 67 1/2 0)
(643/2 67 64 1/2 1)
(643/2 70 66 1/2 0)
(322 69 65 1/2 1)
(322 72 67 1/2 0)
(645/2 65 63 1/2 1)
(645/2 69 65 1/2 0)
(323 67 64 1/2 1)
(323 70 66 1/2 0)
(647/2 69 65 1/2 1)
(647/2 72 67 1/2 0)
(324 70 66 1/2 1)
(324 74 68 1/2 0)
(649/2 69 65 1/2 1)
(649/2 72 67 1/2 0)
(325 70 66 1/2 1)
(325 74 68 1/2 0)
(651/2 67 64 1/2 1)
(651/2 70 66 1/2 0)
(651/2 76 69 1/2 0)
(326 69 65 1/2 1)
(326 72 67 1/2 0)
(326 77 70 1/2 0)
(653/2 70 66 1/2 1)
(653/2 74 68 1/2 0)
(653/2 79 71 1/2 0)
(327 72 67 1/2 1)
(327 76 69 1/2 0)
(327 81 72 1/2 0)
(655/2 70 66 1/2 1)
(655/2 74 68 1/2 0)
(655/2 79 71 1/2 0)
(328 72 67 1/2 1)
(328 76 69 1/2 0)
(328 81 72 1/2 0)
(657/2 69 65 1/2 1)
(657/2 72 67 1/2 0)
(657/2 77 70 1/2 0)
(329 70 66 1/2 1)
(329 74 68 1/2 0)
(329 79 71 1/2 0)
(659/2 72 67 1/2 1)
(659/2 76 69 1/2 0)
(659/2 81 72 1/2 0)
(330 74 68 1/2 1)
(330 77 70 1/2 0)
(330 82 73 1/2 0)
(661/2 72 67 1/2 1)
(661/2 76 69 1/2 0)
(661/2 81 72 1/2 0)
(331 70 66 1/2 1)
(331 74 68 1/2 0)
(331 79 71 1/2 0)
(663/2 72 67 1/2 1)
(663/2 76 69 1/2 0)
(663/2 81 72 1/2 0)
(332 70 66 1/2 1)
(332 74 68 1/2 0)
(332 79 71 1/2 0)
(665/2 69 65 1/2 1)
(665/2 72 67 1/2 0)
(665/2 77 70 1/2 0)
(333 67 64 1/2 1)
(333 70 66 1/2 0)
(333 76 69 1/2 0)
(667/2 69 65 1/2 1)
(667/2 72 67 1/2 0)
(667/2 77 70 1/2 0)
(334 67 64 1/2 1)
(334 70 66 1/2 0)
(334 76 69 1/2 0)
(669/2 65 63 1/2 1)
(669/2 69 65 1/2 0)
(669/2 74 68 1/2 0)
(335 64 62 1/2 1)
(335 67 64 1/2 0)
(335 72 67 1/2 0)
(671/2 65 63 1/2 1)
(671/2 69 65 1/2 0)
(671/2 74 68 1/2 0)
(336 64 62 3 1)
(336 67 64 3 0)
(336 72 67 3 0)
(339 62 61 3 1)
(339 65 63 3 0)
(339 71 66 3 0)
(342 60 60 3 1)
(342 64 62 3 0)
(342 70 66 3 0)
(345 53 56 1 1)
(345 69 65 1/2 0)
(691/2 67 64 1/2 0)
(346 57 58 1 1)
(346 69 65 1/2 0)
(693/2 65 63 1/2 0)
(347 60 60 1 1)
(347 67 64 1/2 0)
(695/2 69 65 1/2 0)
(348 62 61 1 1)
(348 70 66 1/2 0)
(697/2 69 65 1/2 0)
(349 55 57 1 1)
(349 70 66 1/2 0)
(699/2 67 64 1/2 0)
(350 53 56 1 1)
(350 69 65 1/2 0)
(701/2 71 66 1/2 0)
(351 52 55 1 1)
(351 72 67 1/2 0)
(703/2 71 66 1/2 0)
(352 55 57 1 1)
(352 72 67 1/2 0)
(705/2 74 68 1/2 0)
(353 60 60 1 1)
(353 72 67 1/2 0)
(707/2 70 66 1/2 0)
(354 53 56 1 1)
(354 69 65 1/2 0)
(709/2 67 64 1/2 0)
(355 57 58 1 1)
(355 69 65 1/2 0)
(711/2 70 66 1/2 0)
(356 60 60 1 1)
(356 69 65 1/2 0)
(713/2 65 63 1/2 0)
(357 45 51 1/2 1)
(357 69 65 1 0)
(715/2 44 50 1/2 1)
(358 45 51 1/2 1)
(358 72 67 1 0)
(717/2 41 49 1/2 1)
(359 43 50 1/2 1)
(359 77 70 1 0)
(719/2 45 51 1/2 1)
(360 46 52 1/2 1)
(360 74 68 1 0)
(721/2 45 51 1/2 1)
(361 46 52 1/2 1)
(361 67 64 1 0)
(723/2 43 50 1/2 1)
(362 45 51 1/2 1)
(362 65 63 1 0)
(725/2 47 52 1/2 1)
(363 48 53 1/2 1)
(363 64 62 1 0)
(727/2 47 52 1/2 1)
(364 48 53 1/2 1)
(364 67 64 1 0)
(729/2 46 52 1/2 1)
(365 45 51 1/2 1)
(365 72 67 1 0)
(731/2 43 50 1/2 1)
(366 41 49 1 1)
(366 65 63 1 0)
(367 53 56 1 1)
(368 60 60 1 0)
(369 48 53 10 1)
(369 60 60 3 1)
(369 64 62 1/2 0)
(739/2 62 61 1/2 0)
(370 64 62 1/2 0)
(741/2 60 60 1/2 0)
(371 62 61 1/2 0)
(743/2 64 62 1/2 0)
(372 59 59 3 1)
(372 65 63 1/2 0)
(745/2 64 62 1/2 0)
(373 65 63 1/2 0)
(747/2 62 61 1/2 0)
(374 64 62 1/2 0)
(749/2 65 63 1/2 0)
(375 58 59 3 1)
(375 67 64 1/2 0)
(751/2 66 63 1/2 0)
(376 67 64 1/2 0)
(753/2 64 62 1/2 0)
(377 65 63 1/2 0)
(755/2 67 64 1/2 0)
(378 57 58 1 1)
(378 69 65 1/2 0)
(757/2 65 63 1/2 0)
(379 69 65 1/2 0)
(759/2 72 67 1/2 0)
(380 77 70 1/2 0)
(761/2 81 72 1/2 0)
(381 64 62 1/2 1)
(381 72 67 3 0)
(381 84 74 3 0)
(763/2 62 61 1/2 1)
(382 64 62 1/2 1)
(765/2 60 60 1/2 1)
(383 62 61 1/2 1)
(767/2 64 62 1/2 1)
(384 65 63 1/2 1)
(384 71 66 3 0)
(384 83 73 3 0)
(769/2 64 62 1/2 1)
(385 65 63 1/2 1)
(771/2 62 61 1/2 1)
(386 64 62 1/2 1)
(773/2 65 63 1/2 1)
(387 67 64 1/2 1)
(387 70 66 1 0)
(387 82 73 1 0)
(775/2 65 63 1/2 1)
(388 67 64 1/2 1)
(777/2 64 62 1/2 1)
(777/2 67 64 1/2 0)
(389 65 63 1/2 1)
(389 69 65 1/2 0)
(779/2 67 64 1/2 1)
(779/2 70 66 1/2 0)
(390 69 65 1/2 1)
(390 72 67 1/2 0)
(781/2 67 64 1/2 1)
(781/2 70 66 1/2 0)
(391 69 65 1/2 1)
(391 72 67 1/2 0)
(783/2 65 63 1/2 1)
(783/2 69 65 1/2 0)
(392 67 64 1/2 1)
(392 70 66 1/2 0)
(785/2 69 65 1/2 1)
(785/2 72 67 1/2 0)
(393 70 66 1/2 1)
(393 74 68 1/2 0)
(787/2 69 65 1/2 1)
(787/2 72 67 1/2 0)
(394 70 66 1/2 1)
(394 74 68 1/2 0)
(789/2 67 64 1/2 1)
(789/2 70 66 1/2 0)
(789/2 76 69 1/2 0)
(395 69 65 1/2 1)
(395 72 67 1/2 0)
(395 77 70 1/2 0)
(791/2 70 66 1/2 1)
(791/2 74 68 1/2 0)
(791/2 79 71 1/2 0)
(396 72 67 1/2 1)
(396 76 69 1/2 0)
(396 81 72 1/2 0)
(793/2 70 66 1/2 1)
(793/2 74 68 1/2 0)
(793/2 79 71 1/2 0)
(397 72 67 1/2 1)
(397 76 69 1/2 0)
(397 81 72 1/2 0)
(795/2 69 65 1/2 1)
(795/2 72 67 1/2 0)
(795/2 77 70 1/2 0)
(398 70 66 1/2 1)
(398 74 68 1/2 0)
(398 79 71 1/2 0)
(797/2 72 67 1/2 1)
(797/2 76 69 1/2 0)
(797/2 81 72 1/2 0)
(399 74 68 1/2 1)
(399 77 70 1/2 0)
(399 82 73 1/2 0)
(799/2 72 67 1/2 1)
(799/2 76 69 1/2 0)
(799/2 81 72 1/2 0)
(400 70 66 1/2 1)
(400 74 68 1/2 0)
(400 79 71 1/2 0)
(801/2 72 67 1/2 1)
(801/2 76 69 1/2 0)
(801/2 81 72 1/2 0)
(401 70 66 1/2 1)
(401 74 68 1/2 0)
(401 79 71 1/2 0)
(803/2 69 65 1/2 1)
(803/2 72 67 1/2 0)
(803/2 77 70 1/2 0)
(402 67 64 1/2 1)
(402 70 66 1/2 0)
(402 76 69 1/2 0)
(805/2 69 65 1/2 1)
(805/2 72 67 1/2 0)
(805/2 77 70 1/2 0)
(403 67 64 1/2 1)
(403 70 66 1/2 0)
(403 76 69 1/2 0)
(807/2 65 63 1/2 1)
(807/2 69 65 1/2 0)
(807/2 74 68 1/2 0)
(404 64 62 1/2 1)
(404 67 64 1/2 0)
(404 72 67 1/2 0)
(809/2 65 63 1/2 1)
(809/2 69 65 1/2 0)
(809/2 74 68 1/2 0)
(405 64 62 3 1)
(405 67 64 3 0)
(405 72 67 3 0)
(408 62 61 3 1)
(408 65 63 3 0)
(408 71 66 3 0)
(411 60 60 3 1)
(411 64 62 3 0)
(411 70 66 3 0)
(414 53 56 1 1)
(414 69 65 1/2 0)
(829/2 67 64 1/2 0)
(415 57 58 1 1)
(415 69 65 1/2 0)
(831/2 65 63 1/2 0)
(416 60 60 1 1)
(416 67 64 1/2 0)
(833/2 69 65 1/2 0)
(417 62 61 1 1)
(417 70 66 1/2 0)
(835/2 69 65 1/2 0)
(418 55 57 1 1)
(418 70 66 1/2 0)
(837/2 67 64 1/2 0)
(419 53 56 1 1)
(419 69 65 1/2 0)
(839/2 71 66 1/2 0)
(420 52 55 1 1)
(420 72 67 1/2 0)
(841/2 71 66 1/2 0)
(421 55 57 1 1)
(421 72 67 1/2 0)
(843/2 74 68 1/2 0)
(422 60 60 1 1)
(422 72 67 1/2 0)
(845/2 70 66 1/2 0)
(423 53 56 1 1)
(423 69 65 1/2 0)
(847/2 67 64 1/2 0)
(424 57 58 1 1)
(424 69 65 1/2 0)
(849/2 70 66 1/2 0)
(425 60 60 1 1)
(425 69 65 1/2 0)
(851/2 65 63 1/2 0)
(426 45 51 1/2 1)
(426 69 65 1 0)
(853/2 44 50 1/2 1)
(427 45 51 1/2 1)
(427 72 67 1 0)
(855/2 41 49 1/2 1)
(428 43 50 1/2 1)
(428 77 70 1 0)
(857/2 45 51 1/2 1)
(429 46 52 1/2 1)
(429 74 68 1 0)
(859/2 45 51 1/2 1)
(430 46 52 1/2 1)
(430 67 64 1 0)
(861/2 43 50 1/2 1)
(431 45 51 1/2 1)
(431 65 63 1 0)
(863/2 47 52 1/2 1)
(432 48 53 1/2 1)
(432 64 62 1 0)
(865/2 47 52 1/2 1)
(433 48 53 1/2 1)
(433 67 64 1 0)
(867/2 46 52 1/2 1)
(434 45 51 1/2 1)
(434 72 67 1 0)
(869/2 43 50 1/2 1)
(435 41 49 1 1)
(435 65 63 1 0)
(436 53 56 1 1)
(437 60 60 1 0)
(437 68 65 1 0)
(438 61 61 1 0)
(438 70 66 1 0)
(439 58 59 1 0)
(439 67 64 1 0)
(440 53 56 1 1)
(441 60 60 1 0)
(441 68 65 1 0)
(442 56 58 1 0)
(442 65 63 1 0)
(443 53 56 1 1)
(443 56 58 1 1)
(443 60 60 1 0)
(443 65 63 1 0)
(444 55 57 1 1)
(444 58 59 1 1)
(444 60 60 1 0)
(444 64 62 1 0)
(445 53 56 1 1)
(445 56 58 1 1)
(445 60 60 1 0)
(445 65 63 1 0)
(446 52 55 1 1)
(446 55 57 1 1)
(446 60 60 1 0)
(446 67 64 1 0)
(447 53 56 2 1)
(447 56 58 2 1)
(447 60 60 2 0)
(447 70 66 1 0)
(448 68 65 1 0)
(449 63 62 1 0)
(449 72 67 1 0)
(450 65 63 1 0)
(450 73 68 1 0)
(451 61 61 1 0)
(451 70 66 1 0)
(452 44 51 1 1)
(452 56 58 1 1)
(453 63 62 1 0)
(453 72 67 1 0)
(454 60 60 1 0)
(454 68 65 1 0)
(455 56 58 1 1)
(455 60 60 1 1)
(455 63 62 1 0)
(455 68 65 1 0)
(456 58 59 1 1)
(456 61 61 1 1)
(456 63 62 1 0)
(456 67 64 1 0)
(457 56 58 1 1)
(457 60 60 1 1)
(457 63 62 1 0)
(457 68 65 1 0)
(458 55 57 1 1)
(458 58 59 1 1)
(458 63 62 1 0)
(458 70 66 1 0)
(459 56 58 2 1)
(459 60 60 2 1)
(459 63 62 2 0)
(459 73 68 1 0)
(460 72 67 1 0)
(461 60 60 1 1)
(461 63 62 1 1)
(461 68 65 1 0)
(461 75 69 1 0)
(462 58 59 1 1)
(462 61 61 1 1)
(462 67 64 1 0)
(462 75 69 1 0)
(463 56 58 1 1)
(463 60 60 1 1)
(463 68 65 1 0)
(463 75 69 1 0)
(464 55 57 1 1)
(464 58 59 1 1)
(464 70 66 1 0)
(464 75 69 1 0)
(465 56 58 2 1)
(465 73 68 1 0)
(465 75 69 2 0)
(466 72 67 1 0)
(467 49 54 1 1)
(467 58 59 1 1)
(467 77 70 1 0)
(468 51 55 2 1)
(468 60 60 2 1)
(468 68 65 2 0)
(470 51 55 1 1)
(470 61 61 1 1)
(470 67 64 1 0)
(470 70 66 1 0)
(471 56 58 1 1)
(471 60 60 1 1)
(471 68 65 1 0)
(473 79 71 1/2 0)
(947/2 77 70 1/2 0)
(474 51 55 2 1)
(474 60 60 2 1)
(474 68 65 2 0)
(476 51 55 1 1)
(476 61 61 1 1)
(476 67 64 1 0)
(476 70 66 1 0)
(477 56 58 1 1)
(477 60 60 1 1)
(477 68 65 1 0)
(479 72 67 1 0)
(479 75 69 1 0)
(480 73 68 1 0)
(480 76 70 1 0)
(481 55 57 1 1)
(481 58 59 1 1)
(481 70 66 1 0)
(481 73 68 1 0)
(482 58 59 1 1)
(482 61 61 1 1)
(483 72 67 1 0)
(483 75 69 1 0)
(484 56 58 1 1)
(484 60 60 1 1)
(484 68 65 1 0)
(484 72 67 1 0)
(485 60 60 1 1)
(485 63 62 1 1)
(486 75 69 1 0)
(486 78 71 1 0)
(487 57 58 1 1)
(487 60 60 1 1)
(487 72 67 1 0)
(487 75 69 1 0)
(488 60 60 1 1)
(488 63 62 1 1)
(489 73 68 1 0)
(489 77 70 1 0)
(490 58 59 1 1)
(490 61 61 1 1)
(490 70 66 1 0)
(490 73 68 1 0)
(491 61 61 1 1)
(491 65 63 1 1)
(492 53 56 2 1)
(492 61 61 2 1)
(492 65 63 2 0)
(492 70 66 2 0)
(494 53 56 1 1)
(494 63 62 1 1)
(494 69 65 1 0)
(494 72 67 1 0)
(495 58 59 1 1)
(495 61 61 1 1)
(495 70 66 1 0)
(497 78 71 1/2 0)
(995/2 77 70 1/2 0)
(498 53 56 2 1)
(498 61 61 2 1)
(498 70 66 2 0)
(500 53 56 1 1)
(500 63 62 1 1)
(500 69 65 1 0)
(500 72 67 1 0)
(501 58 59 1 1)
(501 61 61 1 1)
(501 70 66 1 0)
(503 53 56 1 1)
(503 63 62 1 1)
(503 69 65 1/2 0)
(503 73 68 1/2 0)
(1007/2 72 67 1/2 0)
(504 58 59 1 1)
(504 61 61 1 1)
(504 70 66 1 0)
(506 53 56 1 1)
(506 63 62 1 1)
(506 69 65 1/2 0)
(506 73 68 1/2 0)
(1013/2 72 67 1/2 0)
(507 58 59 1 1)
(507 61 61 1 1)
(507 70 66 1 0)
(509 61 61 1/2 1)
(509 73 68 1/2 0)
(1019/2 60 60 1/2 1)
(1019/2 72 67 1/2 0)
(510 58 59 1/2 1)
(510 70 66 1/2 0)
(1021/2 60 60 1/2 1)
(1021/2 72 67 1/2 0)
(511 61 61 1/2 1)
(511 73 68 1/2 0)
(1023/2 60 60 1/2 1)
(1023/2 72 67 1/2 0)
(512 58 59 1/2 1)
(512 70 66 1/2 0)
(1025/2 60 60 1/2 1)
(1025/2 72 67 1/2 0)
(513 58 59 1/2 1)
(513 70 66 1/2 0)
(1027/2 56 58 1/2 1)
(1027/2 68 65 1/2 0)
(514 55 57 1/2 1)
(514 67 64 1/2 0)
(1029/2 56 58 1/2 1)
(1029/2 68 65 1/2 0)
(515 55 57 1/2 1)
(515 67 64 1/2 0)
(1031/2 53 56 1/2 1)
(1031/2 65 63 1/2 0)
(516 52 55 1/2 1)
(516 64 62 1/2 0)
(1033/2 53 56 1/2 1)
(1033/2 65 63 1/2 0)
(517 55 57 1/2 1)
(517 67 64 1/2 0)
(1035/2 53 56 1/2 1)
(1035/2 65 63 1/2 0)
(518 56 58 1/2 1)
(518 68 65 1/2 0)
(1037/2 47 52 1/2 1)
(1037/2 59 59 1/2 0)
(519 48 53 1 1)
(519 60 60 1 0)
(520 60 60 1 1)
(521 60 60 1 1)
(521 68 65 1 1)
(522 61 61 1 1)
(522 70 66 1 1)
(523 58 59 1 1)
(523 67 64 1 1)
(524 58 59 1 1)
(524 67 64 1 1)
(524 76 69 1 0)
(525 60 60 1 1)
(525 68 65 1 1)
(525 77 70 1 0)
(526 56 58 1 1)
(526 65 63 1 1)
(526 80 72 1 0)
(527 53 56 1 1)
(527 56 58 1 1)
(527 84 74 1 0)
(528 52 55 1 1)
(528 55 57 1 1)
(528 85 75 1 0)
(529 55 57 1 1)
(529 58 59 1 1)
(529 82 73 1 0)
(530 55 57 1 1)
(530 58 59 1 1)
(530 82 73 1 0)
(531 53 56 1 1)
(531 56 58 1 1)
(531 84 74 1 0)
(532 56 58 1 1)
(532 60 60 1 1)
(532 80 72 1 0)
(533 56 58 1 1)
(533 60 60 1 1)
(533 65 63 1 1)
(533 80 72 1 0)
(534 55 57 1 1)
(534 58 59 1 1)
(534 64 62 1 1)
(534 82 73 1 0)
(535 58 59 1 1)
(535 61 61 1 1)
(535 64 62 1 1)
(535 79 71 1 0)
(536 58 59 1 1)
(536 61 61 1 1)
(536 64 62 1 1)
(536 79 71 1 0)
(537 59 59 2 1)
(537 62 61 2 1)
(537 65 63 1 1)
(537 80 72 1 0)
(538 68 65 1 1)
(538 77 70 1 0)
(539 59 59 1 1)
(539 62 61 1 1)
(539 68 65 1 1)
(539 77 70 1 0)
(540 60 60 2 1)
(540 68 65 2 1)
(540 77 70 2 0)
(542 60 60 1 1)
(542 70 66 1 1)
(542 76 69 1 0)
(542 79 71 1 0)
(543 65 63 1 1)
(543 68 65 1 1)
(543 77 70 1 0)
(545 75 69 1/2 0)
(1091/2 73 68 1/2 0)
(546 48 53 2 1)
(546 56 58 2 1)
(546 65 63 2 0)
(548 48 53 1 1)
(548 58 59 1 1)
(548 64 62 1 0)
(548 67 64 1 0)
(549 53 56 1 1)
(549 56 58 1 1)
(549 65 63 1 0)
(552 36 46 3 1)
(552 48 53 3 1)
(552 52 55 3 0)
(552 55 57 3 0)
(552 60 60 3 0)
(555 41 49 1 1)
(555 53 56 1 0)
