(1.12 45 51)
(1.12 48 53)
(1.12 51 55)
(1.12 53 56)
(1.12 60 60)
(1.12 72 67)
(1.12 79 71)
(2.23 45 51)
(2.23 48 53)
(2.23 53 56)
(2.23 57 58)
(2.23 60 60)
(2.23 65 63)
(2.23 72 67)
(3.34 74 68)
(3.35 48 53)
(3.35 50 54)
(3.35 55 57)
(3.35 65 63)
(3.9 53 56)
(3.91 41 49)
(4.45 36 46)
(4.45 48 53)
(4.45 55 57)
(4.45 64 62)
(4.45 72 67)
(6.12 48 53)
(6.12 53 56)
(6.12 65 63)
(6.68 52 55)
(6.68 64 62)
(6.68 67 64)
(7.79 48 53)
(7.79 69 65)
(7.79 72 67)
(7.79 78 70)
(7.79 81 72)
(7.8 45 51)
(8.9 34 45)
(8.9 46 52)
(8.9 50 54)
(8.9 74 68)
(10.01 46 52)
(10.01 58 59)
(10.01 70 66)
(10.57 48 53)
(10.57 52 55)
(10.57 64 62)
(10.57 72 67)
(11.12 50 54)
(11.12 53 56)
(11.12 62 61)
(11.12 65 63)
(11.12 70 66)
(11.12 74 68)
(11.68 48 53)
(11.68 55 57)
(11.68 83 73)
(12.23 45 51)
(12.23 48 53)
(12.23 51 55)
(12.23 53 56)
(12.23 57 58)
(12.23 60 60)
(12.23 72 67)
(12.79 46 52)
(12.79 58 59)
(12.79 70 66)
(13.35 48 53)
(13.35 64 62)
(13.35 67 64)
(13.9 62 61)
(13.9 74 68)
(14.46 48 53)
(14.46 64 62)
(14.46 76 69)
(15.01 50 54)
(15.01 65 63)
(15.57 52 55)
(15.57 64 62)
(15.57 67 64)
(15.57 76 69)
(16.12 34 45)
(16.12 46 52)
(16.12 50 54)
(16.12 53 56)
(16.68 52 55)
(16.68 55 57)
(16.68 64 62)
(16.68 83 73)
(17.24 53 56)
(17.24 65 63)
(17.25 55 57)
(17.79 43 50)
(17.79 48 53)
(17.79 71 66)
(18.9 46 52)
(18.9 62 61)
(19.45 60 60)
(19.45 72 67)
(19.45 79 71)
(20.01 34 45)
(20.01 46 52)
(20.01 50 54)
(20.01 58 59)
(20.01 74 68)
(20.58 48 53)
(20.58 64 62)
(21.12 50 54)
(21.12 53 56)
(21.12 65 63)
(21.12 69 65)
(22.23 48 53)
(22.23 52 55)
(22.23 55 57)
(22.23 64 62)
(22.23 72 67)
(22.78 48 53)
(22.78 60 60)
(22.78 67 64)
(23.34 45 51)
(23.34 60 60)
(23.34 65 63)
(23.34 72 67)
(24.45 46 52)
(24.45 55 57)
(24.45 62 61)
(24.45 67 64)
(25.56 36 46)
(25.56 48 53)
(25.56 55 57)
(25.56 64 62)
(25.56 72 67)
(26.12 65 63)
(26.12 77 70)
(26.67 41 49)
(26.67 51 55)
(26.67 72 67)
(27.79 45 51)
(27.79 53 56)
(27.79 69 65)
(29.45 45 51)
(29.45 53 56)
(29.45 69 65)
(30.01 48 53)
(30.01 52 55)
(30.01 60 60)
(30.01 64 62)
(30.01 67 64)
(31.12 41 49)
(31.12 46 52)
(31.12 50 54)
(31.12 53 56)
(31.12 65 63)
(31.67 60 60)
(31.67 72 67)
(32.23 58 59)
(32.23 77 70)
(32.24 50 54)
(32.24 62 61)
(32.79 55 57)
(32.79 64 62)
(33.34 57 58)
(33.9 58 59)
(33.9 67 64)
(33.9 77 70)
(34.45 48 53)
(34.45 57 58)
(34.45 69 65)
(34.45 72 67)
(34.45 76 69)
(34.45 79 71)
(35.57 46 52)
(35.57 62 61)
(36.12 46 52)
(36.68 58 59)
(36.68 70 66)
(37.24 60 60)
(37.24 64 62)
(37.79 62 61)
(37.79 65 63)
(38.35 64 62)
(38.35 67 64)
(38.35 76 69)
(38.89 57 58)
(38.89 65 63)
(38.89 69 65)
(38.89 72 67)
(39.45 60 60)
(39.45 65 63)
(39.45 72 67)
(39.45 77 70)
(40.0 55 57)
(40.0 63 62)
(40.0 71 66)
(40.01 67 64)
(41.12 60 60)
(41.12 63 62)
(41.12 67 64)
(41.12 72 67)
(41.12 75 69)
(41.12 79 71)
(42.23 62 61)
(42.23 74 68)
(43.34 59 59)
(43.34 67 64)
(43.34 71 66)
(43.9 72 67)
(44.45 48 53)
(44.45 60 60)
(44.45 64 62)
(44.45 67 64)
(44.45 72 67)
(45.56 53 56)
(45.56 57 58)
(45.56 60 60)
(45.56 65 63)
(45.56 72 67)
(46.68 58 59)
(46.68 62 61)
(46.68 67 64)
(46.68 71 66)
(47.78 52 55)
(47.78 72 67)
(47.78 79 71)
(47.79 60 60)
(48.34 67 64)
(48.9 53 56)
(48.9 57 58)
(48.9 69 65)
(48.9 72 67)
(50.01 50 54)
(50.01 62 61)
(50.01 65 63)
(50.56 65 63)
(51.12 51 55)
(51.12 55 57)
(51.12 63 62)
(51.12 67 64)
(51.12 70 66)
(51.68 55 57)
(52.23 46 52)
(52.23 62 61)
(52.23 72 67)
(52.78 65 63)
(52.78 77 70)
(53.34 48 53)
(53.34 64 62)
(53.34 67 64)
(54.45 57 58)
(54.45 65 63)
(54.45 69 65)
(55.01 70 66)
(55.56 48 53)
(55.56 55 57)
(55.56 60 60)
(55.56 72 67)
(56.68 48 53)
(56.68 64 62)
(56.68 76 69)
(57.22 70 66)
(57.78 41 49)
(57.78 53 56)
(57.78 72 67)
(57.79 69 65)
(58.89 69 65)
(58.9 53 56)
(60.56 53 56)
(60.56 69 65)
(61.12 48 53)
(61.12 52 55)
(61.12 60 60)
(61.12 64 62)
(61.12 67 64)
(61.12 72 67)
(62.23 50 54)
(62.23 53 56)
(62.23 65 63)
(62.78 72 67)
(62.79 60 60)
(63.35 50 54)
(63.35 58 59)
(63.35 62 61)
(63.35 77 70)
(63.9 55 57)
(63.9 64 62)
(64.45 57 58)
(64.45 65 63)
(65.01 58 59)
(65.01 67 64)
(65.01 77 70)
(65.56 48 53)
(65.56 57 58)
(65.56 69 65)
(65.56 72 67)
(65.56 76 69)
(65.56 79 71)
(66.68 46 52)
(66.68 62 61)
(67.23 46 52)
(67.79 58 59)
(67.79 70 66)
(68.35 60 60)
(68.35 64 62)
(68.9 62 61)
(68.9 65 63)
(69.46 64 62)
(69.46 67 64)
(69.46 76 69)
(70.01 57 58)
(70.01 65 63)
(70.01 69 65)
(70.01 72 67)
(70.56 60 60)
(70.56 65 63)
(70.56 72 67)
(70.56 77 70)
(71.11 55 57)
(71.11 63 62)
(71.11 71 66)
(71.12 67 64)
(72.23 60 60)
(72.23 63 62)
(72.23 67 64)
(72.23 72 67)
(72.23 75 69)
(72.23 79 71)
(73.34 62 61)
(73.34 74 68)
(74.45 59 59)
(74.45 67 64)
(74.45 71 66)
(75.01 72 67)
(75.56 48 53)
(75.56 60 60)
(75.56 64 62)
(75.56 67 64)
(75.56 72 67)
(76.67 53 56)
(76.67 57 58)
(76.67 60 60)
(76.67 65 63)
(76.67 72 67)
(77.79 58 59)
(77.79 62 61)
(77.79 67 64)
(78.89 52 55)
(78.89 72 67)
(78.89 79 71)
(78.9 60 60)
(79.45 67 64)
(80.01 53 56)
(80.01 57 58)
(80.01 69 65)
(80.01 72 67)
(81.12 50 54)
(81.12 62 61)
(81.12 65 63)
(81.12 77 70)
(81.67 65 63)
(82.23 51 55)
(82.23 55 57)
(82.23 63 62)
(82.23 67 64)
(82.23 70 66)
(82.23 75 69)
(82.79 55 57)
(83.34 46 52)
(83.34 58 59)
(83.34 62 61)
(83.9 65 63)
(83.9 77 70)
(84.45 48 53)
(84.45 64 62)
(84.45 67 64)
(85.56 57 58)
(85.56 65 63)
(85.56 69 65)
(86.12 70 66)
(86.67 55 57)
(86.67 60 60)
(86.67 72 67)
(87.79 48 53)
(87.79 64 62)
(87.79 76 69)
(88.33 70 66)
(88.9 41 49)
(88.9 53 56)
(88.9 65 63)
(88.9 69 65)
(88.9 72 67)
