(467 80)
(468 79)
(469 78)
(470 77)
(471 76)
(472 75)
(473 74)
(474 51)
(475 72)
(476 73)
(477 70)
(955/2 69)
(478 67)
(957/2 65)
(479 70)
(480 75)
(481 74)
(1927/4 72)
(482 74)
(1931/4 75)
(483 74)
(484 72)
(485 62)
(1943/4 63)
(486 60)
(973/2 58)
(487 77)
(488 77)
(489 77)
(491 63)
(1967/4 65)
(492 62)
(985/2 60)
(493 87)
(494 87)
(495 86)
(497 74)
(1991/4 75)
(498 77)
(997/2 79)
(499 75)
(999/2 72)
(500 74)
(1001/2 75)
(501 77)
(1003/2 79)
(502 75)
(1005/2 72)
(503 74)
(1007/2 75)
(504 77)
(1009/2 87)
(505 86)
(1011/2 84)
(506 82)
(1013/2 81)
(507 79)
(1015/2 77)
(508 76)
(1017/2 75)
(509 74)
(1019/2 72)
(510 77)
(2043/4 79)
(511 70)
(512 69)
(513 70)
(514 46)
(515 79)
(2063/4 77)
(516 77)
(517 70)
(518 81)
(2075/4 82)
(519 82)
(520 58)
(521 74)
(2087/4 70)
(522 75)
(524 72)
(2099/4 69)
(525 70)
(526 46)
