(41 60)
(41 68)
(42 61)
(42 70)
(43 58)
(43 67)
(44 53)
(45 60)
(45 68)
(46 56)
(46 65)
(47 53)
(47 56)
(47 60)
(47 65)
(48 55)
(48 58)
(48 60)
(48 64)
(49 53)
(49 56)
(49 60)
(49 65)
(50 52)
(50 55)
(50 60)
(50 67)
(51 53)
(51 56)
(51 60)
(51 70)
(52 68)
(53 63)
(53 72)
(54 65)
(54 73)
(55 61)
(55 70)
(56 44)
(56 56)
(57 63)
(57 72)
(58 60)
(58 68)
(59 56)
(59 60)
(59 63)
(59 68)
(60 58)
(60 61)
(60 63)
(60 67)
(61 56)
(61 60)
(61 63)
(61 68)
(62 55)
(62 58)
(62 63)
(62 70)
(63 56)
(63 60)
(63 63)
(63 73)
(64 72)
(65 60)
(65 63)
(65 68)
(65 75)
(66 58)
(66 61)
(66 67)
(66 75)
(67 56)
(67 60)
(67 68)
(67 75)
(68 55)
(68 58)
(68 70)
(68 75)
(69 56)
(69 73)
(69 75)
(70 72)
(71 49)
(71 58)
(71 77)
(72 51)
(72 60)
(72 68)
(74 51)
(74 61)
(74 67)
(74 70)
(75 56)
(75 60)
(75 68)
(77 79)
(155/2 77)
(78 51)
(78 60)
(78 68)
(80 51)
(80 61)
(80 67)
(80 70)
(81 56)
(81 60)
(81 68)
(83 72)
(83 75)
(84 73)
(84 76)
(85 55)
(85 58)
(85 70)
(85 73)
(86 58)
(86 61)
(87 72)
(87 75)
(88 56)
(88 60)
(88 68)
(88 72)
(89 60)
(89 63)
(90 75)
(90 78)
(91 57)
(91 60)
(91 72)
(91 75)
(92 60)
(92 63)
(93 73)
(93 77)
(94 58)
(94 61)
(94 70)
(94 73)
(95 61)
(95 65)
(96 53)
(96 61)
(96 65)
(96 70)
(98 53)
(98 63)
(98 69)
(98 72)
(99 58)
(99 61)
(99 70)
(101 78)
(203/2 77)
(102 53)
(102 61)
(102 70)
(104 53)
(104 63)
(104 69)
(104 72)
(105 58)
(105 61)
(105 70)
(107 53)
(107 63)
(107 69)
(107 73)
(215/2 72)
(108 58)
(108 61)
(108 70)
(110 53)
(110 63)
(110 69)
(110 73)
(221/2 72)
(111 58)
(111 61)
(111 70)
(113 61)
(113 73)
(227/2 60)
(227/2 72)
(114 58)
(114 70)
(229/2 60)
(229/2 72)
(115 61)
(115 73)
(231/2 60)
(231/2 72)
(116 58)
(116 70)
(233/2 60)
(233/2 72)
(117 58)
(117 70)
(235/2 56)
(235/2 68)
(118 55)
(118 67)
(237/2 56)
(237/2 68)
(119 55)
(119 67)
(239/2 53)
(239/2 65)
(120 52)
(120 64)
(241/2 53)
(241/2 65)
(121 55)
(121 67)
(243/2 53)
(243/2 65)
(122 56)
(122 68)
(245/2 47)
(245/2 59)
(123 48)
(123 60)
(124 60)
(125 60)
(125 68)
(126 61)
(126 70)
(127 58)
(127 67)
(128 58)
(128 67)
(128 76)
(129 60)
(129 68)
(129 77)
(130 56)
(130 65)
(130 80)
(131 53)
(131 56)
(131 84)
(132 52)
(132 55)
(132 85)
(133 55)
(133 58)
(133 82)
(134 55)
(134 58)
(134 82)
(135 53)
(135 56)
(135 84)
(136 56)
(136 60)
(136 80)
(137 56)
(137 60)
(137 65)
(137 80)
(138 55)
(138 58)
(138 64)
(138 82)
(139 58)
(139 61)
(139 64)
(139 79)
(140 58)
(140 61)
(140 64)
(140 79)
(141 59)
(141 62)
(141 65)
(141 80)
(142 68)
(142 77)
(143 59)
(143 62)
(143 68)
(143 77)
(144 60)
(144 68)
(144 77)
(146 60)
(146 70)
(146 76)
(146 79)
(147 65)
(147 68)
(147 77)
(149 75)
(299/2 73)
(150 48)
(150 56)
(150 65)
(152 48)
(152 58)
(152 64)
(152 67)
(153 53)
(153 56)
(153 65)
(156 36)
(156 48)
(156 52)
(156 55)
(156 60)
(159 41)
(159 53)
