(131 80)
(132 79)
(133 78)
(134 77)
(135 76)
(136 75)
(137 74)
(138 51)
(139 72)
(140 73)
(141 70)
(283/2 69)
(142 67)
(285/2 65)
(143 70)
(144 75)
(145 74)
(583/4 72)
(146 74)
(587/4 75)
(147 74)
(148 72)
(149 62)
(599/4 63)
(150 60)
(301/2 58)
(151 77)
(152 77)
(153 77)
(155 63)
(623/4 65)
(156 62)
(313/2 60)
(157 87)
(158 87)
(159 86)
(161 74)
(647/4 75)
(162 77)
(325/2 79)
(163 75)
(327/2 72)
(164 74)
(329/2 75)
(165 77)
(331/2 79)
(166 75)
(333/2 72)
(167 74)
(335/2 75)
(168 77)
(337/2 87)
(169 86)
(339/2 84)
(170 82)
(341/2 81)
(171 79)
(343/2 77)
(172 76)
(345/2 75)
(173 74)
(347/2 72)
(174 77)
(699/4 79)
(175 70)
(176 69)
(177 70)
(178 46)
(179 79)
(719/4 77)
(180 77)
(181 70)
(182 81)
(731/4 82)
(183 82)
(184 58)
(185 74)
(743/4 70)
(186 75)
(188 72)
(755/4 69)
(189 70)
(190 46)
