(1 72 67 1 0)
(2 72 67 1 0)
(3 74 68 1 0)
(4 76 69 3 0)
(7 77 70 1 0)
(8 74 68 3/2 0)
(19/2 72 67 1/2 0)
(10 70 66 1 0)
(11 69 65 1 0)
(12 67 64 3 0)
(15 67 64 1 0)
(16 70 66 3/2 0)
(35/2 72 67 1/2 0)
(18 74 68 1 0)
(19 69 65 1 0)
(20 72 67 1 0)
(21 65 63 1 0)
(22 67 64 3/2 0)
(47/2 65 63 1/2 0)
(24 65 63 2 0)
(29 77 70 3/2 0)
(61/2 77 70 1/2 0)
(31 76 69 1 0)
(32 74 68 3 0)
(35 72 67 1 0)
(36 71 66 1 0)
(37 72 67 1 0)
(38 74 68 3/2 0)
(79/2 72 67 1/2 0)
(40 72 67 2 0)
(43 79 71 1 0)
(44 72 67 1 0)
(45 77 70 1 0)
(46 70 66 1 0)
(47 74 68 1 0)
(48 67 64 1 0)
(49 69 65 1/2 0)
(99/2 70 66 1/2 0)
(50 72 67 3/2 0)
(103/2 70 66 1/2 0)
(52 69 65 2 0)
(57 77 70 3/2 0)
(117/2 77 70 1/2 0)
(59 76 69 1 0)
(60 74 68 3 0)
(63 72 67 1 0)
(64 71 66 1 0)
(65 72 67 1 0)
(66 74 68 3/2 0)
(135/2 72 67 1/2 0)
(68 72 67 2 0)
(71 79 71 1 0)
(72 72 67 1 0)
(73 77 70 1 0)
(74 70 66 1 0)
(75 74 68 1 0)
(76 67 64 1 0)
(77 69 65 1/2 0)
(155/2 70 66 1/2 0)
(78 72 67 3/2 0)
(159/2 70 66 1/2 0)
(80 69 65 4 0)
(85 60 60 1 1)
(86 65 63 1 1)
(87 65 63 1 1)
(88 64 62 3/2 1)
(179/2 65 63 1/2 1)
(90 67 64 1 1)
(91 69 65 1 1)
(92 65 63 3/2 1)
(187/2 64 62 1/2 1)
(94 62 61 1 1)
(95 60 60 3/2 1)
(193/2 62 61 1/2 1)
(97 64 62 1/2 1)
(195/2 65 63 1/2 1)
(98 67 64 1 1)
(99 55 57 2 1)
(101 62 61 3/2 1)
(205/2 64 62 1/2 1)
(103 65 63 1 1)
(104 64 62 1 1)
(105 65 63 2 1)
(107 64 62 1 1)
(108 65 63 1 1)
(109 69 65 3/2 1)
(221/2 69 65 1/2 1)
(111 67 64 1 1)
(112 65 63 1 1)
(113 62 61 1/2 1)
(227/2 64 62 1/2 1)
(114 65 63 1/2 1)
(229/2 67 64 1/2 1)
(115 69 65 1 1)
(116 62 61 3/2 1)
(235/2 64 62 1/2 1)
(118 65 63 1/2 1)
(237/2 67 64 1/2 1)
(119 69 65 1/2 1)
(239/2 65 63 1/2 1)
(120 67 64 3 1)
(123 67 64 1 1)
(124 64 62 1 1)
(125 65 63 1 1)
(126 67 64 3/2 1)
(255/2 67 64 1/2 1)
(128 69 65 1 1)
(129 65 63 1 1)
(130 67 64 3/2 1)
(263/2 65 63 1/2 1)
(132 64 62 1 1)
(133 65 63 2 1)
(135 64 62 1 1)
(136 65 63 1 1)
(137 69 65 3/2 1)
(277/2 69 65 1/2 1)
(139 67 64 1 1)
(140 65 63 1 1)
(141 62 61 1/2 1)
(283/2 64 62 1/2 1)
(142 65 63 1/2 1)
(285/2 67 64 1/2 1)
(143 69 65 1 1)
(144 62 61 3/2 1)
(291/2 64 62 1/2 1)
(146 65 63 1/2 1)
(293/2 67 64 1/2 1)
(147 69 65 1/2 1)
(295/2 65 63 1/2 1)
(148 67 64 3 1)
(151 67 64 1 1)
(152 64 62 1 1)
(153 65 63 1 1)
(154 67 64 3/2 1)
(311/2 67 64 1/2 1)
(156 69 65 1 1)
(157 65 63 1 1)
(158 67 64 3/2 1)
(319/2 65 63 1/2 1)
(160 64 62 1 1)
(161 65 63 2 1)
(163 64 62 1 1)
(164 65 63 4 1)
(169 60 60 1 2)
(170 60 60 1 2)
(171 59 59 1 2)
(172 60 60 3 2)
(175 60 60 1 2)
(176 58 59 1 2)
(177 58 59 1 2)
(178 65 63 1 2)
(179 65 63 1 2)
(180 64 62 3 2)
(183 64 62 1 2)
(184 62 61 3/2 2)
(371/2 60 60 1/2 2)
(186 58 59 1 2)
(187 53 56 1 2)
(188 55 57 1 2)
(189 57 58 1 2)
(190 55 57 1 2)
(191 55 57 1 2)
(192 57 58 2 2)
(195 60 60 3/2 2)
(393/2 60 60 1/2 2)
(197 58 59 1 2)
(198 57 58 1 2)
(199 57 58 1 2)
(200 58 59 3/2 2)
(403/2 60 60 1/2 2)
(202 62 61 1/2 2)
(405/2 64 62 1/2 2)
(203 65 63 1/2 2)
(407/2 60 60 1/2 2)
(204 63 62 1 2)
(205 63 62 1 2)
(206 62 61 2 2)
(208 67 64 1 2)
(209 60 60 1 2)
(210 62 61 1 2)
(211 60 60 2 2)
(213 62 61 1/2 2)
(427/2 65 63 1/2 2)
(214 63 62 1 2)
(215 62 61 1 2)
(216 60 60 2 2)
(218 60 60 2 2)
(220 60 60 2 2)
(223 60 60 3/2 2)
(449/2 60 60 1/2 2)
(225 58 59 1 2)
(226 57 58 1 2)
(227 57 58 1 2)
(228 58 59 3/2 2)
(459/2 60 60 1/2 2)
(230 62 61 1/2 2)
(461/2 64 62 1/2 2)
(231 65 63 1/2 2)
(463/2 60 60 1/2 2)
(232 63 62 1 2)
(233 63 62 1 2)
(234 62 61 2 2)
(236 67 64 1 2)
(237 60 60 1 2)
(238 62 61 1 2)
(239 60 60 2 2)
(241 62 61 1/2 2)
(483/2 65 63 1/2 2)
(242 63 62 1 2)
(243 62 61 1 2)
(244 60 60 2 2)
(246 60 60 2 2)
(248 60 60 4 2)
(253 57 58 1 3)
(254 57 58 1 3)
(255 55 57 1/2 3)
(511/2 53 56 1/2 3)
(256 55 57 3/2 3)
(515/2 53 56 1/2 3)
(258 52 55 1 3)
(259 48 53 1 3)
(260 50 54 3/2 3)
(523/2 52 55 1/2 3)
(262 53 56 1/2 3)
(525/2 55 57 1/2 3)
(263 57 58 1/2 3)
(527/2 58 59 1/2 3)
(264 60 60 1 3)
(265 48 53 3/2 3)
(533/2 50 54 1/2 3)
(267 52 55 1/2 3)
(535/2 53 56 1/2 3)
(268 55 57 2 3)
(270 50 54 2 3)
(272 52 55 1/2 3)
(545/2 48 53 1/2 3)
(273 60 60 1 3)
(274 62 61 1 3)
(275 60 60 1 3)
(276 60 60 3 3)
(279 48 53 1 3)
(280 53 56 3/2 3)
(563/2 55 57 1/2 3)
(282 57 58 1/2 3)
(565/2 58 59 1/2 3)
(283 60 60 1 3)
(284 62 61 2 3)
(288 55 57 1 3)
(289 60 60 2 3)
(291 59 59 1 3)
(292 60 60 1 3)
(293 57 58 1 3)
(294 58 59 1 3)
(295 60 60 1 3)
(296 57 58 1 3)
(297 62 61 1 3)
(298 55 57 1/2 3)
(597/2 55 57 1/2 3)
(299 58 59 2 3)
(301 57 58 1 3)
(302 55 57 2 3)
(304 53 56 2 3)
(307 48 53 1 3)
(308 53 56 3/2 3)
(619/2 55 57 1/2 3)
(310 57 58 1/2 3)
(621/2 58 59 1/2 3)
(311 60 60 1 3)
(312 62 61 2 3)
(316 55 57 1 3)
(317 60 60 2 3)
(319 59 59 1 3)
(320 60 60 1 3)
(321 57 58 1 3)
(322 58 59 1 3)
(323 60 60 1 3)
(324 57 58 1 3)
(325 62 61 1 3)
(326 55 57 1/2 3)
(653/2 55 57 1/2 3)
(327 58 59 2 3)
(329 57 58 1 3)
(330 55 57 2 3)
(332 53 56 4 3)
(337 53 56 1 4)
(338 53 56 1 4)
(339 50 54 1 4)
(340 48 53 3 4)
(343 45 51 1 4)
(344 46 52 3/2 4)
(691/2 48 53 1/2 4)
(346 50 54 1 4)
(347 53 56 1 4)
(348 48 53 3/2 4)
(699/2 50 54 1/2 4)
(350 52 55 1/2 4)
(701/2 53 56 1/2 4)
(351 55 57 1 4)
(352 43 50 1 4)
(353 46 52 3/2 4)
(709/2 48 53 1/2 4)
(355 50 54 1 4)
(356 48 53 1 4)
(357 45 51 1 4)
(358 46 52 1 4)
(359 48 53 1 4)
(360 41 49 1 4)
(361 53 56 3/2 4)
(725/2 53 56 1/2 4)
(363 52 55 1 4)
(364 50 54 3 4)
(367 48 53 1 4)
(368 46 52 1/2 4)
(737/2 46 52 1/2 4)
(369 58 59 2 4)
(371 57 58 1 4)
(372 55 57 4 4)
(376 48 53 1 4)
(377 53 56 2 4)
(379 52 55 1 4)
(380 53 56 1 4)
(381 50 54 1 4)
(382 51 55 1 4)
(383 46 52 1 4)
(384 48 53 3 4)
(387 48 53 1 4)
(388 41 49 1 4)
(389 53 56 3/2 4)
(781/2 53 56 1/2 4)
(391 52 55 1 4)
(392 50 54 3 4)
(395 48 53 1 4)
(396 46 52 1/2 4)
(793/2 46 52 1/2 4)
(397 58 59 2 4)
(399 57 58 1 4)
(400 55 57 4 4)
(404 48 53 1 4)
(405 53 56 2 4)
(407 52 55 1 4)
(408 53 56 1 4)
(409 50 54 1 4)
(410 51 55 1 4)
(411 46 52 1 4)
(412 48 53 3 4)
(415 48 53 1 4)
(416 41 49 4 4)
