(437 68)
(438 70)
(439 67)
(440 53)
(441 68)
(442 65)
(443 65)
(444 64)
(445 65)
(446 67)
(447 70)
(448 68)
(449 72)
(450 73)
(451 70)
(452 56)
(453 72)
(454 68)
(455 68)
(456 67)
(457 68)
(458 70)
(459 73)
(460 72)
(461 75)
(462 75)
(463 75)
(464 75)
(465 75)
(467 77)
(468 68)
(470 70)
(471 68)
(473 79)
(947/2 77)
(474 68)
(476 70)
(477 68)
(479 75)
(480 76)
(481 73)
(482 61)
(483 75)
(484 72)
(485 63)
(486 78)
(487 75)
(488 63)
(489 77)
(490 73)
(491 65)
(492 70)
(494 72)
(495 70)
(497 78)
(995/2 77)
(498 70)
(500 72)
(501 70)
(503 73)
(1007/2 72)
(504 70)
(506 73)
(1013/2 72)
(507 70)
(509 73)
(1019/2 72)
(510 70)
(1021/2 72)
(511 73)
(1023/2 72)
(512 70)
(1025/2 72)
(513 70)
(1027/2 68)
(514 67)
(1029/2 68)
(515 67)
(1031/2 65)
(516 64)
(1033/2 65)
(517 67)
(1035/2 65)
(518 68)
(1037/2 59)
(519 60)
(520 60)
(521 68)
(522 70)
(523 67)
(524 76)
(525 77)
(526 80)
(527 84)
(528 85)
(529 82)
(530 82)
(531 84)
(532 80)
(533 80)
(534 82)
(535 79)
(536 79)
(537 80)
(538 77)
(539 77)
(540 77)
(542 79)
(543 77)
(545 75)
(1091/2 73)
(546 65)
(548 67)
(549 65)
(552 60)
(555 53)
