(36 46)
(36 65)
(36 73)
(37 53)
(37 63)
(75/2 66)
(75/2 69)
(38 53)
(38 63)
(38 65)
(38 73)
(77/2 63)
(77/2 69)
(39 46)
(39 63)
(39 69)
(159/4 61)
(159/4 70)
(40 53)
(40 58)
(40 61)
(40 70)
(41 51)
(41 61)
(41 67)
(41 70)
(42 44)
(42 68)
(42 77)
(43 56)
(43 66)
(87/2 69)
(87/2 72)
(44 56)
(44 66)
(44 68)
(44 77)
(89/2 66)
(89/2 72)
(45 49)
(45 66)
(45 72)
(183/4 65)
(183/4 73)
(46 56)
(46 61)
(46 65)
(46 73)
(47 55)
(47 65)
(47 71)
(47 73)
(48 48)
(48 72)
(48 80)
(49 60)
(49 70)
(99/2 73)
(99/2 76)
(50 60)
(50 70)
(50 72)
(50 80)
(101/2 70)
(101/2 76)
(51 53)
(51 70)
(51 76)
(207/4 69)
(207/4 77)
(52 60)
(52 65)
(52 69)
(52 77)
(53 53)
(53 60)
(53 69)
(53 77)
(53 89)
(54 41)
(54 80)
(54 92)
(219/4 78)
(219/4 90)
(55 60)
(55 63)
(55 69)
(55 72)
(55 78)
(55 90)
(56 53)
(56 60)
(56 63)
(56 69)
(57 46)
(57 70)
(58 53)
(58 61)
