(12 41)
(12 73)
(13 53)
(13 63)
(27/2 69)
(14 53)
(14 63)
(14 73)
(29/2 69)
(15 46)
(15 69)
(63/4 70)
(16 53)
(16 61)
(16 70)
(17 51)
(17 55)
(17 61)
(17 70)
(18 44)
(18 77)
(19 56)
(19 66)
(39/2 72)
(20 56)
(20 66)
(20 77)
(41/2 72)
(21 49)
(21 72)
(87/4 73)
(22 56)
(22 65)
(22 73)
(23 55)
(23 58)
(23 65)
(23 73)
(24 48)
(24 80)
(25 60)
(25 65)
(25 70)
(51/2 76)
(26 60)
(26 67)
(26 70)
(26 80)
(53/2 76)
(27 53)
(27 76)
(111/4 77)
(28 60)
(28 68)
(28 77)
(29 60)
(29 68)
(29 77)
(29 89)
(30 41)
(30 81)
(123/4 78)
(123/4 90)
(31 60)
(31 63)
(31 69)
(31 78)
(31 90)
(32 63)
(32 69)
(32 72)
(33 46)
(33 72)
(33 84)
(34 53)
(34 61)
(69/2 70)
(69/2 82)
