(0 46 52 1 1)
(0 65 63 3/2 0)
(0 73 68 3/2 0)
(1 53 56 1 1)
(1 63 62 1 1)
(3/2 66 64 1/2 0)
(3/2 69 65 1/2 0)
(2 53 56 1 1)
(2 63 62 1 1)
(2 65 63 1/2 0)
(2 73 68 1/2 0)
(5/2 63 62 1/2 0)
(5/2 69 65 1/2 0)
(3 46 52 1 1)
(3 63 62 3/4 0)
(3 69 65 3/4 0)
(15/4 61 61 1/4 0)
(15/4 70 66 1/4 0)
(4 53 56 1 1)
(4 58 59 1 1)
(4 61 61 1 0)
(4 70 66 1 0)
(5 51 55 1 1)
(5 61 61 1 1)
(5 67 64 1 0)
(5 70 66 1 0)
(6 44 51 1 1)
(6 68 65 3/2 0)
(6 77 70 3/2 0)
(7 56 58 1 1)
(7 66 64 1 1)
(15/2 69 66 1/2 0)
(15/2 72 67 1/2 0)
(8 56 58 1 1)
(8 66 64 1 1)
(8 68 65 1/2 0)
(8 77 70 1/2 0)
(17/2 66 64 1/2 0)
(17/2 72 67 1/2 0)
(9 49 54 1 1)
(9 66 64 3/4 0)
(9 72 67 3/4 0)
(39/4 65 63 1/4 0)
(39/4 73 68 1/4 0)
(10 56 58 1 1)
(10 61 61 1 1)
(10 65 63 1 0)
(10 73 68 1 0)
(11 55 57 1 1)
(11 65 63 1 1)
(11 71 66 1 0)
(11 73 68 1 0)
(12 48 53 1 1)
(12 72 67 3/2 0)
(12 80 72 3/2 0)
(13 60 60 1 1)
(13 70 66 1 1)
(27/2 73 68 1/2 0)
(27/2 76 69 1/2 0)
(14 60 60 1 1)
(14 70 66 1 1)
(14 72 67 1/2 0)
(14 80 72 1/2 0)
(29/2 70 66 1/2 0)
(29/2 76 69 1/2 0)
(15 53 56 2 1)
(15 70 66 3/4 0)
(15 76 69 3/4 0)
(63/4 69 65 1/4 0)
(63/4 77 70 1/4 0)
(16 60 60 1 1)
(16 65 63 1 1)
(16 69 65 1 0)
(16 77 70 1 0)
(17 53 56 1 1)
(17 60 60 1 1)
(17 69 65 1 1)
(17 77 70 1 0)
(17 89 77 1 0)
(18 41 49 1 1)
(18 80 72 3/4 0)
(18 92 79 3/4 0)
(75/4 78 71 1/4 0)
(75/4 90 78 1/4 0)
(19 60 60 1 1)
(19 63 62 1 1)
(19 69 65 1 1)
(19 72 67 1 1)
(19 78 71 1 0)
(19 90 78 1 0)
(20 53 56 1 1)
(20 60 60 1 1)
(20 63 62 1 1)
(20 69 65 1 0)
(21 46 52 1 1)
(22 53 56 1 1)
(22 61 61 1 1)
