(133 53)
(267/2 69)
(134 53)
(134 73)
(269/2 69)
(135 46)
(135 69)
(543/4 70)
(136 53)
(136 61)
(136 70)
(137 51)
(137 61)
(137 70)
(138 44)
(138 77)
(139 56)
(139 66)
(279/2 72)
(140 56)
(140 66)
(140 77)
(281/2 72)
(141 49)
(141 72)
(567/4 73)
(142 56)
(142 65)
(142 73)
(143 55)
(143 65)
(143 73)
(144 48)
(144 80)
(145 60)
(145 70)
(291/2 76)
(146 60)
(146 70)
(146 80)
(293/2 76)
(147 53)
(147 76)
(591/4 77)
(148 60)
(148 77)
(149 60)
(149 77)
(149 89)
(150 41)
(603/4 78)
(603/4 90)
(151 60)
(151 63)
(151 69)
(151 78)
(151 90)
(152 63)
(152 69)
(153 46)
(154 53)
(154 61)
