(415 53)
(831/2 69)
(416 53)
(416 73)
(833/2 69)
(417 46)
(417 69)
(1671/4 70)
(418 53)
(418 61)
(418 70)
(419 51)
(419 61)
(419 70)
(420 44)
(420 77)
(421 56)
(421 66)
(843/2 72)
(422 56)
(422 66)
(422 77)
(845/2 72)
(423 49)
(423 72)
(1695/4 73)
(424 56)
(424 65)
(424 73)
(425 55)
(425 65)
(425 73)
(426 48)
(426 80)
(427 60)
(427 70)
(855/2 76)
(428 60)
(428 70)
(428 80)
(857/2 76)
(429 53)
(429 76)
(1719/4 77)
(430 60)
(430 77)
(431 60)
(431 77)
(431 89)
(432 41)
(1731/4 78)
(1731/4 90)
(433 60)
(433 63)
(433 69)
(433 78)
(433 90)
(434 63)
(434 69)
(435 46)
(436 53)
(436 61)
