(439 53)
(879/2 69)
(440 53)
(440 73)
(881/2 69)
(441 46)
(441 69)
(1767/4 70)
(442 53)
(442 61)
(442 70)
(443 51)
(443 61)
(443 70)
(444 44)
(444 77)
(445 56)
(445 66)
(891/2 72)
(446 56)
(446 66)
(446 77)
(893/2 72)
(447 49)
(447 72)
(1791/4 73)
(448 56)
(448 65)
(448 73)
(449 55)
(449 65)
(449 73)
(450 48)
(450 80)
(451 60)
(451 70)
(903/2 76)
(452 60)
(452 70)
(452 80)
(905/2 76)
(453 53)
(453 76)
(1815/4 77)
(454 60)
(454 77)
(455 60)
(455 77)
(455 89)
(456 41)
(1827/4 78)
(1827/4 90)
(457 60)
(457 63)
(457 69)
(457 78)
(457 90)
(458 63)
(458 69)
(459 46)
(460 53)
(460 61)
