(41 68)
(42 70)
(43 67)
(44 53)
(45 68)
(46 65)
(47 65)
(48 64)
(49 65)
(50 67)
(51 70)
(52 68)
(53 72)
(54 73)
(55 70)
(56 56)
(57 72)
(58 68)
(59 68)
(60 67)
(61 68)
(62 70)
(63 73)
(64 72)
(65 75)
(66 75)
(67 75)
(68 75)
(69 75)
(71 77)
(72 68)
(74 70)
(75 68)
(77 79)
(155/2 77)
(78 68)
(80 70)
(81 68)
(83 75)
(84 76)
(85 73)
(86 61)
(87 75)
(88 72)
(89 63)
(90 78)
(91 75)
(92 63)
(93 77)
(94 73)
(95 65)
(96 70)
(98 72)
(99 70)
(101 78)
(203/2 77)
(102 70)
(104 72)
(105 70)
(107 73)
(215/2 72)
(108 70)
(110 73)
(221/2 72)
(111 70)
(113 73)
(227/2 72)
(114 70)
(229/2 72)
(115 73)
(231/2 72)
(116 70)
(233/2 72)
(117 70)
(235/2 68)
(118 67)
(237/2 68)
(119 67)
(239/2 65)
(120 64)
(241/2 65)
(121 67)
(243/2 65)
(122 68)
(245/2 59)
(123 60)
(124 60)
(125 68)
(126 70)
(127 67)
(128 76)
(129 77)
(130 80)
(131 84)
(132 85)
(133 82)
(134 82)
(135 84)
(136 80)
(137 80)
(138 82)
(139 79)
(140 79)
(141 80)
(142 77)
(143 77)
(144 77)
(146 79)
(147 77)
(149 75)
(299/2 73)
(150 65)
(152 67)
(153 65)
(156 60)
(159 53)
