(299 60 60 1 0)
(300 48 53 10 1)
(300 60 60 3 1)
(300 64 62 1/2 0)
(601/2 62 61 1/2 0)
(301 64 62 1/2 0)
(603/2 60 60 1/2 0)
(302 62 61 1/2 0)
(605/2 64 62 1/2 0)
(303 59 59 3 1)
(303 65 63 1/2 0)
(607/2 64 62 1/2 0)
(304 65 63 1/2 0)
(609/2 62 61 1/2 0)
(305 64 62 1/2 0)
(611/2 65 63 1/2 0)
(306 58 59 3 1)
(306 67 64 1/2 0)
(613/2 66 63 1/2 0)
(307 67 64 1/2 0)
(615/2 64 62 1/2 0)
(308 65 63 1/2 0)
(617/2 67 64 1/2 0)
(309 57 58 1 1)
(309 69 65 1/2 0)
(619/2 65 63 1/2 0)
(310 69 65 1/2 0)
(621/2 72 67 1/2 0)
(311 77 70 1/2 0)
(623/2 81 72 1/2 0)
(312 64 62 1/2 1)
(312 72 67 3 0)
(312 84 74 3 0)
(625/2 62 61 1/2 1)
(313 64 62 1/2 1)
(627/2 60 60 1/2 1)
(314 62 61 1/2 1)
(629/2 64 62 1/2 1)
(315 65 63 1/2 1)
(315 71 66 3 0)
(315 83 73 3 0)
(631/2 64 62 1/2 1)
(316 65 63 1/2 1)
(633/2 62 61 1/2 1)
(317 64 62 1/2 1)
(635/2 65 63 1/2 1)
(318 67 64 1/2 1)
(318 70 66 1 0)
(318 82 73 1 0)
(637/2 65 63 1/2 1)
(319 67 64 1/2 1)
(639/2 64 62 1/2 1)
(639/2 67 64 1/2 0)
(320 65 63 1/2 1)
(320 69 65 1/2 0)
(641/2 67 64 1/2 1)
(641/2 70 66 1/2 0)
(321 69 65 1/2 1)
(321 72 67 1/2 0)
(643/2 67 64 1/2 1)
(643/2 70 66 1/2 0)
(322 69 65 1/2 1)
(322 72 67 1/2 0)
(645/2 65 63 1/2 1)
(645/2 69 65 1/2 0)
(323 67 64 1/2 1)
(323 70 66 1/2 0)
(647/2 69 65 1/2 1)
(647/2 72 67 1/2 0)
(324 70 66 1/2 1)
(324 74 68 1/2 0)
(649/2 69 65 1/2 1)
(649/2 72 67 1/2 0)
(325 70 66 1/2 1)
(325 74 68 1/2 0)
(651/2 67 64 1/2 1)
(651/2 70 66 1/2 0)
(651/2 76 69 1/2 0)
(326 69 65 1/2 1)
(326 72 67 1/2 0)
(326 77 70 1/2 0)
(653/2 70 66 1/2 1)
(653/2 74 68 1/2 0)
(653/2 79 71 1/2 0)
(327 72 67 1/2 1)
(327 76 69 1/2 0)
(327 81 72 1/2 0)
(655/2 70 66 1/2 1)
(655/2 74 68 1/2 0)
(655/2 79 71 1/2 0)
(328 72 67 1/2 1)
(328 76 69 1/2 0)
(328 81 72 1/2 0)
(657/2 69 65 1/2 1)
(657/2 72 67 1/2 0)
(657/2 77 70 1/2 0)
(329 70 66 1/2 1)
(329 74 68 1/2 0)
(329 79 71 1/2 0)
(659/2 72 67 1/2 1)
(659/2 76 69 1/2 0)
(659/2 81 72 1/2 0)
(330 74 68 1/2 1)
(330 77 70 1/2 0)
(330 82 73 1/2 0)
(661/2 72 67 1/2 1)
(661/2 76 69 1/2 0)
(661/2 81 72 1/2 0)
(331 70 66 1/2 1)
(331 74 68 1/2 0)
(331 79 71 1/2 0)
(663/2 72 67 1/2 1)
(663/2 76 69 1/2 0)
(663/2 81 72 1/2 0)
(332 70 66 1/2 1)
(332 74 68 1/2 0)
(332 79 71 1/2 0)
(665/2 69 65 1/2 1)
(665/2 72 67 1/2 0)
(665/2 77 70 1/2 0)
(333 67 64 1/2 1)
(333 70 66 1/2 0)
(333 76 69 1/2 0)
(667/2 69 65 1/2 1)
(667/2 72 67 1/2 0)
(667/2 77 70 1/2 0)
(334 67 64 1/2 1)
(334 70 66 1/2 0)
(334 76 69 1/2 0)
(669/2 65 63 1/2 1)
(669/2 69 65 1/2 0)
(669/2 74 68 1/2 0)
(335 64 62 1/2 1)
(335 67 64 1/2 0)
(335 72 67 1/2 0)
(671/2 65 63 1/2 1)
(671/2 69 65 1/2 0)
(671/2 74 68 1/2 0)
(336 64 62 3 1)
(336 67 64 3 0)
(336 72 67 3 0)
(339 62 61 3 1)
(339 65 63 3 0)
(339 71 66 3 0)
(342 60 60 3 1)
(342 64 62 3 0)
(342 70 66 3 0)
(345 53 56 1 1)
(345 69 65 1/2 0)
(691/2 67 64 1/2 0)
(346 57 58 1 1)
(346 69 65 1/2 0)
(693/2 65 63 1/2 0)
(347 60 60 1 1)
(347 67 64 1/2 0)
(695/2 69 65 1/2 0)
(348 62 61 1 1)
(348 70 66 1/2 0)
(697/2 69 65 1/2 0)
(349 55 57 1 1)
(349 70 66 1/2 0)
(699/2 67 64 1/2 0)
(350 53 56 1 1)
(350 69 65 1/2 0)
(701/2 71 66 1/2 0)
(351 52 55 1 1)
(351 72 67 1/2 0)
(703/2 71 66 1/2 0)
(352 55 57 1 1)
(352 72 67 1/2 0)
(705/2 74 68 1/2 0)
(353 60 60 1 1)
(353 72 67 1/2 0)
(707/2 70 66 1/2 0)
(354 53 56 1 1)
(354 69 65 1/2 0)
(709/2 67 64 1/2 0)
(355 57 58 1 1)
(355 69 65 1/2 0)
(711/2 70 66 1/2 0)
(356 60 60 1 1)
(356 69 65 1/2 0)
(713/2 65 63 1/2 0)
(357 45 51 1/2 1)
(357 69 65 1 0)
(715/2 44 50 1/2 1)
(358 45 51 1/2 1)
(358 72 67 1 0)
(717/2 41 49 1/2 1)
(359 43 50 1/2 1)
(359 77 70 1 0)
(719/2 45 51 1/2 1)
(360 46 52 1/2 1)
(360 74 68 1 0)
(721/2 45 51 1/2 1)
(361 46 52 1/2 1)
(361 67 64 1 0)
(723/2 43 50 1/2 1)
(362 45 51 1/2 1)
(362 65 63 1 0)
(725/2 47 52 1/2 1)
(363 48 53 1/2 1)
(363 64 62 1 0)
(727/2 47 52 1/2 1)
(364 48 53 1/2 1)
(364 67 64 1 0)
(729/2 46 52 1/2 1)
(365 45 51 1/2 1)
(365 72 67 1 0)
(731/2 43 50 1/2 1)
(366 41 49 1 1)
(366 65 63 1 0)
(367 53 56 1 1)
