(131 53)
(131 65)
(131 71)
(131 74)
(131 80)
(132 52)
(132 64)
(132 72)
(132 76)
(132 79)
(133 51)
(133 63)
(133 69)
(133 72)
(133 78)
(134 50)
(134 62)
(134 70)
(134 74)
(134 77)
(135 43)
(135 55)
(135 67)
(135 70)
(135 76)
(136 45)
(136 57)
(136 66)
(136 72)
(136 75)
(137 46)
(137 58)
(137 65)
(137 70)
(137 74)
(138 51)
(139 72)
(140 52)
(140 73)
(141 53)
(141 70)
(283/2 69)
(142 51)
(142 67)
(285/2 65)
(143 50)
(143 70)
(144 57)
(144 72)
(144 75)
(145 58)
(145 70)
(145 74)
(583/4 69)
(583/4 72)
(146 52)
(146 70)
(146 74)
(587/4 72)
(587/4 75)
(147 53)
(147 70)
(147 74)
(148 69)
(148 72)
(149 62)
(599/4 63)
(150 60)
(301/2 58)
(151 58)
(151 74)
(151 77)
(152 58)
(152 74)
(152 77)
(153 57)
(153 75)
(153 77)
(155 63)
(623/4 65)
(156 62)
(313/2 60)
(157 60)
(157 81)
(157 87)
(158 60)
(158 81)
(158 87)
(159 58)
(159 82)
(159 86)
(161 58)
(161 74)
(647/4 60)
(647/4 75)
(162 53)
(162 62)
(162 77)
(325/2 63)
(325/2 79)
(163 60)
(163 75)
(327/2 57)
(327/2 72)
(164 58)
(164 74)
(329/2 60)
(329/2 75)
(165 62)
(165 77)
(331/2 63)
(331/2 79)
(166 60)
(166 75)
(333/2 57)
(333/2 72)
(167 58)
(167 74)
(335/2 60)
(335/2 75)
(168 62)
(168 77)
(337/2 87)
(169 86)
(339/2 84)
(170 82)
(341/2 81)
(171 79)
(343/2 77)
(172 76)
(345/2 75)
(173 74)
(347/2 72)
(174 77)
(699/4 79)
(175 53)
(175 62)
(175 65)
(175 70)
(176 53)
(176 60)
(176 63)
(176 69)
(177 58)
(177 62)
(177 70)
(178 46)
(179 75)
(179 79)
(719/4 74)
(719/4 77)
(180 74)
(180 77)
(181 70)
(182 75)
(182 81)
(731/4 74)
(731/4 82)
(183 74)
(183 82)
(184 58)
(185 55)
(185 74)
(743/4 70)
(186 51)
(186 67)
(186 75)
(187 48)
(188 53)
(188 63)
(188 72)
(755/4 69)
(189 58)
(189 62)
(189 70)
(190 46)
