(467 53)
(467 65)
(467 71)
(467 74)
(467 80)
(468 52)
(468 64)
(468 72)
(468 76)
(468 79)
(469 51)
(469 63)
(469 69)
(469 72)
(469 78)
(470 50)
(470 62)
(470 70)
(470 74)
(470 77)
(471 43)
(471 55)
(471 67)
(471 70)
(471 76)
(472 45)
(472 57)
(472 66)
(472 72)
(472 75)
(473 46)
(473 58)
(473 65)
(473 70)
(473 74)
(474 51)
(475 72)
(476 52)
(476 73)
(477 53)
(477 70)
(955/2 69)
(478 51)
(478 67)
(957/2 65)
(479 50)
(479 70)
(480 57)
(480 72)
(480 75)
(481 58)
(481 70)
(481 74)
(1927/4 69)
(1927/4 72)
(482 52)
(482 70)
(482 74)
(1931/4 72)
(1931/4 75)
(483 53)
(483 70)
(483 74)
(484 69)
(484 72)
(485 62)
(1943/4 63)
(486 60)
(973/2 58)
(487 58)
(487 74)
(487 77)
(488 58)
(488 74)
(488 77)
(489 57)
(489 75)
(489 77)
(491 63)
(1967/4 65)
(492 62)
(985/2 60)
(493 60)
(493 81)
(493 87)
(494 60)
(494 81)
(494 87)
(495 58)
(495 82)
(495 86)
(497 58)
(497 74)
(1991/4 60)
(1991/4 75)
(498 53)
(498 62)
(498 77)
(997/2 63)
(997/2 79)
(499 60)
(499 75)
(999/2 57)
(999/2 72)
(500 58)
(500 74)
(1001/2 60)
(1001/2 75)
(501 62)
(501 77)
(1003/2 63)
(1003/2 79)
(502 60)
(502 75)
(1005/2 57)
(1005/2 72)
(503 58)
(503 74)
(1007/2 60)
(1007/2 75)
(504 62)
(504 77)
(1009/2 87)
(505 86)
(1011/2 84)
(506 82)
(1013/2 81)
(507 79)
(1015/2 77)
(508 76)
(1017/2 75)
(509 74)
(1019/2 72)
(510 77)
(2043/4 79)
(511 53)
(511 62)
(511 65)
(511 70)
(512 53)
(512 60)
(512 63)
(512 69)
(513 58)
(513 62)
(513 70)
(514 46)
(515 75)
(515 79)
(2063/4 74)
(2063/4 77)
(516 74)
(516 77)
(517 70)
(518 75)
(518 81)
(2075/4 74)
(2075/4 82)
(519 74)
(519 82)
(520 58)
(521 55)
(521 74)
(2087/4 70)
(522 51)
(522 67)
(522 75)
(523 48)
(524 53)
(524 63)
(524 72)
(2099/4 69)
(525 58)
(525 62)
(525 70)
(526 46)
