(-1 70 66 1/2 0)
(-1/2 70 66 1/2 0)
(0 71 66 1/4 0)
(1/4 72 67 3/4 0)
(1 63 62 1/2 1)
(3/2 58 59 1/2 1)
(2 74 68 1/2 0)
(5/2 74 68 1/2 0)
(3 74 68 1/4 0)
(13/4 75 69 3/4 0)
(4 67 64 1/2 1)
(9/2 58 59 1/2 1)
(5 77 70 1/2 0)
(11/2 77 70 1/2 0)
(6 78 70 1/4 0)
(25/4 79 71 3/4 0)
(7 63 62 1/2 1)
(15/2 58 59 1/2 1)
(8 81 72 1/2 0)
(17/2 81 72 1/2 0)
(9 81 72 1/4 0)
(37/4 82 73 3/4 0)
(10 65 63 1/2 1)
(21/2 62 61 1/2 1)
(11 70 66 1/2 0)
(23/2 70 66 1/2 0)
(12 75 69 1/2 0)
(25/2 77 70 1/2 0)
(13 78 71 1/2 0)
(27/2 77 70 1/2 0)
(14 75 69 1/2 0)
(29/2 74 68 1/2 0)
(15 75 69 1/2 0)
(31/2 77 70 1/2 0)
(16 78 71 1/2 0)
(33/2 79 71 1/2 0)
(17 80 72 1/2 0)
(35/2 81 72 1/2 0)
(18 82 73 1 0)
(20 58 59 1/4 0)
(81/4 59 60 1/4 0)
(41/2 58 59 1/4 0)
(83/4 57 58 1/4 0)
(21 58 59 1 0)
(23 70 66 1/4 0)
(93/4 72 67 1/4 0)
(47/2 70 66 1/4 0)
(95/4 69 65 1/4 0)
(24 70 66 1 0)
(25 67 64 3/4 1)
(103/4 70 66 1/4 0)
(26 75 69 3/4 0)
(107/4 75 69 1/4 0)
(27 75 69 1 0)
(28 74 68 1 0)
(29 70 66 1/4 0)
(117/4 72 67 1/4 0)
(59/2 70 66 1/4 0)
(119/4 69 65 1/4 0)
(30 70 66 1 0)
(31 67 64 3/4 1)
(127/4 70 66 1/4 0)
(32 79 71 3/4 0)
(131/4 79 71 1/4 0)
(33 82 73 1 0)
(34 80 72 1 0)
(35 80 72 1/4 0)
(141/4 82 73 1/4 0)
(71/2 80 72 1/4 0)
(143/4 77 70 1/4 0)
(36 79 71 1/4 0)
(145/4 80 72 1/4 0)
(73/2 79 71 1/4 0)
(147/4 75 69 1/4 0)
(37 82 73 1/3 0)
(112/3 80 72 1/3 0)
(113/3 79 71 1/3 0)
(38 77 70 1/3 0)
(115/3 75 69 1/3 0)
(116/3 73 68 1/3 0)
(39 72 67 1/4 0)
(157/4 73 68 1/4 0)
(79/2 72 67 1/4 0)
(159/4 68 65 1/4 0)
(40 84 74 1/3 0)
(121/3 82 73 1/3 0)
(122/3 80 72 1/3 0)
(41 79 71 1/3 0)
(124/3 77 70 1/3 0)
(125/3 76 69 1/3 0)
(42 77 70 1/4 0)
(169/4 79 71 1/4 0)
(85/2 77 70 1/4 0)
(171/4 72 67 1/4 0)
(43 84 74 1/3 0)
(130/3 82 73 1/3 0)
(131/3 80 72 1/3 0)
(44 79 71 1/3 0)
(133/3 77 70 1/3 0)
(134/3 75 69 1/3 0)
(45 75 69 1 0)
(46 74 68 1 0)
(47 70 66 1/4 0)
(189/4 72 67 1/4 0)
(95/2 70 66 1/4 0)
(191/4 67 64 1/4 0)
(48 68 65 1 0)
(49 65 63 1 0)
(50 74 68 1/4 0)
(201/4 75 69 1/4 0)
(101/2 74 68 1/4 0)
(203/4 70 66 1/4 0)
(51 75 69 1 0)
(52 79 71 1 0)
(53 70 66 1/4 0)
(213/4 72 67 1/4 0)
(107/2 70 66 1/4 0)
(215/4 67 64 1/4 0)
(54 68 65 1 0)
(55 65 63 1 0)
(56 74 68 1/4 0)
(225/4 75 69 1/4 0)
(113/2 74 68 1/4 0)
(227/4 70 66 1/4 0)
(57 75 69 1 0)
(58 79 71 1 0)
(59 89 77 1/4 0)
(237/4 87 76 1/4 0)
(119/2 86 75 1/4 0)
(239/4 84 74 1/4 0)
(60 84 74 1/2 0)
(121/2 82 73 1/2 0)
(61 82 73 1 0)
(62 84 74 1/4 0)
(249/4 82 73 1/4 0)
(125/2 80 72 1/4 0)
(251/4 79 71 1/4 0)
(63 79 71 1/2 0)
(127/2 77 70 1/2 0)
(64 77 70 1 0)
(65 77 70 1 0)
(66 79 71 1/8 0)
(529/8 80 72 1/8 0)
(265/4 82 73 3/4 0)
(68 82 73 1/4 0)
(273/4 80 72 1/4 0)
(137/2 79 71 1/4 0)
(275/4 77 70 1/4 0)
(69 75 69 1 0)
(70 51 55 1 1)
