(2.2 57 58)
(2.2 72 67)
(2.21 53 56)
(2.21 60 60)
(3.35 53 56)
(3.35 57 58)
(3.35 60 60)
(3.35 65 63)
(4.42 50 54)
(4.42 59 59)
(4.42 62 61)
(4.42 65 63)
(4.42 74 68)
(4.42 86 75)
(4.96 53 56)
(5.54 36 46)
(5.54 48 53)
(5.54 55 57)
(5.54 60 60)
(5.54 64 62)
(5.54 76 69)
(7.12 53 56)
(7.12 65 63)
(7.68 52 55)
(7.68 67 64)
(8.76 45 51)
(8.76 48 53)
(8.76 69 65)
(8.76 72 67)
(8.76 77 70)
(8.76 78 70)
(9.87 50 54)
(9.87 58 59)
(9.87 65 63)
(9.87 74 68)
(10.98 58 59)
(10.98 70 66)
(11.49 48 53)
(11.49 52 55)
(11.49 64 62)
(11.49 72 67)
(12.06 70 66)
(12.07 50 54)
(12.59 55 57)
(13.15 41 49)
(13.15 53 56)
(13.15 57 58)
(13.15 60 60)
(13.15 69 65)
(13.69 58 59)
(13.69 70 66)
(14.27 36 46)
(14.27 48 53)
(14.27 60 60)
(14.27 64 62)
(14.27 67 64)
(14.86 62 61)
(15.4 48 53)
(15.4 64 62)
(15.92 50 54)
(15.92 65 63)
(16.45 52 55)
(16.45 67 64)
(16.99 50 54)
(16.99 53 56)
(17.54 52 55)
(17.54 55 57)
(17.54 64 62)
(18.07 53 56)
(18.69 43 50)
(18.69 70 66)
(19.77 46 52)
(20.29 72 67)
(20.81 58 59)
(20.82 50 54)
(20.86 50 54)
(20.87 74 68)
(21.37 48 53)
(21.37 64 62)
(21.98 50 54)
(21.98 53 56)
(21.98 65 63)
(21.98 69 65)
(23.08 52 55)
(23.08 72 67)
(23.09 48 53)
(23.09 55 57)
(23.09 60 60)
(23.09 64 62)
(23.67 48 53)
(24.24 45 51)
(24.24 57 58)
(24.24 60 60)
(24.24 65 63)
(24.24 72 67)
(25.32 46 52)
(25.32 55 57)
(25.32 62 61)
(25.32 67 64)
(26.48 48 53)
(26.48 55 57)
(26.48 60 60)
(26.48 64 62)
(26.99 65 63)
(27.71 41 49)
(27.71 57 58)
(27.71 65 63)
(28.94 53 56)
(28.94 69 65)
(30.56 53 56)
(30.56 69 65)
(31.15 48 53)
(31.16 52 55)
(32.24 50 54)
(32.24 53 56)
(32.24 65 63)
(32.81 60 60)
(32.81 72 67)
(33.35 74 68)
(33.36 58 59)
(33.36 62 61)
(33.36 70 66)
(33.36 77 70)
(33.91 55 57)
(33.91 64 62)
(34.44 57 58)
(34.44 65 63)
(34.97 67 64)
(35.0 58 59)
(35.0 70 66)
(35.55 76 69)
(35.56 48 53)
(35.56 57 58)
(36.67 46 52)
(36.67 62 61)
(36.67 74 68)
(37.24 46 52)
(37.84 58 59)
(37.84 70 66)
(38.36 60 60)
(38.36 64 62)
(38.92 62 61)
(38.92 65 63)
(39.43 64 62)
(39.43 67 64)
(39.43 76 69)
(40.0 57 58)
(40.0 65 63)
(40.0 69 65)
(40.0 72 67)
(40.56 60 60)
(40.56 65 63)
(41.15 55 57)
(41.15 63 62)
(41.15 67 64)
(41.15 71 66)
(42.27 60 60)
(42.27 63 62)
(42.27 72 67)
(43.38 62 61)
(43.38 74 68)
(44.51 59 59)
(44.51 71 66)
(45.07 71 66)
(45.07 72 67)
(45.65 36 46)
(45.65 48 53)
(45.65 60 60)
(45.65 64 62)
(45.65 67 64)
(46.8 53 56)
(46.8 57 58)
(46.8 60 60)
(46.8 65 63)
(47.89 71 66)
(47.9 58 59)
(47.9 62 61)
(47.9 67 64)
(48.95 52 55)
(48.95 60 60)
(48.95 67 64)
(48.95 79 71)
(49.49 67 64)
(50.11 53 56)
(50.11 57 58)
(50.11 60 60)
(50.11 69 65)
(50.11 72 67)
(51.23 77 70)
(51.24 50 54)
(51.24 62 61)
(51.24 65 63)
(51.74 62 61)
(51.74 65 63)
(52.35 67 64)
(52.35 70 66)
(52.36 51 55)
(52.36 55 57)
(52.88 55 57)
(52.88 74 68)
(53.46 46 52)
(53.46 62 61)
(54.04 58 59)
(54.04 62 61)
(54.04 65 63)
(54.04 77 70)
(54.61 48 53)
(54.61 60 60)
(54.61 64 62)
(55.67 57 58)
(55.67 65 63)
(55.67 69 65)
(56.23 70 66)
(56.78 55 57)
(56.78 60 60)
(56.78 65 63)
(56.78 72 67)
(57.93 36 46)
(57.93 48 53)
(57.93 64 62)
(58.5 60 60)
(58.5 70 66)
(59.11 41 49)
(59.11 53 56)
(60.36 53 56)
(60.36 69 65)
(61.95 69 65)
(61.96 53 56)
(62.49 57 58)
(62.49 67 64)
(62.5 48 53)
(62.5 60 60)
(63.56 50 54)
(63.56 53 56)
(63.56 65 63)
(64.15 60 60)
(64.15 72 67)
(64.68 62 61)
(64.68 74 68)
(64.68 77 70)
(64.69 58 59)
(65.25 55 57)
(65.25 64 62)
(65.78 57 58)
(65.78 65 63)
(66.32 58 59)
(66.32 67 64)
(66.32 77 70)
(66.92 48 53)
(66.92 60 60)
(66.92 76 69)
(66.93 57 58)
(68.02 46 52)
(68.02 62 61)
(68.02 74 68)
(68.57 46 52)
(69.2 58 59)
(69.73 60 60)
(69.73 72 67)
(69.74 64 62)
(70.31 62 61)
(70.31 65 63)
(70.83 67 64)
(70.84 64 62)
(71.37 57 58)
(71.38 72 67)
(71.39 69 65)
(71.4 65 63)
(71.94 65 63)
(71.95 60 60)
(72.48 55 57)
(72.48 63 62)
(72.48 71 66)
(73.65 60 60)
(73.65 63 62)
(73.65 72 67)
(74.75 62 61)
(74.75 74 68)
(75.86 59 59)
(75.86 67 64)
(75.86 71 66)
(76.4 72 67)
(76.95 72 67)
(76.96 48 53)
(76.96 64 62)
(78.04 65 63)
(78.05 57 58)
(78.06 53 56)
(78.07 60 60)
(79.11 58 59)
(79.11 62 61)
(79.11 67 64)
(80.19 52 55)
(80.19 60 60)
(80.19 67 64)
(80.19 76 69)
(80.19 79 71)
(80.75 67 64)
(81.33 57 58)
(81.33 72 67)
(81.34 53 56)
(81.34 60 60)
(82.42 50 54)
(82.42 62 61)
(82.42 65 63)
(82.42 77 70)
(82.95 62 61)
(82.95 65 63)
(82.95 77 70)
(83.55 51 55)
(83.55 55 57)
(83.55 63 62)
(83.55 67 64)
(83.55 70 66)
(84.1 55 57)
(84.1 74 68)
(84.68 46 52)
(84.68 62 61)
(85.22 62 61)
(85.22 65 63)
(85.22 77 70)
(85.81 48 53)
(85.81 64 62)
(85.81 67 64)
(86.9 57 58)
(86.9 65 63)
(86.9 69 65)
(87.47 70 66)
(88.12 55 57)
(88.12 60 60)
(88.12 65 63)
(88.12 72 67)
(89.48 64 62)
(89.5 48 53)
(90.21 70 66)
(91.21 41 49)
(91.21 60 60)
(91.21 69 65)
