0.8695652000
1.3043479000
1.7391304000
2.1739130000
2.6086957000
3.0434783000
3.4782608000
3.9130435000
4.3478260000
4.7826085000
5.2173915000
5.6521740000
6.0869565000
6.5217390000
6.9565215000
7.3913045000
7.8260870000
8.2608700000
8.6956520000
9.1304350000
9.5652170000
10.0000000000
10.4347830000
10.8695650000
11.3043480000
11.7391300000
12.1739130000
12.6086960000
13.0434780000
13.4782610000
13.9130430000
14.3478260000
14.7826090000
15.2173910000
15.6521740000
16.0869560000
16.5217400000
16.9565220000
17.3913040000
17.8260860000
18.2608700000
18.6956520000
19.1304340000
19.5652180000
20.0000000000
20.4347820000
20.8695660000
21.3043480000
21.7391300000
22.1739140000
22.6086960000
23.0434780000
23.4782600000
23.9130440000
24.3478260000
24.7826080000
25.2173920000
25.6521740000
26.0869560000
26.5217400000
26.9565220000
27.3913040000
27.8260860000
28.2608700000
28.6956520000
29.1304340000
29.5652180000
30.0000000000
30.4347820000
30.8695660000
31.3043480000
31.7391300000
32.1739120000
32.6086960000
33.0434800000
33.4782600000
33.9130440000
34.3478280000
34.7826080000
35.2173920000
35.6521720000
36.0869560000
36.5217400000
36.9565200000
37.3913040000
37.8260880000
38.2608680000
38.6956520000
39.1304360000
39.5652160000
40.0000000000
40.4347840000
40.8695640000
41.3043480000
41.7391320000
42.1739120000
42.6086960000
43.0434800000
43.4782600000
43.9130440000
44.3478280000
44.7826080000
45.2173920000
45.6521720000
46.0869560000
46.5217400000
46.9565200000
47.3913040000
47.8260880000
48.2608680000
48.6956520000
49.1304360000
49.5652160000
50.0000000000
50.4347840000
50.8695640000
51.3043480000
51.7391320000
52.1739120000
52.6086960000
53.0434800000
53.4782600000
53.9130440000
54.3478280000
54.7826080000
55.2173920000
55.6521720000
56.0869560000
56.5217400000
56.9565200000
57.3913040000
57.8260880000
58.2608680000
58.6956520000
59.1304360000
59.5652160000
60.0000000000
60.4347840000
60.8695640000
61.3043480000
61.7391320000
62.1739120000
62.6086960000
63.0434800000
63.4782600000
63.9130440000
64.3478240000
64.7826100000
65.2173900000
65.6521760000
66.0869600000
66.5217360000
66.9565200000
67.3913040000
67.8260900000
68.2608700000
68.6956560000
69.1304300000
69.5652160000
70.0000000000
70.4347840000
70.8695700000
71.3043440000
71.7391300000
72.1739100000
72.6086960000
73.0434800000
73.4782640000
73.9130400000
74.3478240000
74.7826100000
75.2173900000
75.6521760000
76.0869600000
76.5217360000
76.9565200000
77.3913040000
77.8260900000
78.2608700000
78.6956560000
79.1304300000
79.5652160000
80.0000000000
80.4347840000
80.8695700000
81.3043440000
81.7391300000
82.1739100000
82.6086960000
83.0434800000
83.4782640000
83.9130400000
84.3478240000
84.7826100000
85.2173900000
85.6521760000
86.0869600000
86.5217360000
86.9565200000
87.3913040000
87.8260900000
88.2608700000
88.6956560000
89.1304300000
89.5652160000
90.0000000000
90.4347840000
90.8695700000
91.3043440000
91.7391300000
92.1739100000
92.6086960000
93.0434800000
93.4782640000
93.9130400000
94.3478240000
94.7826100000
95.2173900000
95.6521760000
96.0869600000
96.5217360000
96.9565200000
97.3913040000
97.8260900000
98.2608700000
98.6956560000
99.1304300000
99.5652160000
100.0000000000
100.4347840000
100.8695700000
101.3043440000
101.7391300000
102.1739100000
102.6086960000
103.0434800000
103.4782640000
103.9130400000
104.3478240000
104.7826100000
105.2173900000
105.6521760000
106.0869600000
106.5217360000
106.9565200000
107.3913040000
107.8260900000
108.2608700000
108.6956560000
109.1304300000
109.5652160000
110.0000000000
110.4347840000
110.8695700000
111.3043440000
111.7391300000
112.1739100000
112.6086960000
113.0434800000
113.4782640000
113.9130400000
114.3478240000
114.7826100000
115.2173900000
115.6521760000
116.0869600000
116.5217360000
116.9565200000
117.3913040000
117.8260900000
118.2608700000
118.6956560000
119.1304300000
119.5652160000
120.0000000000
120.4347840000
120.8695700000
121.3043440000
121.7391300000
122.1739100000
122.6086960000
123.0434800000
123.4782640000
123.9130400000
124.3478240000
124.7826100000
125.2173900000
125.6521760000
126.0869600000
126.5217360000
126.9565200000
127.3913040000
127.8260900000
128.2608600000
128.6956500000
129.1304300000
129.5652200000
130.0000000000
130.4347800000
130.8695700000
131.3043500000
131.7391400000
132.1739200000
132.6086900000
133.0434700000
133.4782600000
133.9130400000
134.3478200000
134.7826100000
135.2173900000
135.6521800000
136.0869600000
136.5217400000
136.9565300000
137.3913100000
137.8260800000
138.2608600000
138.6956500000
139.1304300000
139.5652200000
140.0000000000
140.4347800000
140.8695700000
141.3043500000
141.7391400000
142.1739200000
142.6086900000
143.0434700000
143.4782600000
143.9130400000
144.3478200000
144.7826100000
145.2173900000
145.6521800000
146.0869600000
146.5217400000
146.9565300000
147.3913100000
147.8260800000
148.2608600000
148.6956500000
149.1304300000
149.5652200000
150.0000000000
150.4347800000
150.8695700000
151.3043500000
151.7391400000
152.1739200000
152.6086900000
153.0434700000
153.4782600000
153.9130400000
154.3478200000
154.7826100000
155.2173900000
155.6521800000
156.0869600000
156.5217400000
156.9565300000
157.3913100000
157.8260800000
158.2608600000
158.6956500000
159.1304300000
159.5652200000
160.0000000000
160.4347800000
160.8695700000
161.3043500000
161.7391400000
162.1739200000
162.6086900000
163.0434700000
163.4782600000
163.9130400000
164.3478200000
164.7826100000
165.2173900000
165.6521800000
166.0869600000
166.5217400000
166.9565300000
167.3913100000
167.8260800000
168.2608600000
168.6956500000
169.1304300000
169.5652200000
170.0000000000
170.4347800000
170.8695700000
171.3043500000
171.7391400000
172.1739200000
172.6086900000
173.0434700000
173.4782600000
173.9130400000
174.3478200000
174.7826100000
175.2173900000
175.6521800000
176.0869600000
176.5217400000
176.9565300000
177.3913100000
177.8260800000
178.2608600000
178.6956500000
179.1304300000
179.5652200000
180.0000000000
180.4347800000
180.8695700000
181.3043500000
181.7391400000
182.1739200000
182.6086900000
183.0434700000
183.4782600000
183.9130400000
184.3478200000
184.7826100000
185.2173900000
185.6521800000
186.0869600000
186.5217400000
186.9565300000
187.3913100000
187.8260800000
188.2608600000
188.6956500000
189.1304300000
189.5652200000
190.0000000000
190.4347800000
190.8695700000
191.3043500000
191.7391400000
192.1739200000
192.6086900000
193.0434700000
193.4782600000
193.9130400000
194.3478200000
194.7826100000
195.2173900000
195.6521800000
196.0869600000
196.5217400000
196.9565300000
197.3913100000
197.8260800000
198.2608600000
198.6956500000
199.1304300000
199.5652200000
200.0000000000
200.4347800000
200.8695700000
201.3043500000
201.7391400000
202.1739200000
202.6086900000
203.0434700000
203.4782600000
203.9130400000
204.3478200000
204.7826100000
205.2173900000
205.6521800000
206.0869600000
206.5217400000
206.9565300000
207.3913100000
207.8260800000
208.2608600000
208.6956500000
209.1304300000
209.5652200000
210.0000000000
210.4347800000
210.8695700000
211.3043500000
211.7391400000
212.1739200000
212.6086900000
213.0434700000
213.4782600000
213.9130400000
214.3478200000
214.7826100000
215.2173900000
215.6521800000
216.0869600000
216.5217400000
216.9565300000
217.3913100000
217.8260800000
218.2608600000
218.6956500000
219.1304300000
219.5652200000
220.0000000000
220.4347800000
220.8695700000
221.3043500000
221.7391400000
222.1739200000
222.6086900000
223.0434700000
223.4782600000
223.9130400000
224.3478200000
224.7826100000
225.2173900000
225.6521800000
226.0869600000
226.5217400000
226.9565300000
227.3913100000
227.8260800000
228.2608600000
228.6956500000
229.1304300000
229.5652200000
230.0000000000
230.4347800000
230.8695700000
231.3043500000
231.7391400000
232.1739200000
232.6086900000
233.0434700000
233.4782600000
233.9130400000
234.3478200000
234.7826100000
235.2173900000
235.6521800000
236.0869600000
236.5217400000
236.9565300000
237.3913100000
237.8260800000
238.2608600000
238.6956500000
239.1304300000
239.5652200000
240.0000000000
240.4347800000
240.8695700000
241.3043500000
241.7391400000
242.1739200000
242.6086900000
243.0434700000
