0.0
0.44
0.87
1.31
1.76
2.19
2.61
3.06
3.48
3.92
4.37
4.79
5.22
5.66
6.09
6.52
6.96
7.4
7.83
8.27
8.7
9.13
9.57
10.01
10.44
10.87
11.3
11.73
12.17
12.61
13.05
13.49
13.91
14.35
14.79
15.22
15.65
16.09
16.53
16.96
17.4
17.83
18.27
18.71
19.14
19.57
20.01
20.44
20.88
21.31
21.74
22.17
22.61
23.04
23.48
23.92
24.35
24.78
25.22
25.65
26.09
26.53
26.97
27.4
27.84
28.27
28.7
29.14
29.58
30.01
30.44
30.88
31.3
31.74
32.18
32.62
33.01
33.44
33.87
34.3
34.74
35.17
35.61
36.04
36.47
36.9
37.34
37.78
38.18
38.63
39.08
39.57
40.01
40.44
40.87
41.31
41.74
42.18
42.61
43.05
43.45
43.86
44.3
44.74
45.17
45.61
46.04
46.48
46.91
47.34
47.77
48.21
48.67
49.13
49.57
50.01
50.44
50.88
51.32
51.75
52.18
52.62
53.04
53.47
53.91
54.35
54.79
55.22
55.65
56.08
56.53
56.96
57.39
57.83
58.27
58.7
59.13
59.57
60.01
60.44
60.87
61.31
61.74
62.17
62.61
63.05
63.48
63.91
64.35
64.78
65.22
65.66
66.09
66.52
66.96
67.39
67.83
68.27
68.7
69.14
69.58
70.0
70.44
70.88
71.32
71.74
72.18
72.61
73.04
73.48
73.92
74.35
74.75
75.17
75.6
76.04
76.47
76.91
77.35
77.78
78.21
78.64
79.08
79.51
79.92
80.36
80.81
81.22
81.75
82.18
82.62
83.05
83.48
83.91
84.35
84.79
85.19
85.6
86.04
86.47
86.91
87.35
87.78
88.22
88.65
89.08
89.51
89.95
90.41
90.87
91.31
91.75
92.18
92.62
93.06
93.49
93.92
94.36
94.79
95.21
95.64
96.08
96.53
96.96
97.39
97.83
98.27
98.7
99.13
99.57
100.0
100.44
100.87
101.3
101.74
102.18
102.61
103.06
103.48
103.91
104.35
104.79
105.22
105.65
106.09
106.52
106.96
107.39
107.82
108.7
109.13
109.57
110.01
110.44
110.86
111.31
111.72
112.61
113.05
113.48
113.92
114.78
115.22
115.65
116.09
116.52
116.96
117.4
117.83
118.26
118.7
119.13
119.57
120.0
120.43
120.86
121.3
121.74
122.15
122.61
123.04
123.48
123.91
124.35
124.79
125.22
125.66
126.1
126.53
126.96
127.4
127.83
128.26
128.7
129.13
129.57
130.0
130.44
130.87
131.31
131.75
132.19
132.62
133.05
133.49
133.92
134.36
134.79
135.22
135.66
136.09
136.53
136.96
137.4
137.83
138.27
138.7
139.13
139.57
140.01
140.44
140.88
141.31
141.75
142.19
142.62
143.05
143.49
143.91
144.35
144.78
145.22
145.65
146.1
146.53
146.96
147.4
147.83
148.26
148.7
149.14
149.57
150.01
150.45
150.87
151.31
151.74
152.18
152.61
153.05
153.48
153.92
154.35
154.79
155.23
155.66
156.09
156.53
156.96
157.4
157.83
158.27
158.7
159.13
159.57
160.0
160.44
160.88
161.31
161.75
162.18
162.62
163.06
163.49
163.92
164.36
164.78
165.22
165.65
166.09
166.53
166.97
167.4
167.83
168.26
168.7
169.13
169.57
170.01
170.44
170.88
171.31
171.74
172.18
172.62
173.05
173.49
173.93
174.35
174.79
175.22
175.66
176.1
176.5
176.91
177.34
177.78
178.21
178.65
179.08
179.52
179.95
180.38
180.81
181.25
181.72
182.17
182.62
183.05
183.49
183.92
184.36
184.79
185.22
185.66
186.09
186.52
186.96
187.39
187.83
188.27
188.7
189.13
189.57
190.0
190.43
190.87
191.31
191.74
192.18
192.61
193.05
193.49
193.92
194.36
194.79
195.22
195.65
196.09
196.52
196.95
197.39
197.82
198.26
198.7
199.13
199.56
200.0
200.44
200.87
201.31
201.75
202.19
202.62
203.05
203.48
203.91
204.35
204.79
205.22
205.66
206.09
206.53
206.97
207.4
207.83
208.27
208.7
209.14
209.57
210.0
210.44
210.88
211.31
211.75
212.18
212.62
213.05
213.48
213.91
214.34
214.78
215.23
215.66
216.09
216.53
216.96
217.4
217.83
218.27
218.71
219.15
219.57
220.01
220.44
220.87
221.31
221.75
222.18
222.62
223.05
223.48
223.92
224.35
224.78
225.22
225.66
226.09
226.53
226.97
227.4
227.83
228.27
228.7
229.14
229.57
230.0
230.44
230.87
231.31
231.75
232.18
232.61
233.05
233.48
233.92
234.35
234.79
235.22
235.66
236.09
236.52
236.95
237.4
237.83
238.26
238.7
239.14
239.57
240.0
240.44
240.87
241.3
241.74
242.17
242.62
243.05
243.49
243.89
244.3
244.73
245.19
