0.420
0.860
1.300
1.740
2.160
2.600
3.040
3.480
3.920
4.360
4.780
5.220
5.660
6.100
6.540
6.960
7.400
7.840
8.280
8.720
9.160
9.580
10.000
10.440
10.880
11.320
11.740
12.180
12.620
13.060
13.500
13.920
14.360
14.780
15.220
15.660
16.100
16.520
16.960
17.400
17.840
18.280
18.720
19.140
19.580
20.020
20.460
20.900
21.320
21.740
22.180
22.620
23.060
23.480
23.920
24.360
24.800
25.240
25.680
26.100
26.540
26.980
27.420
27.840
28.260
28.700
29.140
29.580
30.020
30.440
30.880
31.320
31.760
32.200
32.620
33.060
33.500
33.940
34.380
34.820
35.240
35.660
36.080
36.520
36.960
37.400
37.840
38.260
38.700
39.140
39.580
40.020
40.440
40.880
41.320
41.740
42.180
42.620
43.060
43.480
43.920
44.360
44.800
45.240
45.680
46.100
46.520
46.940
47.360
47.780
48.240
48.700
49.140
49.580
50.020
50.440
50.880
51.320
51.760
52.200
52.620
53.060
53.480
53.900
54.340
54.780
55.220
55.660
56.080
56.520
56.960
57.400
57.840
58.260
58.700
59.140
59.580
60.020
60.460
60.880
61.320
61.760
62.200
62.640
63.060
63.480
63.920
64.360
64.800
65.220
65.660
66.100
66.540
66.980
67.420
67.840
68.280
68.720
69.160
69.580
70.000
70.440
70.880
71.320
71.760
72.180
72.620
73.060
73.500
73.940
74.360
74.800
75.240
75.680
76.120
76.560
76.980
77.400
77.820
78.260
78.700
79.140
79.580
80.000
80.440
80.880
81.320
81.760
82.200
82.620
83.060
83.480
83.920
84.360
84.800
85.220
85.660
86.100
86.540
86.980
87.420
87.840
88.260
88.680
89.080
89.520
89.960
90.420
90.880
91.320
91.760
92.180
92.620
93.060
93.500
93.940
94.360
94.800
95.220
95.640
96.080
96.520
96.960
97.400
97.820
98.260
98.700
99.140
99.580
100.000
100.440
100.880
101.320
101.760
102.200
102.620
103.060
103.500
103.920
104.360
104.800
105.220
105.660
106.100
106.540
106.980
107.400
107.840
108.280
108.700
109.120
109.560
110.000
110.420
110.860
111.300
111.740
112.180
112.600
113.040
113.480
113.920
114.360
114.800
115.220
115.660
116.100
116.540
116.980
117.400
117.840
118.280
118.720
119.160
119.600
120.020
120.460
120.880
121.300
121.720
122.160
122.600
123.040
123.480
123.920
124.340
124.780
125.220
125.660
126.100
126.520
126.960
127.400
127.840
128.280
128.720
129.140
129.580
130.020
130.460
130.880
131.320
131.740
132.180
132.620
133.060
133.500
133.920
134.360
134.800
135.240
135.680
136.120
136.540
136.980
137.400
137.840
138.280
138.720
139.140
139.580
140.020
140.460
140.900
141.340
141.760
142.200
142.640
143.060
143.500
143.940
144.380
144.800
145.240
145.680
146.120
146.540
146.960
147.400
147.840
148.280
148.720
149.160
149.580
150.020
150.440
150.880
151.320
151.760
152.180
152.620
153.060
153.500
153.940
154.380
154.800
155.240
155.660
156.100
156.540
156.980
157.400
157.840
158.280
158.720
159.160
159.580
160.020
160.440
160.880
161.320
161.760
162.200
162.620
163.060
163.500
163.940
164.380
164.820
165.240
165.660
166.100
166.540
166.980
167.420
167.840
168.280
168.720
169.160
169.600
170.020
170.460
170.900
171.320
171.740
172.180
172.620
173.060
173.480
173.920
174.360
174.800
175.240
175.660
176.100
176.520
176.940
177.360
177.780
178.220
178.640
179.080
179.520
179.960
180.400
180.820
181.260
181.720
182.180
182.620
183.060
183.480
183.920
184.360
184.800
185.240
185.680
186.100
186.520
186.940
187.380
187.820
188.260
188.700
189.140
189.560
190.000
190.440
190.880
191.320
191.740
192.180
192.620
193.060
193.500
193.940
194.360
194.800
195.240
195.680
196.120
196.540
196.960
197.400
197.840
198.260
198.700
199.140
199.580
200.020
200.440
200.880
201.320
201.760
202.200
202.640
203.060
203.480
203.920
204.360
204.800
205.220
205.660
206.100
206.540
206.980
207.400
207.840
208.280
208.720
209.160
209.600
210.020
210.440
210.880
211.320
211.740
212.180
212.620
213.060
213.500
213.940
214.360
214.800
215.240
215.680
216.120
216.540
216.980
217.420
217.840
218.260
218.700
219.140
219.560
220.000
220.440
220.880
221.320
221.760
222.180
222.620
223.060
223.500
223.940
224.360
224.800
225.240
225.680
226.120
226.560
226.980
227.400
227.840
228.280
228.700
229.140
229.580
230.020
230.460
230.880
231.320
231.760
232.200
232.640
233.060
233.480
233.920
234.360
234.800
235.220
235.660
236.100
236.540
236.980
237.400
237.840
238.280
238.720
239.140
239.560
240.000
240.440
240.880
241.320
241.740
242.180
242.620
243.060
243.500
243.920
244.360
244.800
