(0.17 74 68)
(0.57 75 69)
(0.64 72 67)
(0.89 70 66)
(1.0 70 66)
(1.12 62 61)
(1.13 65 63)
(1.13 70 66)
(1.6 62 61)
(1.6 65 63)
(1.6 70 66)
(2.13 69 65)
(2.15 63 62)
(2.15 65 63)
(3.15 75 69)
(3.53 77 70)
(3.62 74 68)
(3.72 74 68)
(3.85 72 67)
(4.09 63 62)
(4.09 72 67)
(4.1 65 63)
(4.56 63 62)
(4.56 65 63)
(4.56 72 67)
(5.08 62 61)
(5.08 65 63)
(5.08 70 66)
(6.11 75 69)
(6.12 74 68)
(6.14 58 59)
(6.46 60 60)
(6.46 75 69)
(6.56 77 70)
(6.57 53 56)
(6.57 62 61)
(6.84 63 62)
(6.84 79 71)
(7.07 75 69)
(7.08 60 60)
(7.33 57 58)
(7.33 72 67)
(7.56 74 68)
(7.57 58 59)
(7.78 75 69)
(7.79 60 60)
(8.03 62 61)
(8.03 77 70)
(8.29 63 62)
(8.29 79 71)
(8.54 60 60)
(8.54 75 69)
(8.77 57 58)
(8.77 72 67)
(9.01 58 59)
(9.01 74 68)
(9.25 60 60)
(9.25 75 69)
(9.51 62 61)
(9.51 77 70)
(9.78 82 73)
(10.02 81 72)
(10.27 79 71)
(10.5 77 70)
(10.75 76 69)
(10.98 74 68)
(11.23 72 67)
(11.46 71 66)
(11.46 83 73)
(11.73 70 66)
(11.83 70 66)
(11.96 69 65)
(12.21 67 64)
(12.46 72 67)
(12.88 74 68)
(12.88 86 75)
(12.96 57 58)
(12.96 60 60)
(12.97 65 63)
(12.98 48 53)
(13.48 55 57)
(13.48 58 59)
(13.48 64 62)
(13.99 53 56)
(13.99 57 58)
(14.5 41 49)
(15.06 70 66)
(15.06 74 68)
(15.17 70 66)
(15.44 72 67)
(15.45 69 65)
(15.57 72 67)
(15.58 69 65)
(16.09 65 63)
(16.55 70 66)
(16.55 76 69)
(16.97 69 65)
(16.97 77 70)
(17.08 69 65)
(17.08 77 70)
(17.6 53 56)
(18.15 74 68)
(18.54 75 69)
(18.63 72 67)
(18.9 69 65)
(18.9 70 66)
(19.13 70 66)
(19.16 62 61)
(19.16 65 63)
(19.63 62 61)
(19.63 65 63)
(19.63 70 66)
(20.16 69 65)
(20.17 63 62)
(20.17 65 63)
(21.2 75 69)
(21.59 77 70)
(21.67 69 65)
(21.67 74 68)
(21.77 74 68)
(21.92 72 67)
(22.17 63 62)
(22.17 72 67)
(22.18 65 63)
(22.67 72 67)
(22.68 63 62)
(22.69 65 63)
(23.19 62 61)
(23.19 70 66)
(23.2 65 63)
(24.25 42 50)
(24.25 58 59)
(24.25 74 68)
(24.61 60 60)
(24.61 75 69)
(24.7 77 70)
(24.71 53 56)
(24.71 62 61)
(24.99 63 62)
(24.99 79 71)
(25.23 75 69)
(25.24 53 56)
(25.24 60 60)
(25.48 42 50)
(25.48 45 51)
(25.48 48 53)
(25.48 57 58)
(25.48 69 65)
(25.48 72 67)
(25.71 58 59)
(25.71 74 68)
(25.71 86 75)
(25.93 75 69)
(25.94 60 60)
(26.17 77 70)
(26.18 62 61)
(26.45 53 56)
(26.45 63 62)
(26.45 79 71)
(26.69 60 60)
(26.69 75 69)
(26.93 57 58)
(26.93 72 67)
(27.16 58 59)
(27.16 74 68)
(27.39 75 69)
(27.41 60 60)
(27.66 62 61)
(27.66 77 70)
(27.95 82 73)
(28.18 81 72)
(28.43 79 71)
(28.67 77 70)
(28.93 76 69)
(29.16 74 68)
(29.41 69 65)
(29.41 72 67)
(29.66 71 66)
(29.66 83 73)
(29.76 71 66)
(29.93 70 66)
(30.04 70 66)
(30.18 69 65)
(30.42 67 64)
(30.69 72 67)
(31.12 74 68)
(31.12 86 75)
(31.22 48 53)
(31.22 57 58)
(31.22 60 60)
(31.22 65 63)
(31.73 55 57)
(31.73 58 59)
(31.73 64 62)
(32.24 41 49)
(32.24 53 56)
(32.24 57 58)
(32.24 65 63)
(32.77 41 49)
(33.29 70 66)
(33.29 74 68)
(33.41 70 66)
(33.7 69 65)
(33.7 72 67)
(33.81 69 65)
(33.81 72 67)
(34.35 65 63)
(34.85 70 66)
(34.85 76 69)
(35.26 69 65)
(35.26 77 70)
(35.37 69 65)
(35.37 77 70)
(35.87 53 56)
(36.31 71 66)
(36.32 74 68)
(36.37 80 72)
(36.38 53 56)
(36.86 72 67)
(36.86 76 69)
(36.92 52 55)
(36.92 79 71)
(37.34 69 65)
(37.41 51 55)
(37.41 78 71)
(37.86 58 59)
(37.86 70 66)
(37.91 50 54)
(37.91 62 61)
(37.92 77 70)
(38.44 43 50)
(38.44 55 57)
(38.44 76 69)
(38.89 66 64)
(38.95 72 67)
(38.96 45 51)
(38.96 57 58)
(38.96 75 69)
(39.38 65 63)
(39.42 70 66)
(39.46 46 52)
(39.46 74 68)
(39.98 51 55)
(40.51 72 67)
(41.01 73 68)
(41.53 70 66)
(41.54 53 56)
(41.79 69 65)
(42.03 51 55)
(42.03 67 64)
(42.26 58 59)
(42.26 65 63)
(42.51 50 54)
(42.51 70 66)
(43.06 72 67)
(43.06 75 69)
(43.07 57 58)
(43.57 70 66)
(43.57 74 68)
(43.97 69 65)
(43.97 72 67)
(44.06 74 68)
(44.08 52 55)
(44.08 70 66)
(44.48 72 67)
(44.48 75 69)
(44.57 74 68)
(44.59 70 66)
(44.6 53 56)
(45.13 69 65)
(45.13 72 67)
(45.65 62 61)
(45.65 81 72)
(45.65 86 75)
(46.04 58 59)
(46.04 63 62)
(46.04 82 73)
(46.14 60 60)
(46.41 58 59)
(46.41 70 66)
(46.66 74 68)
(46.66 77 70)
(46.68 58 59)
(47.16 58 59)
(47.16 74 68)
(47.16 76 69)
(47.7 75 69)
(47.71 57 58)
(48.75 63 62)
(48.75 75 69)
(49.13 65 63)
(49.23 62 61)
(49.48 60 60)
(49.7 86 75)
(49.7 87 76)
(49.71 60 60)
(49.71 81 72)
(50.2 60 60)
(50.2 81 72)
(50.2 86 75)
(50.2 87 76)
(50.73 86 75)
(50.75 58 59)
(51.77 74 68)
(51.77 75 69)
(51.79 58 59)
(52.15 60 60)
(52.15 75 69)
(52.24 77 70)
(52.25 53 56)
(52.52 63 62)
(52.52 79 71)
(52.75 60 60)
(52.75 75 69)
(53.0 57 58)
(53.0 72 67)
(53.24 58 59)
(53.24 74 68)
(53.24 86 75)
(53.47 75 69)
(53.48 60 60)
(53.57 75 69)
(53.71 62 61)
(53.71 77 70)
(53.71 78 71)
(53.98 79 71)
(54.21 60 60)
(54.21 75 69)
(54.45 57 58)
(54.45 72 67)
(54.7 58 59)
(54.7 74 68)
(54.94 60 60)
(54.94 75 69)
(54.95 58 59)
(55.2 62 61)
(55.2 77 70)
(55.48 87 76)
(55.76 86 75)
(56.02 84 74)
(56.28 82 73)
(56.54 81 72)
(56.77 79 71)
(57.02 77 70)
(57.27 76 69)
(57.51 75 69)
(57.76 74 68)
(58.01 72 67)
(58.3 77 70)
(58.73 79 71)
(58.8 62 61)
(58.8 70 66)
(58.81 53 56)
(59.33 69 65)
(59.33 75 69)
(59.34 53 56)
(59.34 60 60)
(59.34 63 62)
(59.84 58 59)
(59.84 70 66)
(59.85 62 61)
(60.38 34 45)
(60.38 46 52)
(60.9 75 69)
(60.9 79 71)
(61.29 74 68)
(61.3 77 70)
(61.41 74 68)
(61.41 77 70)
(61.92 70 66)
(62.41 75 69)
(62.41 81 72)
(62.81 74 68)
(62.81 82 73)
(62.91 86 75)
(62.92 74 68)
(62.92 82 73)
(63.29 82 73)
(63.46 58 59)
(63.46 70 66)
(63.97 55 57)
(64.36 70 66)
(64.45 39 48)
(64.45 75 69)
(64.46 51 55)
(64.46 67 64)
(64.97 48 53)
(65.48 63 62)
(65.48 72 67)
(65.49 53 56)
(65.89 69 65)
(66.0 58 59)
(66.0 62 61)
(66.0 70 66)
(66.55 46 52)
(67.03 50 54)
(67.03 71 66)
(67.03 83 73)
(67.1 53 56)
(67.1 77 70)
(67.1 80 72)
(67.6 72 67)
(67.61 76 69)
(67.63 52 55)
(67.63 55 57)
(67.63 64 62)
(68.1 69 65)
(68.11 75 69)
(68.15 78 71)
(68.16 51 55)
(68.64 58 59)
(68.65 50 54)
(68.65 62 61)
(69.19 76 69)
(69.2 43 50)
(69.2 55 57)
(69.65 66 64)
(69.7 72 67)
(69.72 45 51)
(69.72 57 58)
(69.72 75 69)
(70.19 58 59)
(70.23 46 52)
(70.23 55 57)
(70.24 74 68)
(70.78 51 55)
(71.31 72 67)
(71.82 52 55)
(71.82 73 68)
(72.34 70 66)
(72.36 53 56)
(72.6 69 65)
(72.83 51 55)
(72.83 67 64)
(73.06 51 55)
(73.06 58 59)
(73.06 65 63)
(73.33 50 54)
(73.33 70 66)
(73.33 82 73)
(73.48 70 66)
(73.85 57 58)
(73.85 72 67)
(73.85 75 69)
(74.37 74 68)
(74.38 70 66)
(74.76 72 67)
(74.77 69 65)
(74.86 74 68)
(74.91 52 55)
(74.91 70 66)
(75.01 70 66)
(75.28 72 67)
(75.28 75 69)
(75.36 74 68)
(75.39 70 66)
(75.69 70 66)
(75.94 69 65)
(75.94 72 67)
(76.47 62 61)
(76.85 58 59)
(76.85 63 62)
(76.95 60 60)
(77.18 58 59)
(77.18 70 66)
(77.44 74 68)
(77.44 77 70)
(77.45 58 59)
(77.93 58 59)
(77.94 74 68)
(77.94 77 70)
(78.47 77 70)
(78.48 57 58)
(78.48 75 69)
(79.53 63 62)
(79.53 75 69)
(79.92 65 63)
(80.01 62 61)
(80.25 60 60)
(80.48 81 72)
(80.48 87 76)
(80.95 86 75)
(80.96 60 60)
(80.96 81 72)
(80.96 87 76)
(81.49 58 59)
(81.49 86 75)
(82.53 75 69)
(82.54 74 68)
(82.57 58 59)
(82.91 60 60)
(82.91 75 69)
(83.0 53 56)
(83.0 62 61)
(83.0 77 70)
(83.27 63 62)
(83.27 79 71)
(83.52 60 60)
(83.52 75 69)
(83.77 57 58)
(83.77 69 65)
(83.77 72 67)
(84.01 58 59)
(84.01 74 68)
(84.23 75 69)
(84.24 60 60)
(84.48 62 61)
(84.48 77 70)
(84.48 78 71)
(84.74 63 62)
(84.74 79 71)
(84.98 60 60)
(84.98 75 69)
(85.23 57 58)
(85.23 72 67)
(85.48 58 59)
(85.48 74 68)
(85.71 60 60)
(85.71 75 69)
(85.98 53 56)
(85.98 62 61)
(85.98 77 70)
(86.26 87 76)
(86.53 86 75)
(86.78 84 74)
(87.01 82 73)
(87.25 81 72)
(87.49 79 71)
(87.75 77 70)
(87.99 76 69)
(88.23 75 69)
(88.49 74 68)
(88.73 72 67)
(89.01 77 70)
(89.47 79 71)
(89.53 62 61)
(89.53 70 66)
(89.54 65 63)
(90.05 69 65)
(90.05 75 69)
(90.06 60 60)
(90.57 58 59)
(90.57 62 61)
(90.57 70 66)
(91.14 46 52)
(91.67 75 69)
(91.67 79 71)
(92.06 74 68)
(92.06 77 70)
(92.19 74 68)
(92.19 77 70)
(92.71 69 65)
(92.71 70 66)
(93.21 75 69)
(93.21 81 72)
(93.6 73 68)
(93.6 82 73)
(93.72 74 68)
(93.72 82 73)
(94.23 58 59)
(94.23 70 66)
(94.74 55 57)
(94.74 74 68)
(95.17 70 66)
(95.26 51 55)
(95.26 67 64)
(95.26 75 69)
(95.77 48 53)
(95.77 60 60)
(96.27 53 56)
(96.27 63 62)
(96.27 72 67)
(96.66 69 65)
(96.78 58 59)
(96.78 62 61)
(96.78 70 66)
(97.32 46 52)
(97.93 70 66)
(98.07 72 67)
(98.19 70 66)
(98.31 69 65)
(98.45 63 62)
(98.45 70 66)
(98.76 58 59)
(98.99 63 62)
(98.99 67 64)
(99.24 58 59)
(99.24 70 66)
(99.35 70 66)
(99.44 75 69)
(99.45 63 62)
(99.73 58 59)
(99.73 70 66)
(99.83 75 69)
(99.94 65 63)
(99.94 68 65)
(99.94 75 69)
(100.27 58 59)
(100.27 70 66)
(100.52 74 68)
(100.53 68 65)
(100.77 70 66)
(100.78 58 59)
(101.0 68 65)
(101.0 70 66)
(101.14 72 67)
(101.24 70 66)
(101.36 69 65)
(101.49 63 62)
(101.49 70 66)
(101.76 58 59)
(102.01 63 62)
(102.01 67 64)
(102.26 58 59)
(102.26 70 66)
(102.38 70 66)
(102.49 63 62)
(102.49 79 71)
(102.75 58 59)
(102.75 70 66)
(102.87 79 71)
(102.98 53 56)
(102.98 58 59)
(102.98 62 61)
(102.98 82 73)
(103.3 58 59)
(103.3 70 66)
(103.53 62 61)
(103.53 65 63)
(103.53 80 72)
(103.79 58 59)
(103.79 70 66)
(104.03 62 61)
(104.03 65 63)
(104.03 80 72)
(104.15 82 73)
(104.27 58 59)
(104.27 80 72)
(104.39 77 70)
(104.52 43 50)
(104.52 63 62)
(104.52 75 69)
(104.52 79 71)
(104.62 80 72)
(104.75 79 71)
(104.88 75 69)
(105.0 82 73)
(105.21 80 72)
(105.38 43 50)
(105.38 79 71)
(105.55 43 50)
(105.55 55 57)
(105.55 77 70)
(105.72 75 69)
(105.89 73 68)
(106.05 44 51)
(106.05 56 58)
(106.05 72 67)
(106.17 73 68)
(106.29 56 58)
(106.29 72 67)
(106.41 56 58)
(106.41 68 65)
(106.57 84 74)
(106.76 82 73)
(106.95 80 72)
(107.1 58 59)
(107.1 61 61)
(107.1 71 66)
(107.1 79 71)
(107.3 77 70)
(107.46 76 69)
(107.65 77 70)
(107.66 56 58)
(107.76 79 71)
(107.87 77 70)
(107.99 72 67)
(108.14 84 74)
(108.34 82 73)
(108.51 80 72)
(108.69 43 50)
(108.69 57 58)
(108.69 63 62)
(108.69 79 71)
(108.85 65 63)
(108.85 77 70)
(109.0 67 64)
(109.0 75 69)
(109.19 75 69)
(109.21 58 59)
(109.74 74 68)
(110.29 77 70)
(110.3 58 59)
(110.39 79 71)
(110.5 77 70)
(110.63 74 68)
(110.76 60 60)
(110.76 75 69)
(111.03 65 63)
(111.28 63 62)
(111.28 72 67)
(111.54 65 63)
(111.79 63 62)
(111.79 81 72)
(111.91 82 73)
(112.04 81 72)
(112.15 77 70)
(112.26 82 73)
(112.56 65 63)
(112.78 86 75)
(112.79 43 50)
(112.79 58 59)
(113.08 65 63)
(113.3 58 59)
(113.3 77 70)
(113.41 79 71)
(113.53 53 56)
(113.53 65 63)
(113.53 77 70)
(113.64 74 68)
(113.76 60 60)
(113.76 75 69)
(114.05 65 63)
(114.05 77 70)
(114.28 60 60)
(114.28 63 62)
(114.28 72 67)
(114.54 65 63)
(114.78 63 62)
(114.78 81 72)
(114.9 82 73)
(115.02 81 72)
(115.03 65 63)
(115.12 77 70)
(115.25 43 50)
(115.25 82 73)
(115.54 65 63)
(115.79 86 75)
(115.8 58 59)
(116.35 84 74)
(116.47 82 73)
(116.58 81 72)
(116.68 79 71)
(116.79 79 71)
(117.07 77 70)
(117.33 50 54)
(117.33 58 59)
(117.33 77 70)
(117.84 79 71)
(117.88 50 54)
(117.88 58 59)
(117.98 77 70)
(118.09 75 69)
(118.19 74 68)
(118.32 74 68)
(118.59 72 67)
(118.85 39 48)
(118.85 51 55)
(118.85 58 59)
(118.85 72 67)
(119.38 52 55)
(119.38 58 59)
(119.38 70 66)
(119.38 72 67)
(119.91 75 69)
(120.01 53 56)
(120.01 60 60)
(120.01 72 67)
(120.01 75 69)
(120.1 77 70)
(121.08 62 61)
(121.08 77 70)
(121.09 53 56)
(121.18 53 56)
(121.18 60 60)
(121.18 75 69)
(121.31 58 59)
(121.31 74 68)
(121.43 57 58)
(121.43 72 67)
(121.56 70 66)
(122.14 46 52)
(122.69 70 66)
(122.8 72 67)
(122.92 70 66)
(123.03 69 65)
(123.16 63 62)
(123.16 70 66)
(123.45 58 59)
(123.71 58 59)
(123.71 63 62)
(123.71 67 64)
(123.71 70 66)
(123.97 58 59)
(123.97 70 66)
(124.08 70 66)
(124.2 63 62)
(124.2 75 69)
(124.46 70 66)
(124.47 58 59)
(124.58 75 69)
(124.69 46 52)
(124.69 65 63)
(124.69 75 69)
(125.03 58 59)
(125.24 74 68)
(125.27 65 63)
(125.27 68 65)
(125.54 58 59)
(125.54 70 66)
(125.77 70 66)
(125.89 70 66)
(125.89 72 67)
(126.0 58 59)
(126.0 70 66)
(126.11 69 65)
(126.23 63 62)
(126.23 70 66)
(126.53 58 59)
(126.76 58 59)
(126.76 63 62)
(126.76 67 64)
(127.03 58 59)
(127.03 70 66)
(127.14 70 66)
(127.24 79 71)
(127.26 63 62)
(127.52 58 59)
(127.52 70 66)
(127.63 79 71)
(127.73 43 50)
(127.73 62 61)
(127.73 65 63)
(127.73 82 73)
(128.03 58 59)
(128.03 70 66)
(128.25 65 63)
(128.25 80 72)
(128.51 58 59)
(128.51 70 66)
(128.75 80 72)
(128.88 82 73)
(128.99 80 72)
(129.11 77 70)
(129.24 63 62)
(129.24 75 69)
(129.24 79 71)
(129.35 80 72)
(129.47 79 71)
(129.59 75 69)
(129.74 82 73)
(129.95 80 72)
(130.1 43 50)
(130.1 79 71)
(130.27 43 50)
(130.27 55 57)
(130.27 77 70)
(130.44 75 69)
(130.6 73 68)
(130.79 44 51)
(130.79 56 58)
(130.79 72 67)
(130.9 73 68)
(131.02 56 58)
(131.02 72 67)
(131.14 56 58)
(131.14 68 65)
(131.3 84 74)
(131.51 82 73)
(131.68 80 72)
(131.85 43 50)
(131.85 58 59)
(131.85 61 61)
(131.85 79 71)
(132.03 77 70)
(132.19 76 69)
(132.37 56 58)
(132.37 60 60)
(132.37 77 70)
(132.48 79 71)
(132.59 56 58)
(132.59 77 70)
(132.72 72 67)
(132.86 84 74)
(133.05 82 73)
(133.22 80 72)
(133.39 63 62)
(133.39 79 71)
(133.4 57 58)
(133.56 65 63)
(133.56 77 70)
(133.71 67 64)
(133.71 75 69)
(133.92 75 69)
(133.93 67 64)
(133.94 58 59)
(134.47 65 63)
(134.47 74 68)
(134.48 46 52)
(135.03 58 59)
(135.03 77 70)
(135.14 79 71)
(135.25 77 70)
(135.38 74 68)
(135.5 60 60)
(135.5 75 69)
(135.8 65 63)
(136.04 41 49)
(136.04 63 62)
(136.04 72 67)
(136.32 65 63)
(136.55 81 72)
(136.67 82 73)
(136.79 81 72)
(136.89 77 70)
(137.01 82 73)
(137.02 62 61)
(137.31 65 63)
(137.53 86 75)
(137.54 58 59)
(137.82 58 59)
(137.82 65 63)
(138.05 77 70)
(138.06 58 59)
(138.15 79 71)
(138.27 53 56)
(138.27 77 70)
(138.38 74 68)
(138.5 75 69)
(138.51 60 60)
(138.82 65 63)
(139.04 63 62)
(139.04 72 67)
(139.31 65 63)
(139.53 63 62)
(139.53 81 72)
(139.65 82 73)
(139.76 53 56)
(139.77 65 63)
(139.87 41 49)
(139.87 77 70)
(140.0 82 73)
(140.27 65 63)
(140.53 58 59)
(140.53 86 75)
(141.1 84 74)
(141.2 82 73)
(141.32 81 72)
(141.44 79 71)
(141.56 49 54)
(141.56 76 69)
(141.57 79 71)
(141.82 77 70)
(142.09 50 54)
(142.09 58 59)
(142.09 77 70)
(142.6 79 71)
(142.61 58 59)
(142.72 77 70)
(142.84 75 69)
(142.94 74 68)
(143.06 74 68)
(143.34 72 67)
(143.61 58 59)
(143.61 72 67)
(144.14 52 55)
(144.14 58 59)
(144.14 72 67)
(144.68 75 69)
(144.76 60 60)
(144.77 72 67)
(144.77 75 69)
(144.87 77 70)
(145.84 62 61)
(145.84 77 70)
(145.85 53 56)
(145.95 53 56)
(145.95 60 60)
(145.95 75 69)
(146.07 58 59)
(146.21 57 58)
(146.21 69 65)
(146.21 72 67)
(146.32 70 66)
(146.83 34 45)
(146.83 46 52)
(147.37 70 66)
(147.38 62 61)
(147.64 70 66)
(147.65 58 59)
(147.87 42 50)
(147.87 63 62)
(147.87 75 69)
(147.87 83 73)
(148.03 72 67)
(148.14 70 66)
(148.63 58 59)
(148.63 70 66)
(148.89 74 68)
(149.13 58 59)
(149.13 74 68)
(149.36 74 68)
(149.37 67 64)
(149.49 75 69)
(149.65 58 59)
(149.65 70 66)
(149.9 67 64)
(150.15 58 59)
(150.15 70 66)
(150.39 58 59)
(150.39 62 61)
(150.39 77 70)
(150.62 58 59)
(150.62 77 70)
(150.86 51 55)
(150.86 63 62)
(150.86 75 69)
(150.86 78 71)
(150.98 79 71)
(151.14 70 66)
(151.15 58 59)
(151.63 70 66)
(151.64 58 59)
(151.85 81 72)
(151.88 58 59)
(151.88 60 60)
(152.09 81 72)
(152.11 58 59)
(152.32 81 72)
(152.33 62 61)
(152.34 43 50)
(152.44 82 73)
(152.61 58 59)
(152.86 65 63)
(153.1 58 59)
(153.1 62 61)
(153.36 70 66)
(153.37 58 59)
(153.61 70 66)
(153.88 47 52)
(153.88 75 69)
(154.15 77 70)
(154.41 78 71)
(154.66 77 70)
(154.9 48 53)
(154.9 75 69)
(155.15 50 54)
(155.15 74 68)
(155.4 75 69)
(155.66 77 70)
(155.9 78 71)
(156.16 76 69)
(156.16 79 71)
(156.39 80 72)
(156.64 81 72)
(156.92 82 73)
(156.93 46 52)
(156.93 58 59)
(157.98 46 52)
(157.98 58 59)
(157.98 70 66)
(158.08 59 59)
(158.2 58 59)
(158.2 70 66)
(158.3 57 58)
(158.43 46 52)
(158.43 58 59)
(159.51 70 66)
(159.66 72 67)
(159.76 70 66)
(159.89 69 65)
(160.01 67 64)
(160.01 70 66)
(160.12 70 66)
(160.33 57 58)
(160.33 58 59)
(160.58 67 64)
(160.81 70 66)
(160.82 58 59)
(160.89 70 66)
(161.0 63 62)
(161.0 67 64)
(161.0 75 69)
(161.29 58 59)
(161.39 75 69)
(161.49 75 69)
(161.51 68 65)
(161.52 65 63)
(161.79 58 59)
(162.01 74 68)
(162.29 58 59)
(162.29 70 66)
(162.29 74 68)
(162.51 68 65)
(162.51 70 66)
(162.64 72 67)
(162.74 58 59)
(162.86 69 65)
(162.99 67 64)
(162.99 70 66)
(163.0 63 62)
(163.27 58 59)
(163.5 63 62)
(163.5 67 64)
(163.5 70 66)
(163.5 75 69)
(163.74 58 59)
(163.85 70 66)
(163.96 63 62)
(163.96 67 64)
(163.96 70 66)
(163.96 79 71)
(164.23 58 59)
(164.32 79 71)
(164.44 82 73)
(164.45 58 59)
(164.76 58 59)
(164.76 70 66)
(164.97 80 72)
(165.24 58 59)
(165.24 70 66)
(165.47 65 63)
(165.47 80 72)
(165.58 82 73)
(165.69 58 59)
(165.69 70 66)
(165.69 80 72)
(165.8 77 70)
(165.93 63 62)
(165.93 75 69)
(165.93 79 71)
(166.03 80 72)
(166.14 79 71)
(166.27 75 69)
(166.27 79 71)
(166.41 82 73)
(166.6 80 72)
(166.76 79 71)
(166.91 43 50)
(166.91 55 57)
(166.91 77 70)
(167.09 75 69)
(167.24 73 68)
(167.42 44 51)
(167.42 56 58)
(167.42 72 67)
(167.52 73 68)
(167.62 56 58)
(167.62 72 67)
(167.74 56 58)
(167.74 68 65)
(167.9 84 74)
(168.07 82 73)
(168.25 80 72)
(168.42 59 59)
(168.42 79 71)
(168.43 58 59)
(168.43 61 61)
(168.59 77 70)
(168.74 76 69)
(168.92 56 58)
(168.92 60 60)
(168.92 77 70)
(169.02 79 71)
(169.14 56 58)
(169.14 77 70)
(169.24 72 67)
(169.39 84 74)
(169.59 82 73)
(169.74 80 72)
(169.91 63 62)
(169.91 79 71)
(169.92 57 58)
(170.07 53 56)
(170.07 65 63)
(170.07 77 70)
(170.21 67 64)
(170.21 75 69)
(170.41 58 59)
(170.41 67 64)
(170.41 75 69)
(170.93 46 52)
(170.93 65 63)
(170.93 74 68)
(171.46 51 55)
(171.46 70 66)
(171.56 72 67)
(171.68 70 66)
(171.69 58 59)
(171.79 58 59)
(171.79 67 64)
(171.93 68 65)
(171.95 53 56)
(172.2 58 59)
(172.44 56 58)
(172.44 65 63)
(172.44 68 65)
(172.69 58 59)
(172.69 70 66)
(172.95 74 68)
(172.95 75 69)
(173.06 75 69)
(173.17 74 68)
(173.18 75 69)
(173.2 70 66)
(173.28 70 66)
(173.39 75 69)
(173.42 55 57)
(173.69 75 69)
(173.91 79 71)
(174.19 58 59)
(174.19 70 66)
(174.39 70 66)
(174.39 82 73)
(174.51 70 66)
(174.51 72 67)
(174.63 70 66)
(174.74 58 59)
(174.74 67 64)
(174.74 70 66)
(174.86 68 65)
(174.9 53 56)
(175.15 58 59)
(175.39 53 56)
(175.39 58 59)
(175.39 65 63)
(175.63 58 59)
(175.63 70 66)
(175.86 75 69)
(175.97 75 69)
(176.09 75 69)
(176.11 70 66)
(176.19 56 58)
(176.19 70 66)
(176.32 75 69)
(176.61 75 69)
(176.62 58 59)
(176.86 79 71)
(176.87 51 55)
(177.38 89 77)
(177.5 87 76)
(177.62 86 75)
(177.72 84 74)
(177.83 84 74)
(178.08 82 73)
(178.35 63 62)
(178.35 82 73)
(178.36 55 57)
(178.89 55 57)
(178.89 63 62)
(178.89 84 74)
(179.0 82 73)
(179.0 84 74)
(179.12 80 72)
(179.23 79 71)
(179.36 79 71)
(179.61 77 70)
(179.88 56 58)
(179.88 63 62)
(179.88 68 65)
(179.88 77 70)
(180.38 57 58)
(180.38 63 62)
(180.38 77 70)
(180.89 58 59)
(180.89 63 62)
(180.89 70 66)
(180.89 75 69)
(180.89 79 71)
(180.98 80 72)
(181.09 82 73)
(182.07 82 73)
(182.08 58 59)
(182.08 70 66)
(182.18 80 72)
(182.3 58 59)
(182.3 63 62)
(182.3 79 71)
(182.42 77 70)
(182.54 75 69)
(182.55 63 62)
(182.61 63 62)
(183.1 51 55)
(183.59 62 61)
(183.59 70 66)
(183.7 70 66)
(183.85 58 59)
(183.85 70 66)
(184.09 63 62)
(184.09 83 73)
(184.23 72 67)
(184.4 58 59)
(184.62 58 59)
(184.62 63 62)
(184.86 58 59)
(184.86 70 66)
(185.09 42 50)
(185.09 46 52)
(185.09 65 63)
(185.09 74 68)
(185.32 58 59)
(185.32 74 68)
(185.55 67 64)
(185.55 74 68)
(185.56 49 54)
(185.67 75 69)
(185.83 58 59)
(185.83 70 66)
(186.08 67 64)
(186.3 58 59)
(186.53 58 59)
(186.53 62 61)
(186.53 77 70)
(186.76 77 70)
(186.77 58 59)
(186.77 70 66)
(187.0 78 71)
(187.01 63 62)
(187.12 79 71)
(187.29 70 66)
(187.3 58 59)
(187.54 58 59)
(187.54 63 62)
(187.54 75 69)
(187.78 58 59)
(187.97 81 72)
(188.0 60 60)
(188.22 58 59)
(188.22 81 72)
(188.45 62 61)
(188.45 81 72)
(188.46 43 50)
(188.55 82 73)
(188.72 58 59)
(188.97 58 59)
(188.97 65 63)
(189.22 62 61)
(189.47 58 59)
(189.47 70 66)
(189.73 70 66)
(189.73 82 73)
(189.83 70 66)
(189.98 46 52)
(189.98 47 52)
(189.98 75 69)
(190.24 59 59)
(190.24 77 70)
(190.49 78 71)
(190.75 77 70)
(190.98 75 69)
(191.21 74 68)
(191.46 75 69)
(191.71 77 70)
(191.95 78 71)
(192.04 78 71)
(192.19 79 71)
(192.43 80 72)
(192.67 81 72)
(192.98 82 73)
(192.99 46 52)
(192.99 58 59)
(194.03 46 52)
(194.03 58 59)
(194.03 70 66)
(194.15 59 59)
(194.26 58 59)
(194.37 45 51)
(194.37 57 58)
(194.37 69 65)
(194.51 46 52)
(194.51 70 66)
(195.61 70 66)
(195.78 72 67)
(195.92 70 66)
(196.04 69 65)
(196.16 70 66)
(196.48 58 59)
(196.68 58 59)
(196.68 63 62)
(196.68 67 64)
(196.95 58 59)
(196.95 70 66)
(197.05 70 66)
(197.15 63 62)
(197.15 67 64)
(197.15 75 69)
(197.41 43 50)
(197.41 58 59)
(197.41 70 66)
(197.54 75 69)
(197.63 65 63)
(197.63 75 69)
(197.64 68 65)
(197.97 70 66)
(197.98 58 59)
(198.19 74 68)
(198.46 58 59)
(198.67 53 56)
(198.67 68 65)
(198.67 70 66)
(198.67 82 73)
(198.79 72 67)
(198.9 58 59)
(198.9 70 66)
(199.01 69 65)
(199.14 70 66)
(199.16 63 62)
(199.45 58 59)
(199.7 63 62)
(199.7 67 64)
(199.94 58 59)
(199.94 70 66)
(200.02 70 66)
(200.13 79 71)
(200.17 58 59)
(200.17 63 62)
(200.43 70 66)
(200.44 58 59)
(200.54 43 50)
(200.54 79 71)
(200.64 58 59)
(200.64 62 61)
(200.64 65 63)
(200.64 82 73)
(200.94 70 66)
(200.95 58 59)
(201.17 58 59)
(201.17 62 61)
(201.17 65 63)
(201.17 80 72)
(201.42 58 59)
(201.42 70 66)
(201.67 62 61)
(201.67 65 63)
(201.67 80 72)
(201.78 82 73)
(201.89 80 72)
(202.01 50 54)
(202.01 77 70)
(202.14 79 71)
(202.15 63 62)
(202.25 80 72)
(202.38 79 71)
(202.49 75 69)
(202.65 44 51)
(202.65 82 73)
(202.84 80 72)
(203.0 79 71)
(203.16 43 50)
(203.16 55 57)
(203.16 77 70)
(203.33 75 69)
(203.5 73 68)
(203.67 44 51)
(203.67 56 58)
(203.67 72 67)
(203.78 73 68)
(203.88 72 67)
(204.0 56 58)
(204.0 68 65)
(204.16 84 74)
(204.36 82 73)
(204.52 80 72)
(204.69 58 59)
(204.69 59 59)
(204.69 61 61)
(204.69 79 71)
(204.86 77 70)
(205.01 76 69)
(205.2 56 58)
(205.2 60 60)
(205.2 77 70)
(205.31 79 71)
(205.41 77 70)
(205.53 72 67)
(205.68 84 74)
(205.87 82 73)
(206.02 80 72)
(206.19 79 71)
(206.2 63 62)
(206.21 57 58)
(206.36 65 63)
(206.36 77 70)
(206.49 67 64)
(206.49 75 69)
(206.68 75 69)
(206.69 67 64)
(206.7 58 59)
(207.22 74 68)
(207.23 65 63)
(207.75 51 55)
(207.75 70 66)
(207.85 72 67)
(207.96 70 66)
(207.97 58 59)
(208.07 58 59)
(208.07 67 64)
(208.19 68 65)
(208.2 53 56)
(208.49 58 59)
(208.49 70 66)
(208.74 56 58)
(208.74 65 63)
(208.74 68 65)
(208.99 70 66)
(209.0 58 59)
(209.25 42 50)
(209.25 75 69)
(209.36 75 69)
(209.47 58 59)
(209.47 70 66)
(209.47 74 68)
(209.57 56 58)
(209.57 70 66)
(209.71 55 57)
(209.71 75 69)
(210.01 58 59)
(210.01 75 69)
(210.25 79 71)
(210.26 51 55)
(210.51 58 59)
(210.76 70 66)
(210.86 72 67)
(210.98 58 59)
(211.09 67 64)
(211.09 70 66)
(211.22 53 56)
(211.22 68 65)
(211.51 58 59)
(211.73 56 58)
(211.73 58 59)
(211.73 65 63)
(211.73 68 65)
(211.99 56 58)
(211.99 58 59)
(211.99 70 66)
(212.22 74 68)
(212.22 75 69)
(212.33 75 69)
(212.44 74 68)
(212.44 75 69)
(212.46 58 59)
(212.55 70 66)
(212.68 55 57)
(212.68 75 69)
(212.98 58 59)
(212.98 70 66)
(213.22 51 55)
(213.22 79 71)
(213.77 89 77)
(213.89 87 76)
(214.0 86 75)
(214.1 84 74)
(214.22 84 74)
(214.47 82 73)
(214.75 63 62)
(214.75 82 73)
(214.76 55 57)
(215.26 84 74)
(215.38 55 57)
(215.38 82 73)
(215.5 80 72)
(215.61 79 71)
(215.75 79 71)
(216.02 77 70)
(216.27 44 51)
(216.27 56 58)
(216.27 63 62)
(216.27 68 65)
(216.27 77 70)
(216.79 42 50)
(216.79 57 58)
(216.79 63 62)
(216.79 77 70)
(217.3 58 59)
(217.3 75 69)
(217.3 79 71)
(217.38 58 59)
(217.38 65 63)
(217.38 80 72)
(217.48 67 64)
(217.48 82 73)
(218.44 58 59)
(218.44 70 66)
(218.44 82 73)
(218.56 80 72)
(218.67 63 62)
(218.67 79 71)
(218.79 77 70)
(218.8 62 61)
(218.93 75 69)
(218.97 63 62)
(219.49 51 55)
(219.99 86 75)
(220.0 74 68)
(220.4 75 69)
(220.4 76 69)
(220.47 72 67)
(220.73 70 66)
(220.83 70 66)
(220.99 62 61)
(220.99 65 63)
(220.99 70 66)
(221.08 70 66)
(221.48 62 61)
(221.48 70 66)
(221.58 70 66)
(222.02 69 65)
(222.03 63 62)
(223.03 75 69)
(223.43 77 70)
(223.51 74 68)
(223.51 86 75)
(223.61 74 68)
(223.76 72 67)
(224.01 63 62)
(224.01 65 63)
(224.01 72 67)
(224.51 72 67)
(224.52 63 62)
(225.04 62 61)
(225.04 70 66)
(225.15 70 66)
(226.08 75 69)
(226.09 74 68)
(226.11 58 59)
(226.46 60 60)
(226.46 75 69)
(226.56 77 70)
(226.57 53 56)
(226.85 79 71)
(226.87 63 62)
(227.1 60 60)
(227.1 75 69)
(227.34 57 58)
(227.34 72 67)
(227.58 58 59)
(227.58 70 66)
(227.58 74 68)
(227.58 86 75)
(227.82 58 59)
(227.82 60 60)
(227.82 75 69)
(228.06 43 50)
(228.06 58 59)
(228.06 62 61)
(228.06 77 70)
(228.33 79 71)
(228.58 75 69)
(228.59 58 59)
(228.59 60 60)
(228.81 57 58)
(228.81 72 67)
(229.05 58 59)
(229.05 74 68)
(229.14 58 59)
(229.29 58 59)
(229.29 60 60)
(229.29 75 69)
(229.55 50 54)
(229.55 77 70)
(229.82 82 73)
(230.07 81 72)
(230.18 81 72)
(230.32 79 71)
(230.57 50 54)
(230.57 77 70)
(230.8 76 69)
(231.06 74 68)
(231.32 72 67)
(231.56 71 66)
(231.56 83 73)
(231.65 71 66)
(231.81 70 66)
(231.91 70 66)
(232.05 69 65)
(232.3 67 64)
(232.39 67 64)
(232.46 67 64)
(232.58 72 67)
(233.0 74 68)
(233.0 86 75)
(233.09 48 53)
(233.09 57 58)
(233.09 60 60)
(233.09 65 63)
(233.6 55 57)
(233.6 58 59)
(233.6 64 62)
(234.13 53 56)
(234.13 57 58)
(234.13 65 63)
(234.67 41 49)
(235.19 70 66)
(235.19 74 68)
(235.32 70 66)
(235.59 69 65)
(235.59 72 67)
(235.71 72 67)
(235.72 69 65)
(236.25 65 63)
(236.72 70 66)
(236.72 76 69)
(236.82 70 66)
(236.82 76 69)
(237.14 69 65)
(237.14 77 70)
(237.24 77 70)
(237.77 53 56)
(238.22 71 66)
(238.29 53 56)
(238.29 77 70)
(238.29 80 72)
(238.78 72 67)
(238.78 76 69)
(238.83 52 55)
(238.83 64 62)
(239.29 69 65)
(239.33 75 69)
(239.34 39 48)
(239.34 51 55)
(239.34 63 62)
(239.34 70 66)
(239.34 78 71)
(239.84 71 66)
(239.85 50 54)
(239.85 62 61)
(240.36 67 64)
(240.38 43 50)
(240.88 72 67)
(240.9 45 51)
(240.9 75 69)
(241.41 46 52)
(241.41 55 57)
(241.41 58 59)
(241.99 51 55)
(242.5 72 67)
(243.01 40 48)
(243.01 52 55)
(243.01 73 68)
(243.49 70 66)
(243.51 53 56)
(243.76 69 65)
(244.01 51 55)
(244.01 67 64)
(244.24 58 59)
(244.24 65 63)
(244.5 70 66)
(244.51 50 54)
(245.03 72 67)
(245.03 75 69)
(245.56 70 66)
(245.56 74 68)
(245.97 72 67)
(245.98 69 65)
(246.06 74 68)
(246.08 52 55)
(246.1 70 66)
(246.21 70 66)
(246.5 72 67)
(246.5 75 69)
(246.57 72 67)
(246.57 75 69)
(246.62 70 66)
(247.15 69 65)
(247.15 72 67)
(247.66 62 61)
(247.66 86 75)
(248.04 58 59)
(248.04 63 62)
(248.04 75 69)
(248.04 82 73)
(248.14 60 60)
(248.4 58 59)
(248.4 70 66)
(248.65 58 59)
(248.65 74 68)
(248.65 77 70)
(249.14 77 70)
(249.15 58 59)
(249.15 74 68)
(249.67 77 70)
(249.68 75 69)
(249.69 57 58)
(250.72 63 62)
(250.72 75 69)
(251.12 65 63)
(251.21 62 61)
(251.46 58 59)
(251.46 60 60)
(251.71 81 72)
(251.71 86 75)
(251.72 87 76)
(251.73 60 60)
(252.23 86 75)
(252.24 60 60)
(252.24 81 72)
(252.24 87 76)
(252.77 86 75)
(252.78 58 59)
(253.85 58 59)
(253.85 74 68)
(253.86 42 50)
(254.24 60 60)
(254.24 75 69)
(254.34 53 56)
(254.34 62 61)
(254.34 77 70)
(254.61 63 62)
(254.61 79 71)
(254.86 60 60)
(254.86 75 69)
(255.1 42 50)
(255.1 57 58)
(255.1 69 65)
(255.1 72 67)
(255.33 58 59)
(255.33 74 68)
(255.57 58 59)
(255.57 60 60)
(255.57 72 67)
(255.57 75 69)
(255.81 62 61)
(255.81 77 70)
(256.08 79 71)
(256.09 63 62)
(256.35 60 60)
(256.35 75 69)
(256.58 42 50)
(256.58 57 58)
(256.58 69 65)
(256.58 72 67)
(256.82 58 59)
(256.82 74 68)
(257.06 60 60)
(257.06 75 69)
(257.33 62 61)
(257.33 77 70)
(257.61 87 76)
(257.87 86 75)
(258.12 43 50)
(258.12 84 74)
(258.37 82 73)
(258.62 81 72)
(258.87 79 71)
(259.12 77 70)
(259.38 76 69)
(259.63 75 69)
(259.89 69 65)
(259.89 74 68)
(260.13 72 67)
(260.43 77 70)
(260.88 79 71)
(260.94 53 56)
(260.94 62 61)
(260.94 65 63)
(260.94 70 66)
(261.45 60 60)
(261.45 69 65)
(261.45 75 69)
(261.46 53 56)
(261.46 63 62)
(261.97 58 59)
(261.97 70 66)
(261.98 62 61)
(262.53 46 52)
(263.04 75 69)
(263.04 79 71)
(263.44 74 68)
(263.44 77 70)
(263.54 74 68)
(263.54 77 70)
(264.09 70 66)
(264.1 69 65)
(264.63 75 69)
(264.63 81 72)
(265.01 74 68)
(265.01 82 73)
(265.13 74 68)
(265.13 82 73)
(265.66 58 59)
(265.66 70 66)
(266.18 55 57)
(266.18 74 68)
(266.61 70 66)
(266.7 75 69)
(266.71 51 55)
(267.25 48 53)
(267.26 60 60)
(267.78 53 56)
(267.78 63 62)
(267.78 72 67)
(268.23 69 65)
(268.34 58 59)
(268.34 62 61)
(268.34 70 66)
(269.1 46 52)
