(41 60)
(41 68)
(42 61)
(42 70)
(43 58)
(43 67)
(44 53)
(45 60)
(45 68)
(46 56)
(46 65)
(47 53)
(47 56)
(47 60)
(47 65)
(48 55)
(48 58)
(48 60)
(48 64)
(49 53)
(49 56)
(49 60)
(49 65)
(50 52)
(50 55)
(50 60)
(50 67)
(51 53)
(51 56)
(51 60)
(51 70)
(52 68)
(53 63)
(53 72)
(54 65)
(54 73)
(55 61)
(55 70)
(56 44)
(56 56)
(57 63)
(57 72)
(58 60)
(58 68)
(59 56)
(59 60)
(59 63)
(59 68)
(60 58)
(60 61)
(60 63)
(60 67)
(61 56)
(61 60)
(61 63)
(61 68)
(62 55)
(62 58)
(62 63)
(62 70)
(63 56)
(63 60)
(63 63)
(63 73)
(64 72)
(65 60)
(65 63)
(65 68)
(65 75)
(66 58)
(66 61)
(66 67)
(66 75)
(67 56)
(67 60)
(67 68)
(67 75)
(68 55)
(68 58)
(68 70)
(68 75)
(69 56)
(69 73)
(69 75)
(70 72)
(71 49)
(71 58)
(71 77)
(72 51)
(72 60)
(72 68)
(74 51)
(74 61)
(74 67)
(74 70)
(75 56)
(75 60)
(75 68)
(77 79)
(155/2 77)
(78 51)
(78 60)
(78 68)
(80 51)
(80 61)
(80 67)
(80 70)
(81 56)
(81 60)
(81 68)
