(-1 74 68 3/4 0)
(-1/4 75 69 1/4 0)
(0 72 67 1/2 0)
(1/2 70 66 1/2 0)
(1 70 66 1 0)
(2 70 66 1 0)
(3 69 65 1 0)
(5 75 69 3/4 0)
(23/4 77 70 1/4 0)
(6 74 68 1/2 0)
(13/2 72 67 1/2 0)
(7 72 67 1 0)
(8 72 67 1 0)
(9 70 66 1 0)
(11 74 68 3/4 0)
(47/4 75 69 1/4 0)
(12 77 70 1/2 0)
(25/2 79 71 1/2 0)
(13 75 69 1/2 0)
(27/2 72 67 1/2 0)
(14 74 68 1/2 0)
(29/2 75 69 1/2 0)
(15 77 70 1/2 0)
(31/2 79 71 1/2 0)
(16 75 69 1/2 0)
(33/2 72 67 1/2 0)
(17 74 68 1/2 0)
(35/2 75 69 1/2 0)
(18 77 70 1/2 0)
(37/2 82 73 1/2 0)
(19 81 72 1/2 0)
(39/2 79 71 1/2 0)
(20 77 70 1/2 0)
(41/2 76 69 1/2 0)
(21 74 68 1/2 0)
(43/2 72 67 1/2 0)
(22 71 66 1/2 0)
(45/2 70 66 1/2 0)
(23 69 65 1/2 0)
(47/2 67 64 1/2 0)
(24 72 67 3/4 0)
(99/4 74 68 1/4 0)
(25 65 63 1 0)
(26 64 62 1 0)
(27 65 63 1 0)
(28 41 49 1 1)
(29 74 68 3/4 0)
(119/4 72 67 1/4 0)
(30 72 67 1 0)
(31 65 63 1 1)
(32 76 69 3/4 0)
(131/4 77 70 1/4 0)
(33 77 70 1 0)
(34 53 56 1 1)
(35 74 68 3/4 0)
(143/4 75 69 1/4 0)
(36 72 67 1/2 0)
(73/2 70 66 1/2 0)
(37 70 66 1 0)
(38 70 66 1 0)
(39 69 65 1 0)
(41 75 69 3/4 0)
(167/4 77 70 1/4 0)
(42 74 68 1/2 0)
(85/2 72 67 1/2 0)
(43 72 67 1 0)
(44 72 67 1 0)
(45 70 66 1 0)
(47 74 68 3/4 0)
(191/4 75 69 1/4 0)
(48 77 70 1/2 0)
(97/2 79 71 1/2 0)
(49 75 69 1/2 0)
(99/2 72 67 1/2 0)
(50 74 68 1/2 0)
(101/2 75 69 1/2 0)
(51 77 70 1/2 0)
(103/2 79 71 1/2 0)
(52 75 69 1/2 0)
(105/2 72 67 1/2 0)
(53 74 68 1/2 0)
(107/2 75 69 1/2 0)
(54 77 70 1/2 0)
(109/2 82 73 1/2 0)
(55 81 72 1/2 0)
(111/2 79 71 1/2 0)
(56 77 70 1/2 0)
(113/2 76 69 1/2 0)
(57 74 68 1/2 0)
(115/2 72 67 1/2 0)
(58 71 66 1/2 0)
(117/2 70 66 1/2 0)
(59 69 65 1/2 0)
(119/2 67 64 1/2 0)
(60 72 67 3/4 0)
(243/4 74 68 1/4 0)
(61 65 63 1 0)
(62 64 62 1 0)
(63 65 63 1 0)
(64 41 49 1 1)
(65 74 68 3/4 0)
(263/4 72 67 1/4 0)
(66 72 67 1 0)
(67 65 63 1 1)
(68 76 69 3/4 0)
(275/4 77 70 1/4 0)
(69 77 70 1 0)
(70 53 56 1 1)
(71 80 72 1 0)
(72 79 71 1 0)
(73 78 71 1 0)
(74 77 70 1 0)
(75 76 69 1 0)
(76 75 69 1 0)
(77 74 68 1 0)
(78 51 55 1 1)
(79 72 67 1 0)
(80 73 68 1 0)
(81 70 66 1/2 0)
(163/2 69 65 1/2 0)
(82 67 64 1/2 0)
(165/2 65 63 1/2 0)
(83 70 66 1 0)
(84 75 69 1 0)
(85 74 68 3/4 0)
(343/4 72 67 1/4 0)
(86 74 68 3/4 0)
(347/4 75 69 1/4 0)
(87 74 68 1 0)
(88 72 67 1 0)
(89 62 61 3/4 1)
(359/4 63 62 1/4 1)
(90 60 60 1/2 1)
(181/2 58 59 1/2 1)
(91 77 70 1 0)
(92 77 70 1 0)
(93 77 70 1 0)
(95 63 62 3/4 1)
(383/4 65 63 1/4 1)
(96 62 61 1/2 1)
(193/2 60 60 1/2 1)
(97 87 76 1 0)
(98 87 76 1 0)
(99 86 75 1 0)
(101 74 68 3/4 0)
(407/4 75 69 1/4 0)
(102 77 70 1/2 0)
(205/2 79 71 1/2 0)
(103 75 69 1/2 0)
(207/2 72 67 1/2 0)
(104 74 68 1/2 0)
(209/2 75 69 1/2 0)
(105 77 70 1/2 0)
(211/2 79 71 1/2 0)
(106 75 69 1/2 0)
(213/2 72 67 1/2 0)
(107 74 68 1/2 0)
(215/2 75 69 1/2 0)
(108 77 70 1/2 0)
(217/2 87 76 1/2 0)
(109 86 75 1/2 0)
(219/2 84 74 1/2 0)
(110 82 73 1/2 0)
(221/2 81 72 1/2 0)
(111 79 71 1/2 0)
(223/2 77 70 1/2 0)
(112 76 69 1/2 0)
(225/2 75 69 1/2 0)
(113 74 68 1/2 0)
(227/2 72 67 1/2 0)
(114 77 70 3/4 0)
(459/4 79 71 1/4 0)
(115 70 66 1 0)
(116 69 65 1 0)
(117 70 66 1 0)
(118 46 52 1 1)
(119 79 71 3/4 0)
(479/4 77 70 1/4 0)
(120 77 70 1 0)
(121 70 66 1 1)
(122 81 72 3/4 0)
(491/4 82 73 1/4 0)
(123 82 73 1 0)
(124 58 59 1 1)
(125 74 68 3/4 0)
(503/4 70 66 1/4 0)
(126 75 69 2 0)
(128 72 67 3/4 0)
(515/4 69 65 1/4 0)
(129 70 66 1 0)
(130 46 52 1 1)
(131 80 72 1 0)
(132 79 71 1 0)
(133 78 71 1 0)
(134 77 70 1 0)
(135 76 69 1 0)
(136 75 69 1 0)
(137 74 68 1 0)
(138 51 55 1 1)
(139 72 67 1 0)
(140 73 68 1 0)
(141 70 66 1/2 0)
(283/2 69 65 1/2 0)
(142 67 64 1/2 0)
(285/2 65 63 1/2 0)
(143 70 66 1 0)
(144 75 69 1 0)
(145 74 68 3/4 0)
(583/4 72 67 1/4 0)
(146 74 68 3/4 0)
(587/4 75 69 1/4 0)
(147 74 68 1 0)
(148 72 67 1 0)
(149 62 61 3/4 1)
(599/4 63 62 1/4 1)
(150 60 60 1/2 1)
(301/2 58 59 1/2 1)
(151 77 70 1 0)
(152 77 70 1 0)
(153 77 70 1 0)
(155 63 62 3/4 1)
(623/4 65 63 1/4 1)
(156 62 61 1/2 1)
(313/2 60 60 1/2 1)
(157 87 76 1 0)
(158 87 76 1 0)
(159 86 75 1 0)
(161 74 68 3/4 0)
(647/4 75 69 1/4 0)
(162 77 70 1/2 0)
(325/2 79 71 1/2 0)
(163 75 69 1/2 0)
(327/2 72 67 1/2 0)
(164 74 68 1/2 0)
(329/2 75 69 1/2 0)
(165 77 70 1/2 0)
(331/2 79 71 1/2 0)
(166 75 69 1/2 0)
(333/2 72 67 1/2 0)
(167 74 68 1/2 0)
(335/2 75 69 1/2 0)
(168 77 70 1/2 0)
(337/2 87 76 1/2 0)
(169 86 75 1/2 0)
(339/2 84 74 1/2 0)
(170 82 73 1/2 0)
(341/2 81 72 1/2 0)
(171 79 71 1/2 0)
(343/2 77 70 1/2 0)
(172 76 69 1/2 0)
(345/2 75 69 1/2 0)
(173 74 68 1/2 0)
(347/2 72 67 1/2 0)
(174 77 70 3/4 0)
(699/4 79 71 1/4 0)
(175 70 66 1 0)
(176 69 65 1 0)
(177 70 66 1 0)
(178 46 52 1 1)
(179 79 71 3/4 0)
(719/4 77 70 1/4 0)
(180 77 70 1 0)
(181 70 66 1 1)
(182 81 72 3/4 0)
(731/4 82 73 1/4 0)
(183 82 73 1 0)
(184 58 59 1 1)
(185 74 68 3/4 0)
(743/4 70 66 1/4 0)
(186 75 69 2 0)
(188 72 67 3/4 0)
(755/4 69 65 1/4 0)
(189 70 66 1 0)
(190 46 52 1 1)
(191 70 66 1/4 0)
(765/4 72 67 1/4 0)
(383/2 70 66 1/4 0)
(767/4 69 65 1/4 0)
(192 70 66 1 0)
(193 67 64 3/4 1)
(775/4 70 66 1/4 0)
(194 75 69 3/4 0)
(779/4 75 69 1/4 0)
(195 75 69 1 0)
(196 74 68 1 0)
(197 70 66 1/4 0)
(789/4 72 67 1/4 0)
(395/2 70 66 1/4 0)
(791/4 69 65 1/4 0)
(198 70 66 1 0)
(199 67 64 3/4 1)
(799/4 70 66 1/4 0)
(200 79 71 3/4 0)
(803/4 79 71 1/4 0)
(201 82 73 1 0)
(202 80 72 1 0)
(203 80 72 1/4 0)
(813/4 82 73 1/4 0)
(407/2 80 72 1/4 0)
(815/4 77 70 1/4 0)
(204 79 71 1/4 0)
(817/4 80 72 1/4 0)
(409/2 79 71 1/4 0)
(819/4 75 69 1/4 0)
(205 82 73 1/3 0)
(616/3 80 72 1/3 0)
(617/3 79 71 1/3 0)
(206 77 70 1/3 0)
(619/3 75 69 1/3 0)
(620/3 73 68 1/3 0)
(207 72 67 1/4 0)
(829/4 73 68 1/4 0)
(415/2 72 67 1/4 0)
(831/4 68 65 1/4 0)
(208 84 74 1/3 0)
(625/3 82 73 1/3 0)
(626/3 80 72 1/3 0)
(209 79 71 1/3 0)
(628/3 77 70 1/3 0)
(629/3 76 69 1/3 0)
(210 77 70 1/4 0)
(841/4 79 71 1/4 0)
(421/2 77 70 1/4 0)
(843/4 72 67 1/4 0)
(211 84 74 1/3 0)
(634/3 82 73 1/3 0)
(635/3 80 72 1/3 0)
(212 79 71 1/3 0)
(637/3 77 70 1/3 0)
(638/3 75 69 1/3 0)
(213 75 69 1 0)
(214 74 68 1 0)
(215 77 70 1/4 0)
(861/4 79 71 1/4 0)
(431/2 77 70 1/4 0)
(863/4 74 68 1/4 0)
(216 75 69 1 0)
(217 72 67 1 0)
(218 81 72 1/4 0)
(873/4 82 73 1/4 0)
(437/2 81 72 1/4 0)
(875/4 77 70 1/4 0)
(219 82 73 1 0)
(220 86 75 1 0)
(221 77 70 1/4 0)
(885/4 79 71 1/4 0)
(443/2 77 70 1/4 0)
(887/4 74 68 1/4 0)
(222 75 69 1 0)
(223 72 67 1 0)
(224 81 72 1/4 0)
(897/4 82 73 1/4 0)
(449/2 81 72 1/4 0)
(899/4 77 70 1/4 0)
(225 82 73 1 0)
(226 86 75 1 0)
(227 84 74 1/4 0)
(909/4 82 73 1/4 0)
(455/2 81 72 1/4 0)
(911/4 79 71 1/4 0)
(228 79 71 1/2 0)
(457/2 77 70 1/2 0)
(229 77 70 1 0)
(230 79 71 1/4 0)
(921/4 77 70 1/4 0)
(461/2 75 69 1/4 0)
(923/4 74 68 1/4 0)
(231 74 68 1/2 0)
(463/2 72 67 1/2 0)
(232 72 67 1 0)
(233 72 67 1 0)
(234 74 68 1/8 0)
(1873/8 75 69 1/8 0)
(937/4 77 70 3/4 0)
(236 77 70 1/4 0)
(945/4 75 69 1/4 0)
(473/2 74 68 1/4 0)
(947/4 72 67 1/4 0)
(237 70 66 1 0)
(238 46 52 1 1)
(239 70 66 1/4 0)
(957/4 72 67 1/4 0)
(479/2 70 66 1/4 0)
(959/4 69 65 1/4 0)
(240 70 66 1 0)
(241 67 64 3/4 1)
(967/4 70 66 1/4 0)
(242 75 69 3/4 0)
(971/4 75 69 1/4 0)
(243 75 69 1 0)
(244 74 68 1 0)
(245 70 66 1/4 0)
(981/4 72 67 1/4 0)
(491/2 70 66 1/4 0)
(983/4 69 65 1/4 0)
(246 70 66 1 0)
(247 67 64 3/4 1)
(991/4 70 66 1/4 0)
(248 79 71 3/4 0)
(995/4 79 71 1/4 0)
(249 82 73 1 0)
(250 80 72 1 0)
(251 80 72 1/4 0)
(1005/4 82 73 1/4 0)
(503/2 80 72 1/4 0)
(1007/4 77 70 1/4 0)
(252 79 71 1/4 0)
(1009/4 80 72 1/4 0)
(505/2 79 71 1/4 0)
(1011/4 75 69 1/4 0)
(253 82 73 1/3 0)
(760/3 80 72 1/3 0)
(761/3 79 71 1/3 0)
(254 77 70 1/3 0)
(763/3 75 69 1/3 0)
(764/3 73 68 1/3 0)
(255 72 67 1/4 0)
(1021/4 73 68 1/4 0)
(511/2 72 67 1/4 0)
(1023/4 68 65 1/4 0)
(256 84 74 1/3 0)
(769/3 82 73 1/3 0)
(770/3 80 72 1/3 0)
(257 79 71 1/3 0)
(772/3 77 70 1/3 0)
(773/3 76 69 1/3 0)
(258 77 70 1/4 0)
(1033/4 79 71 1/4 0)
(517/2 77 70 1/4 0)
(1035/4 72 67 1/4 0)
(259 84 74 1/3 0)
(778/3 82 73 1/3 0)
(779/3 80 72 1/3 0)
(260 79 71 1/3 0)
(781/3 77 70 1/3 0)
(782/3 75 69 1/3 0)
(261 75 69 1 0)
(262 74 68 1 0)
(263 77 70 1/4 0)
(1053/4 79 71 1/4 0)
(527/2 77 70 1/4 0)
(1055/4 74 68 1/4 0)
(264 75 69 1 0)
(265 72 67 1 0)
(266 81 72 1/4 0)
(1065/4 82 73 1/4 0)
(533/2 81 72 1/4 0)
(1067/4 77 70 1/4 0)
(267 82 73 1 0)
(268 86 75 1 0)
(269 77 70 1/4 0)
(1077/4 79 71 1/4 0)
(539/2 77 70 1/4 0)
(1079/4 74 68 1/4 0)
(270 75 69 1 0)
(271 72 67 1 0)
(272 81 72 1/4 0)
(1089/4 82 73 1/4 0)
(545/2 81 72 1/4 0)
(1091/4 77 70 1/4 0)
(273 82 73 1 0)
(274 86 75 1 0)
(275 84 74 1/4 0)
(1101/4 82 73 1/4 0)
(551/2 81 72 1/4 0)
(1103/4 79 71 1/4 0)
(276 79 71 1/2 0)
(553/2 77 70 1/2 0)
(277 77 70 1 0)
(278 79 71 1/4 0)
(1113/4 77 70 1/4 0)
(557/2 75 69 1/4 0)
(1115/4 74 68 1/4 0)
(279 74 68 1/2 0)
(559/2 72 67 1/2 0)
(280 72 67 1 0)
(281 72 67 1 0)
(282 74 68 1/8 0)
(2257/8 75 69 1/8 0)
(1129/4 77 70 3/4 0)
(284 77 70 1/4 0)
(1137/4 75 69 1/4 0)
(569/2 74 68 1/4 0)
(1139/4 72 67 1/4 0)
(285 70 66 1 0)
(286 46 52 1 1)
(287 70 66 1/2 0)
(575/2 70 66 1/2 0)
(288 71 66 1/4 0)
(1153/4 72 67 3/4 0)
(289 63 62 1/2 1)
(579/2 58 59 1/2 1)
(290 74 68 1/2 0)
(581/2 74 68 1/2 0)
(291 74 68 1/4 0)
(1165/4 75 69 3/4 0)
(292 67 64 1/2 1)
(585/2 58 59 1/2 1)
(293 77 70 1/2 0)
(587/2 77 70 1/2 0)
(294 78 70 1/4 0)
(1177/4 79 71 3/4 0)
(295 63 62 1/2 1)
(591/2 58 59 1/2 1)
(296 81 72 1/2 0)
(593/2 81 72 1/2 0)
(297 81 72 1/4 0)
(1189/4 82 73 3/4 0)
(298 65 63 1/2 1)
(597/2 62 61 1/2 1)
(299 70 66 1/2 0)
(599/2 70 66 1/2 0)
(300 75 69 1/2 0)
(601/2 77 70 1/2 0)
(301 78 71 1/2 0)
(603/2 77 70 1/2 0)
(302 75 69 1/2 0)
(605/2 74 68 1/2 0)
(303 75 69 1/2 0)
(607/2 77 70 1/2 0)
(304 78 71 1/2 0)
(609/2 79 71 1/2 0)
(305 80 72 1/2 0)
(611/2 81 72 1/2 0)
(306 82 73 1 0)
(308 58 59 1/4 0)
(1233/4 59 60 1/4 0)
(617/2 58 59 1/4 0)
(1235/4 57 58 1/4 0)
(309 58 59 1 0)
(311 70 66 1/4 0)
(1245/4 72 67 1/4 0)
(623/2 70 66 1/4 0)
(1247/4 69 65 1/4 0)
(312 70 66 1 0)
(313 67 64 3/4 1)
(1255/4 70 66 1/4 0)
(314 75 69 3/4 0)
(1259/4 75 69 1/4 0)
(315 75 69 1 0)
(316 74 68 1 0)
(317 70 66 1/4 0)
(1269/4 72 67 1/4 0)
(635/2 70 66 1/4 0)
(1271/4 69 65 1/4 0)
(318 70 66 1 0)
(319 67 64 3/4 1)
(1279/4 70 66 1/4 0)
(320 79 71 3/4 0)
(1283/4 79 71 1/4 0)
(321 82 73 1 0)
(322 80 72 1 0)
(323 80 72 1/4 0)
(1293/4 82 73 1/4 0)
(647/2 80 72 1/4 0)
(1295/4 77 70 1/4 0)
(324 79 71 1/4 0)
(1297/4 80 72 1/4 0)
(649/2 79 71 1/4 0)
(1299/4 75 69 1/4 0)
(325 82 73 1/3 0)
(976/3 80 72 1/3 0)
(977/3 79 71 1/3 0)
(326 77 70 1/3 0)
(979/3 75 69 1/3 0)
(980/3 73 68 1/3 0)
(327 72 67 1/4 0)
(1309/4 73 68 1/4 0)
(655/2 72 67 1/4 0)
(1311/4 68 65 1/4 0)
(328 84 74 1/3 0)
(985/3 82 73 1/3 0)
(986/3 80 72 1/3 0)
(329 79 71 1/3 0)
(988/3 77 70 1/3 0)
(989/3 76 69 1/3 0)
(330 77 70 1/4 0)
(1321/4 79 71 1/4 0)
(661/2 77 70 1/4 0)
(1323/4 72 67 1/4 0)
(331 84 74 1/3 0)
(994/3 82 73 1/3 0)
(995/3 80 72 1/3 0)
(332 79 71 1/3 0)
(997/3 77 70 1/3 0)
(998/3 75 69 1/3 0)
(333 75 69 1 0)
(334 74 68 1 0)
(335 70 66 1/4 0)
(1341/4 72 67 1/4 0)
(671/2 70 66 1/4 0)
(1343/4 67 64 1/4 0)
(336 68 65 1 0)
(337 65 63 1 0)
(338 74 68 1/4 0)
(1353/4 75 69 1/4 0)
(677/2 74 68 1/4 0)
(1355/4 70 66 1/4 0)
(339 75 69 1 0)
(340 79 71 1 0)
(341 70 66 1/4 0)
(1365/4 72 67 1/4 0)
(683/2 70 66 1/4 0)
(1367/4 67 64 1/4 0)
(342 68 65 1 0)
(343 65 63 1 0)
(344 74 68 1/4 0)
(1377/4 75 69 1/4 0)
(689/2 74 68 1/4 0)
(1379/4 70 66 1/4 0)
(345 75 69 1 0)
(346 79 71 1 0)
(347 89 77 1/4 0)
(1389/4 87 76 1/4 0)
(695/2 86 75 1/4 0)
(1391/4 84 74 1/4 0)
(348 84 74 1/2 0)
(697/2 82 73 1/2 0)
(349 82 73 1 0)
(350 84 74 1/4 0)
(1401/4 82 73 1/4 0)
(701/2 80 72 1/4 0)
(1403/4 79 71 1/4 0)
(351 79 71 1/2 0)
(703/2 77 70 1/2 0)
(352 77 70 1 0)
(353 77 70 1 0)
(354 79 71 1/8 0)
(2833/8 80 72 1/8 0)
(1417/4 82 73 3/4 0)
(356 82 73 1/4 0)
(1425/4 80 72 1/4 0)
(713/2 79 71 1/4 0)
(1427/4 77 70 1/4 0)
(357 75 69 1 0)
(358 51 55 1 1)
(359 70 66 1/2 0)
(719/2 70 66 1/2 0)
(360 71 66 1/4 0)
(1441/4 72 67 3/4 0)
(361 63 62 1/2 1)
(723/2 58 59 1/2 1)
(362 74 68 1/2 0)
(725/2 74 68 1/2 0)
(363 74 68 1/4 0)
(1453/4 75 69 3/4 0)
(364 67 64 1/2 1)
(729/2 58 59 1/2 1)
(365 77 70 1/2 0)
(731/2 77 70 1/2 0)
(366 78 70 1/4 0)
(1465/4 79 71 3/4 0)
(367 63 62 1/2 1)
(735/2 58 59 1/2 1)
(368 81 72 1/2 0)
(737/2 81 72 1/2 0)
(369 81 72 1/4 0)
(1477/4 82 73 3/4 0)
(370 65 63 1/2 1)
(741/2 62 61 1/2 1)
(371 70 66 1/2 0)
(743/2 70 66 1/2 0)
(372 75 69 1/2 0)
(745/2 77 70 1/2 0)
(373 78 71 1/2 0)
(747/2 77 70 1/2 0)
(374 75 69 1/2 0)
(749/2 74 68 1/2 0)
(375 75 69 1/2 0)
(751/2 77 70 1/2 0)
(376 78 71 1/2 0)
(753/2 79 71 1/2 0)
(377 80 72 1/2 0)
(755/2 81 72 1/2 0)
(378 82 73 1 0)
(380 58 59 1/4 0)
(1521/4 59 60 1/4 0)
(761/2 58 59 1/4 0)
(1523/4 57 58 1/4 0)
(381 58 59 1 0)
(383 70 66 1/4 0)
(1533/4 72 67 1/4 0)
(767/2 70 66 1/4 0)
(1535/4 69 65 1/4 0)
(384 70 66 1 0)
(385 67 64 3/4 1)
(1543/4 70 66 1/4 0)
(386 75 69 3/4 0)
(1547/4 75 69 1/4 0)
(387 75 69 1 0)
(388 74 68 1 0)
(389 70 66 1/4 0)
(1557/4 72 67 1/4 0)
(779/2 70 66 1/4 0)
(1559/4 69 65 1/4 0)
(390 70 66 1 0)
(391 67 64 3/4 1)
(1567/4 70 66 1/4 0)
(392 79 71 3/4 0)
(1571/4 79 71 1/4 0)
(393 82 73 1 0)
(394 80 72 1 0)
(395 80 72 1/4 0)
(1581/4 82 73 1/4 0)
(791/2 80 72 1/4 0)
(1583/4 77 70 1/4 0)
(396 79 71 1/4 0)
(1585/4 80 72 1/4 0)
(793/2 79 71 1/4 0)
(1587/4 75 69 1/4 0)
(397 82 73 1/3 0)
(1192/3 80 72 1/3 0)
(1193/3 79 71 1/3 0)
(398 77 70 1/3 0)
(1195/3 75 69 1/3 0)
(1196/3 73 68 1/3 0)
(399 72 67 1/4 0)
(1597/4 73 68 1/4 0)
(799/2 72 67 1/4 0)
(1599/4 68 65 1/4 0)
(400 84 74 1/3 0)
(1201/3 82 73 1/3 0)
(1202/3 80 72 1/3 0)
(401 79 71 1/3 0)
(1204/3 77 70 1/3 0)
(1205/3 76 69 1/3 0)
(402 77 70 1/4 0)
(1609/4 79 71 1/4 0)
(805/2 77 70 1/4 0)
(1611/4 72 67 1/4 0)
(403 84 74 1/3 0)
(1210/3 82 73 1/3 0)
(1211/3 80 72 1/3 0)
(404 79 71 1/3 0)
(1213/3 77 70 1/3 0)
(1214/3 75 69 1/3 0)
(405 75 69 1 0)
(406 74 68 1 0)
(407 70 66 1/4 0)
(1629/4 72 67 1/4 0)
(815/2 70 66 1/4 0)
(1631/4 67 64 1/4 0)
(408 68 65 1 0)
(409 65 63 1 0)
(410 74 68 1/4 0)
(1641/4 75 69 1/4 0)
(821/2 74 68 1/4 0)
(1643/4 70 66 1/4 0)
(411 75 69 1 0)
(412 79 71 1 0)
(413 70 66 1/4 0)
(1653/4 72 67 1/4 0)
(827/2 70 66 1/4 0)
(1655/4 67 64 1/4 0)
(414 68 65 1 0)
(415 65 63 1 0)
(416 74 68 1/4 0)
(1665/4 75 69 1/4 0)
(833/2 74 68 1/4 0)
(1667/4 70 66 1/4 0)
(417 75 69 1 0)
(418 79 71 1 0)
(419 89 77 1/4 0)
(1677/4 87 76 1/4 0)
(839/2 86 75 1/4 0)
(1679/4 84 74 1/4 0)
(420 84 74 1/2 0)
(841/2 82 73 1/2 0)
(421 82 73 1 0)
(422 84 74 1/4 0)
(1689/4 82 73 1/4 0)
(845/2 80 72 1/4 0)
(1691/4 79 71 1/4 0)
(423 79 71 1/2 0)
(847/2 77 70 1/2 0)
(424 77 70 1 0)
(425 77 70 1 0)
(426 79 71 1/8 0)
(3409/8 80 72 1/8 0)
(1705/4 82 73 3/4 0)
(428 82 73 1/4 0)
(1713/4 80 72 1/4 0)
(857/2 79 71 1/4 0)
(1715/4 77 70 1/4 0)
(429 75 69 1 0)
(430 51 55 1 1)
(431 74 68 3/4 0)
(1727/4 75 69 1/4 0)
(432 72 67 1/2 0)
(865/2 70 66 1/2 0)
(433 70 66 1 0)
(434 70 66 1 0)
(435 69 65 1 0)
(437 75 69 3/4 0)
(1751/4 77 70 1/4 0)
(438 74 68 1/2 0)
(877/2 72 67 1/2 0)
(439 72 67 1 0)
(440 72 67 1 0)
(441 70 66 1 0)
(443 74 68 3/4 0)
(1775/4 75 69 1/4 0)
(444 77 70 1/2 0)
(889/2 79 71 1/2 0)
(445 75 69 1/2 0)
(891/2 72 67 1/2 0)
(446 74 68 1/2 0)
(893/2 75 69 1/2 0)
(447 77 70 1/2 0)
(895/2 79 71 1/2 0)
(448 75 69 1/2 0)
(897/2 72 67 1/2 0)
(449 74 68 1/2 0)
(899/2 75 69 1/2 0)
(450 77 70 1/2 0)
(901/2 82 73 1/2 0)
(451 81 72 1/2 0)
(903/2 79 71 1/2 0)
(452 77 70 1/2 0)
(905/2 76 69 1/2 0)
(453 74 68 1/2 0)
(907/2 72 67 1/2 0)
(454 71 66 1/2 0)
(909/2 70 66 1/2 0)
(455 69 65 1/2 0)
(911/2 67 64 1/2 0)
(456 72 67 3/4 0)
(1827/4 74 68 1/4 0)
(457 65 63 1 0)
(458 64 62 1 0)
(459 65 63 1 0)
(460 41 49 1 1)
(461 74 68 3/4 0)
(1847/4 72 67 1/4 0)
(462 72 67 1 0)
(463 65 63 1 1)
(464 76 69 3/4 0)
(1859/4 77 70 1/4 0)
(465 77 70 1 0)
(466 53 56 1 1)
(467 80 72 1 0)
(468 79 71 1 0)
(469 78 71 1 0)
(470 77 70 1 0)
(471 76 69 1 0)
(472 75 69 1 0)
(473 74 68 1 0)
(474 51 55 1 1)
(475 72 67 1 0)
(476 73 68 1 0)
(477 70 66 1/2 0)
(955/2 69 65 1/2 0)
(478 67 64 1/2 0)
(957/2 65 63 1/2 0)
(479 70 66 1 0)
(480 75 69 1 0)
(481 74 68 3/4 0)
(1927/4 72 67 1/4 0)
(482 74 68 3/4 0)
(1931/4 75 69 1/4 0)
(483 74 68 1 0)
(484 72 67 1 0)
(485 62 61 3/4 1)
(1943/4 63 62 1/4 1)
(486 60 60 1/2 1)
(973/2 58 59 1/2 1)
(487 77 70 1 0)
(488 77 70 1 0)
(489 77 70 1 0)
(491 63 62 3/4 1)
(1967/4 65 63 1/4 1)
(492 62 61 1/2 1)
(985/2 60 60 1/2 1)
(493 87 76 1 0)
(494 87 76 1 0)
(495 86 75 1 0)
(497 74 68 3/4 0)
(1991/4 75 69 1/4 0)
(498 77 70 1/2 0)
(997/2 79 71 1/2 0)
(499 75 69 1/2 0)
(999/2 72 67 1/2 0)
(500 74 68 1/2 0)
(1001/2 75 69 1/2 0)
(501 77 70 1/2 0)
(1003/2 79 71 1/2 0)
(502 75 69 1/2 0)
(1005/2 72 67 1/2 0)
(503 74 68 1/2 0)
(1007/2 75 69 1/2 0)
(504 77 70 1/2 0)
(1009/2 87 76 1/2 0)
(505 86 75 1/2 0)
(1011/2 84 74 1/2 0)
(506 82 73 1/2 0)
(1013/2 81 72 1/2 0)
(507 79 71 1/2 0)
(1015/2 77 70 1/2 0)
(508 76 69 1/2 0)
(1017/2 75 69 1/2 0)
(509 74 68 1/2 0)
(1019/2 72 67 1/2 0)
(510 77 70 3/4 0)
(2043/4 79 71 1/4 0)
(511 70 66 1 0)
(512 69 65 1 0)
(513 70 66 1 0)
(514 46 52 1 1)
(515 79 71 3/4 0)
(2063/4 77 70 1/4 0)
(516 77 70 1 0)
(517 70 66 1 1)
(518 81 72 3/4 0)
(2075/4 82 73 1/4 0)
(519 82 73 1 0)
(520 58 59 1 1)
(521 74 68 3/4 0)
(2087/4 70 66 1/4 0)
(522 75 69 2 0)
(524 72 67 3/4 0)
(2099/4 69 65 1/4 0)
(525 70 66 1 0)
(526 46 52 1 1)
