(25 53)
(25 69)
(53/2 53)
(53/2 69)
(27 48)
(27 52)
(27 60)
(27 67)
(28 50)
(28 53)
(28 65)
(57/2 60)
(29 58)
(29 62)
(29 77)
(59/2 55)
(59/2 64)
(30 57)
(30 65)
(61/2 58)
(61/2 67)
(61/2 77)
(31 48)
(31 57)
(31 60)
(31 69)
(31 76)
(32 46)
(32 58)
(32 62)
(32 74)
(65/2 46)
(33 58)
(67/2 60)
(67/2 64)
(34 62)
(34 65)
(69/2 64)
(69/2 67)
(35 57)
(35 65)
(35 69)
(35 72)
(71/2 60)
(71/2 65)
(36 55)
(36 63)
(36 67)
(36 71)
(37 60)
(37 63)
(37 72)
(38 62)
(38 74)
(39 59)
(39 67)
(79/2 72)
(40 48)
(40 60)
(40 64)
(40 67)
(40 72)
(41 53)
(41 57)
(41 60)
(41 65)
(42 58)
(42 62)
(42 67)
(43 52)
(43 60)
(43 79)
(87/2 67)
(44 53)
(44 57)
(44 69)
(44 72)
(45 50)
(45 62)
(45 65)
(45 77)
(91/2 65)
(46 51)
(46 55)
(46 63)
(46 67)
(46 70)
(93/2 55)
(47 46)
(47 58)
(47 62)
(47 74)
(95/2 65)
(48 48)
(48 60)
(48 64)
(48 67)
(49 57)
(49 65)
(49 69)
(99/2 70)
(50 55)
(50 60)
(50 72)
(51 48)
(51 64)
(103/2 70)
(52 41)
(52 53)
(52 60)
(52 65)
(52 69)
