(35 74)
(143/4 75)
(36 72)
(73/2 70)
(37 62)
(37 65)
(37 70)
(38 62)
(38 65)
(38 70)
(39 63)
(39 65)
(39 69)
(41 75)
(167/4 77)
(42 74)
(85/2 72)
(43 63)
(43 65)
(43 72)
(44 63)
(44 65)
(44 72)
(45 62)
(45 65)
(45 70)
(47 58)
(47 74)
(191/4 60)
(191/4 75)
(48 53)
(48 62)
(48 77)
(97/2 63)
(97/2 79)
(49 60)
(49 75)
(99/2 57)
(99/2 72)
(50 58)
(50 74)
(101/2 60)
(101/2 75)
(51 62)
(51 77)
(103/2 63)
(103/2 79)
(52 60)
(52 75)
(105/2 57)
(105/2 72)
(53 58)
(53 74)
(107/2 60)
(107/2 75)
(54 62)
(54 77)
(109/2 82)
(55 81)
(111/2 79)
(56 77)
(113/2 76)
(57 74)
(115/2 72)
(58 71)
(117/2 70)
(59 69)
(119/2 67)
(60 72)
(243/4 74)
(61 48)
(61 57)
(61 60)
(61 65)
(62 48)
(62 55)
(62 58)
(62 64)
(63 53)
(63 57)
(63 65)
(64 41)
(65 70)
(65 74)
(263/4 69)
(263/4 72)
(66 69)
(66 72)
(67 65)
(68 70)
(68 76)
(275/4 69)
(275/4 77)
(69 69)
(69 77)
(70 53)
(71 53)
(71 65)
(71 71)
(71 74)
(71 80)
(72 52)
(72 64)
(72 72)
(72 76)
(72 79)
(73 51)
(73 63)
(73 69)
(73 72)
(73 78)
(74 50)
(74 62)
(74 70)
(74 74)
(74 77)
(75 43)
(75 55)
(75 67)
(75 70)
(75 76)
(76 45)
(76 57)
(76 66)
(76 72)
(76 75)
(77 46)
(77 58)
(77 65)
(77 70)
(77 74)
(78 51)
(79 72)
(80 52)
(80 73)
(81 53)
(81 70)
(163/2 69)
(82 51)
(82 67)
(165/2 65)
(83 50)
(83 70)
(84 57)
(84 72)
(84 75)
(85 58)
(85 70)
(85 74)
(343/4 69)
(343/4 72)
(86 52)
(86 70)
(86 74)
(347/4 72)
(347/4 75)
(87 53)
(87 70)
(87 74)
(88 69)
(88 72)
(89 62)
(359/4 63)
(90 60)
(181/2 58)
(91 58)
(91 74)
(91 77)
(92 58)
(92 74)
(92 77)
(93 57)
(93 75)
(93 77)
(95 63)
(383/4 65)
(96 62)
(193/2 60)
(97 60)
(97 81)
(97 87)
(98 60)
(98 81)
(98 87)
(99 58)
(99 82)
(99 86)
(101 58)
(101 74)
(407/4 60)
(407/4 75)
(102 53)
(102 62)
(102 77)
(205/2 63)
(205/2 79)
(103 60)
(103 75)
(207/2 57)
(207/2 72)
(104 58)
(104 74)
(209/2 60)
(209/2 75)
(105 62)
(105 77)
(211/2 63)
(211/2 79)
(106 60)
(106 75)
(213/2 57)
(213/2 72)
(107 58)
(107 74)
(215/2 60)
(215/2 75)
(108 62)
(108 77)
(217/2 87)
(109 86)
(219/2 84)
(110 82)
(221/2 81)
(111 79)
(223/2 77)
(112 76)
(225/2 75)
(113 74)
(227/2 72)
(114 77)
(459/4 79)
(115 53)
(115 62)
(115 65)
(115 70)
(116 53)
(116 60)
(116 63)
(116 69)
(117 58)
(117 62)
(117 70)
(118 46)
(119 75)
(119 79)
(479/4 74)
(479/4 77)
(120 74)
(120 77)
(121 70)
(122 75)
(122 81)
(491/4 74)
(491/4 82)
(123 74)
(123 82)
(124 58)
(125 55)
(125 74)
(503/4 70)
(126 51)
(126 67)
(126 75)
(127 48)
(128 53)
(128 63)
(128 72)
(515/4 69)
(129 58)
(129 62)
(129 70)
(130 46)
