1.0000000000
1.5000000000
2.0000000000
2.5000000000
3.0000000000
3.5000000000
4.0000000000
4.5000000000
5.0000000000
5.5000000000
6.0000000000
6.5000000000
7.0000000000
7.5000000000
8.0000000000
8.5000000000
9.0000000000
9.5000000000
10.0000000000
10.5000000000
11.0000000000
11.5000000000
12.0000000000
12.5000000000
13.0000000000
13.5000000000
14.0000000000
14.5000000000
15.0000000000
15.5000000000
16.0000000000
16.5000000000
17.0000000000
17.5000000000
18.0000000000
18.5000000000
19.0000000000
19.5000000000
20.0000000000
20.5000000000
21.0000000000
21.5000000000
22.0000000000
22.5000000000
23.0000000000
23.5000000000
24.0000000000
24.5000000000
25.0000000000
25.5000000000
26.0000000000
26.5000000000
27.0000000000
27.5000000000
28.0000000000
28.5000000000
29.0000000000
29.5000000000
30.0000000000
30.5000000000
31.0000000000
31.5000000000
32.0000000000
32.5000000000
33.0000000000
33.5000000000
34.0000000000
34.5000000000
35.0000000000
35.5000000000
36.0000000000
36.5000000000
37.0000000000
37.5000000000
38.0000000000
38.5000000000
39.0000000000
39.5000000000
40.0000000000
40.5000000000
41.0000000000
41.5000000000
42.0000000000
42.5000000000
43.0000000000
43.5000000000
44.0000000000
44.5000000000
45.0000000000
45.5000000000
46.0000000000
46.5000000000
47.0000000000
47.5000000000
48.0000000000
48.5000000000
49.0000000000
49.5000000000
50.0000000000
50.5000000000
51.0000000000
51.5000000000
52.0000000000
52.5000000000
53.0000000000
53.5000000000
54.0000000000
54.5000000000
55.0000000000
55.5000000000
56.0000000000
56.5000000000
57.0000000000
57.5000000000
58.0000000000
58.5000000000
59.0000000000
59.5000000000
60.0000000000
60.5000000000
61.0000000000
61.5000000000
62.0000000000
62.5000000000
63.0000000000
63.5000000000
64.0000000000
64.5000000000
65.0000000000
65.5000000000
66.0000000000
66.5000000000
67.0000000000
67.5000000000
68.0000000000
68.5000000000
69.0000000000
69.5000000000
70.0000000000
70.5000000000
71.0000000000
71.5000000000
72.0000000000
72.5000000000
73.0000000000
73.5000000000
74.0000000000
74.5000000000
75.0000000000
75.5000000000
76.0000000000
76.5000000000
77.0000000000
77.5000000000
78.0000000000
78.5000000000
79.0000000000
79.5000000000
80.0000000000
80.5000000000
81.0000000000
81.5000000000
82.0000000000
82.5000000000
83.0000000000
83.5000000000
84.0000000000
84.5000000000
85.0000000000
85.5000000000
86.0000000000
86.5000000000
87.0000000000
87.5000000000
88.0000000000
88.5000000000
89.0000000000
89.5000000000
90.0000000000
90.5000000000
91.0000000000
91.5000000000
92.0000000000
92.5000000000
93.0000000000
93.5000000000
94.0000000000
94.5000000000
95.0000000000
95.5000000000
96.0000000000
96.5000000000
97.0000000000
97.5000000000
98.0000000000
98.5000000000
99.0000000000
99.5000000000
100.0000000000
100.5000000000
101.0000000000
101.5000000000
102.0000000000
102.5000000000
103.0000000000
103.5000000000
104.0000000000
104.5000000000
105.0000000000
105.5000000000
106.0000000000
106.5000000000
107.0000000000
107.5000000000
108.0000000000
108.5000000000
109.0000000000
109.5000000000
110.0000000000
110.5000000000
111.0000000000
111.5000000000
112.0000000000
112.5000000000
113.0000000000
113.5000000000
114.0000000000
114.5000000000
115.0000000000
115.5000000000
116.0000000000
116.5000000000
117.0000000000
117.5000000000
118.0000000000
118.5000000000
119.0000000000
119.5000000000
120.0000000000
120.5000000000
121.0000000000
121.5000000000
122.0000000000
122.5000000000
123.0000000000
123.5000000000
124.0000000000
124.5000000000
125.0000000000
125.5000000000
126.0000000000
126.5000000000
127.0000000000
127.5000000000
128.0000000000
128.5000000000
129.0000000000
129.5000000000
130.0000000000
130.5000000000
131.0000000000
131.5000000000
132.0000000000
132.5000000000
133.0000000000
133.5000000000
134.0000000000
134.5000000000
135.0000000000
135.5000000000
136.0000000000
136.5000000000
137.0000000000
137.5000000000
138.0000000000
138.5000000000
139.0000000000
139.5000000000
140.0000000000
140.5000000000
141.0000000000
141.5000000000
142.0000000000
142.5000000000
143.0000000000
143.5000000000
144.0000000000
144.5000000000
145.0000000000
145.5000000000
146.0000000000
146.5000000000
147.0000000000
147.5000000000
148.0000000000
148.5000000000
149.0000000000
149.5000000000
150.0000000000
150.5000000000
151.0000000000
151.5000000000
152.0000000000
152.5000000000
153.0000000000
153.5000000000
154.0000000000
154.5000000000
155.0000000000
155.5000000000
156.0000000000
156.5000000000
157.0000000000
157.5000000000
158.0000000000
158.5000000000
159.0000000000
159.5000000000
160.0000000000
160.5000000000
161.0000000000
161.5000000000
162.0000000000
162.5000000000
163.0000000000
163.5000000000
164.0000000000
164.5000000000
165.0000000000
165.5000000000
166.0000000000
166.5000000000
167.0000000000
167.5000000000
168.0000000000
168.5000000000
169.0000000000
169.5000000000
170.0000000000
170.5000000000
171.0000000000
171.5000000000
172.0000000000
172.5000000000
173.0000000000
173.5000000000
174.0000000000
174.5000000000
175.0000000000
175.5000000000
176.0000000000
176.5000000000
177.0000000000
177.5000000000
178.0000000000
178.5000000000
179.0000000000
179.5000000000
180.0000000000
180.5000000000
181.0000000000
181.5000000000
182.0000000000
182.5000000000
183.0000000000
183.5000000000
184.0000000000
184.5000000000
185.0000000000
185.5000000000
186.0000000000
186.5000000000
187.0000000000
187.5000000000
188.0000000000
188.5000000000
189.0000000000
189.5000000000
190.0000000000
190.5000000000
191.0000000000
191.5000000000
192.0000000000
192.5000000000
193.0000000000
193.5000000000
194.0000000000
194.5000000000
195.0000000000
195.5000000000
196.0000000000
196.5000000000
197.0000000000
197.5000000000
198.0000000000
198.5000000000
199.0000000000
199.5000000000
200.0000000000
200.5000000000
201.0000000000
201.5000000000
202.0000000000
202.5000000000
203.0000000000
203.5000000000
204.0000000000
204.5000000000
205.0000000000
205.5000000000
206.0000000000
206.5000000000
207.0000000000
207.5000000000
208.0000000000
208.5000000000
209.0000000000
209.5000000000
210.0000000000
210.5000000000
211.0000000000
211.5000000000
212.0000000000
212.5000000000
213.0000000000
213.5000000000
214.0000000000
214.5000000000
215.0000000000
215.5000000000
216.0000000000
216.5000000000
217.0000000000
217.5000000000
218.0000000000
218.5000000000
219.0000000000
219.5000000000
220.0000000000
220.5000000000
221.0000000000
221.5000000000
222.0000000000
222.5000000000
223.0000000000
223.5000000000
224.0000000000
224.5000000000
225.0000000000
225.5000000000
226.0000000000
226.5000000000
227.0000000000
227.5000000000
228.0000000000
228.5000000000
229.0000000000
229.5000000000
230.0000000000
230.5000000000
231.0000000000
231.5000000000
232.0000000000
232.5000000000
233.0000000000
233.5000000000
234.0000000000
234.5000000000
235.0000000000
235.5000000000
236.0000000000
236.5000000000
237.0000000000
237.5000000000
238.0000000000
238.5000000000
239.0000000000
239.5000000000
240.0000000000
240.5000000000
241.0000000000
241.5000000000
242.0000000000
242.5000000000
243.0000000000
243.5000000000
244.0000000000
244.5000000000
245.0000000000
245.5000000000
246.0000000000
246.5000000000
247.0000000000
247.5000000000
248.0000000000
248.5000000000
249.0000000000
249.5000000000
250.0000000000
250.5000000000
251.0000000000
251.5000000000
252.0000000000
252.5000000000
253.0000000000
253.5000000000
254.0000000000
254.5000000000
255.0000000000
255.5000000000
256.0000000000
256.5000000000
257.0000000000
257.5000000000
258.0000000000
258.5000000000
259.0000000000
259.5000000000
260.0000000000
260.5000000000
261.0000000000
261.5000000000
262.0000000000
262.5000000000
263.0000000000
263.5000000000
264.0000000000
264.5000000000
