0.500
1.000
1.500
2.000
2.520
3.020
3.520
4.020
4.500
4.980
5.480
5.980
6.480
7.000
7.500
8.000
8.500
9.020
9.520
10.020
10.520
11.000
11.480
12.000
12.500
13.000
13.500
14.020
14.520
15.020
15.520
16.020
16.500
16.980
17.480
18.000
18.500
19.000
19.500
20.020
20.520
21.020
21.520
22.020
22.500
22.980
23.480
23.980
24.480
25.000
25.500
26.000
26.500
27.020
27.520
28.020
28.520
29.000
29.480
30.000
30.500
31.000
31.500
32.020
32.520
33.020
33.520
34.000
34.480
35.000
35.500
36.000
36.520
37.020
37.520
38.000
38.480
39.000
39.500
40.000
40.520
41.020
41.520
42.020
42.500
43.000
43.500
44.000
44.520
45.020
45.500
45.980
46.480
47.000
47.500
48.000
48.520
49.020
49.520
50.000
50.480
50.980
51.480
52.000
52.500
53.000
53.500
54.020
54.520
55.020
55.520
56.000
56.500
57.000
57.500
58.000
58.520
59.020
59.520
60.020
60.520
61.000
61.480
62.000
62.500
63.000
63.500
64.000
64.500
65.000
65.500
66.020
66.520
67.020
67.520
68.000
68.480
69.000
69.500
70.000
70.520
71.020
71.520
72.020
72.500
73.000
73.500
74.000
74.520
75.020
75.500
75.980
76.480
77.000
77.500
78.000
78.520
79.020
79.520
80.000
80.480
80.980
81.480
82.000
82.500
83.000
83.500
84.020
84.520
85.020
85.520
86.000
86.500
87.000
87.500
88.000
88.520
89.020
89.520
90.020
90.540
91.020
91.500
91.980
92.480
93.000
93.500
94.000
94.520
95.020
95.520
96.020
96.520
97.000
97.500
98.000
98.500
99.020
99.500
100.000
100.500
101.000
101.520
102.000
102.500
103.000
103.500
104.000
104.520
105.020
105.500
106.000
106.500
107.000
107.500
107.980
108.500
109.000
109.500
110.020
110.520
111.000
111.500
112.000
112.500
113.000
113.520
114.000
114.500
115.000
115.500
116.000
116.520
117.000
117.480
118.000
118.500
119.000
119.520
120.020
120.520
121.000
121.500
122.000
122.500
123.020
123.500
124.000
124.500
125.000
125.520
126.000
126.500
127.000
127.500
128.000
128.520
129.020
129.500
130.000
130.500
131.000
131.500
131.980
132.500
133.000
133.500
134.020
134.520
135.000
135.500
136.000
136.500
137.000
137.520
138.000
138.500
139.000
139.500
140.000
140.520
141.000
141.480
142.000
142.500
143.000
143.520
144.020
144.520
145.020
145.500
146.000
146.500
147.020
147.500
148.000
148.500
149.000
149.520
150.000
150.500
151.000
151.500
152.000
152.500
153.000
153.500
154.000
154.500
155.020
155.520
156.000
156.480
157.000
157.500
158.000
158.500
159.020
159.520
160.000
160.500
161.000
161.500
162.020
162.500
162.980
163.480
164.000
164.500
165.000
165.520
166.020
166.520
167.000
167.480
168.000
168.500
169.000
169.520
170.020
170.500
171.000
171.500
172.000
172.520
173.020
173.520
174.020
174.500
174.980
175.480
176.000
176.500
177.000
177.520
178.020
178.520
179.020
179.500
180.000
180.500
181.020
181.500
182.000
182.500
183.020
183.500
184.000
184.500
185.000
185.520
186.000
186.500
187.000
187.500
188.000
188.500
189.000
189.500
190.000
190.500
191.020
191.520
192.000
192.480
193.000
193.500
194.000
194.500
195.020
195.520
196.000
196.500
197.000
197.500
198.020
198.500
198.980
199.480
200.000
200.500
201.000
201.520
202.020
202.520
203.000
203.480
204.000
204.500
205.000
205.520
206.020
206.500
207.000
207.500
208.000
208.520
209.020
209.520
210.020
210.500
210.980
211.480
212.000
212.500
213.000
213.520
214.020
214.520
215.020
215.500
215.980
216.500
217.000
217.500
218.020
218.520
219.020
219.520
220.020
220.500
220.980
221.480
221.980
222.480
223.000
223.500
224.000
224.500
225.020
225.520
226.020
226.520
227.000
227.480
228.000
228.500
229.000
229.500
230.020
230.520
231.020
231.520
232.000
232.480
233.000
233.500
234.000
234.520
235.020
235.520
236.000
236.480
237.000
237.500
238.000
238.520
239.020
239.520
240.020
240.500
241.000
241.500
242.000
242.520
243.020
243.500
243.980
244.480
245.000
245.500
246.000
246.520
247.020
247.520
248.000
248.480
248.980
249.480
250.000
250.500
251.000
251.500
252.020
252.520
253.020
253.520
254.000
254.500
255.000
255.500
256.000
256.520
257.020
257.520
258.020
258.520
259.000
259.480
260.000
260.500
261.000
261.500
262.000
262.500
263.000
263.500
264.020
264.520
265.020
265.540
266.040
266.540
