0.0
1.0
2.0
3.0
4.01
5.0
6.0
6.47
7.0
8.0
8.5
9.0
9.5
10.0
10.51
11.0
11.51
12.0
12.5
13.0
13.5
14.0
14.5
15.0
15.5
16.0
16.5
17.0
17.49
18.01
18.51
19.0
20.0
20.5
21.0
22.01
23.0
24.0
25.0
26.0
26.5
27.01
27.5
28.0
28.5
29.0
29.51
30.0
30.5
31.0
31.5
32.0
32.5
33.0
33.5
34.0
34.51
35.0
35.5
36.01
36.51
37.0
37.5
38.0
38.5
39.0
39.5
40.01
40.51
41.0
41.5
42.01
42.51
43.01
43.5
44.0
44.51
45.01
45.5
46.01
46.51
47.0
47.5
48.0
49.01
49.51
50.0
50.5
51.0
51.49
52.0
53.0
53.5
54.01
54.51
55.01
55.51
56.0
56.5
57.0
57.5
58.0
58.5
59.01
59.5
60.0
60.5
61.0
61.51
62.01
62.5
63.0
63.51
64.0
64.51
65.0
65.5
66.01
66.51
67.0
67.5
68.01
68.5
69.0
69.5
70.01
70.51
71.0
71.5
72.01
72.51
73.01
73.5
74.0
74.51
75.01
75.5
76.01
76.51
77.0
77.5
78.0
79.01
79.51
80.0
80.5
81.0
82.0
83.01
83.5
84.01
84.51
85.0
85.51
86.0
86.5
87.0
87.5
88.0
88.5
89.01
89.51
90.0
90.51
91.0
91.51
92.0
92.5
93.0
93.51
94.0
94.51
95.0
95.5
96.01
96.51
97.0
97.5
98.01
98.51
99.01
99.5
100.01
100.51
101.01
101.51
102.01
102.5
103.0
103.51
104.0
104.51
105.01
105.5
106.0
106.5
107.0
107.5
108.0
108.5
109.0
109.5
110.0
110.5
111.01
111.5
112.0
112.51
113.0
113.51
114.01
114.5
115.0
115.5
116.01
116.51
117.0
117.5
118.0
118.51
119.02
119.51
120.01
120.51
121.0
121.5
122.01
122.51
123.01
123.51
124.01
124.51
125.01
125.5
126.0
126.5
127.0
127.51
128.0
128.51
129.01
129.5
130.0
130.5
130.99
131.5
132.0
132.5
133.0
133.51
134.0
134.5
135.01
135.5
136.0
136.51
137.01
137.51
138.01
138.5
139.0
139.5
140.01
140.5
141.0
141.5
142.0
142.5
143.0
143.51
144.01
144.51
145.0
145.5
146.01
146.5
147.0
147.5
148.01
148.51
149.01
149.5
150.0
150.5
151.0
151.5
152.01
152.5
153.0
153.5
154.0
154.5
154.99
155.49
155.99
156.51
157.0
157.5
158.0
158.51
159.01
159.5
160.0
160.51
161.01
161.5
162.0
162.5
163.0
163.5
164.0
164.51
165.0
165.5
166.0
166.5
166.99
167.5
168.0
168.5
169.0
169.51
170.0
170.5
171.01
171.5
172.0
172.51
173.0
173.5
174.01
174.5
175.0
175.5
176.0
176.49
177.0
177.5
178.0
178.5
179.0
179.5
180.01
180.5
181.0
181.5
182.01
182.5
183.0
183.5
184.01
184.51
185.01
185.5
186.0
186.5
187.0
187.5
188.01
188.5
189.0
189.51
190.0
190.5
191.0
191.51
192.01
192.51
193.0
193.5
194.0
194.51
195.01
195.5
196.0
196.51
197.01
197.5
198.0
198.5
199.0
199.51
200.0
200.51
201.01
201.5
202.0
202.5
202.99
203.5
204.0
204.5
205.0
205.51
206.0
206.5
207.01
207.5
208.0
208.51
209.0
209.5
210.01
210.5
211.0
211.5
212.0
212.49
213.0
213.5
214.0
214.5
215.0
215.5
216.01
216.5
217.0
217.5
218.5
219.0
220.0
221.0
221.99
222.48
223.0
224.0
224.5
225.01
225.5
226.0
226.51
227.0
227.51
228.0
228.5
229.0
229.5
230.01
230.5
230.99
231.5
232.0
232.51
233.0
233.49
234.01
234.51
235.0
235.5
236.0
236.5
237.0
237.5
238.01
238.51
239.0
239.5
240.0
240.5
241.0
241.5
242.0
242.51
243.01
243.5
244.0
244.51
245.0
245.5
245.99
247.01
248.0
249.0
250.0
251.0
251.5
252.0
252.5
253.0
253.51
254.0
254.5
255.0
255.5
256.0
256.51
257.01
257.5
258.0
258.5
259.0
259.51
260.0
260.5
261.0
261.51
262.0
262.51
263.0
263.5
264.01
264.5
265.0
265.48
265.98
266.45
266.98
