(-1 74 68 3/4 0)
(-1/4 75 69 1/4 0)
(0 72 67 1/2 0)
(1/2 70 66 1/2 0)
(1 62 61 1 1)
(1 65 63 1 1)
(1 70 66 1 0)
(2 62 61 1 1)
(2 65 63 1 1)
(2 70 66 1 0)
(3 63 62 1 1)
(3 65 63 1 1)
(3 69 65 1 0)
(5 75 69 3/4 0)
(23/4 77 70 1/4 0)
(6 74 68 1/2 0)
(13/2 72 67 1/2 0)
(7 63 62 1 1)
(7 65 63 1 1)
(7 72 67 1 0)
(8 63 62 1 1)
(8 65 63 1 1)
(8 72 67 1 0)
(9 62 61 1 1)
(9 65 63 1 1)
(9 70 66 1 0)
(11 58 59 3/4 1)
(11 74 68 3/4 0)
(47/4 60 60 1/4 1)
(47/4 75 69 1/4 0)
(12 53 56 7 1)
(12 62 61 1/2 1)
(12 77 70 1/2 0)
(25/2 63 62 1/2 1)
(25/2 79 71 1/2 0)
(13 60 60 1/2 1)
(13 75 69 1/2 0)
(27/2 57 58 1/2 1)
(27/2 72 67 1/2 0)
(14 58 59 1/2 1)
(14 74 68 1/2 0)
(29/2 60 60 1/2 1)
(29/2 75 69 1/2 0)
(15 62 61 1/2 1)
(15 77 70 1/2 0)
(31/2 63 62 1/2 1)
(31/2 79 71 1/2 0)
(16 60 60 1/2 1)
(16 75 69 1/2 0)
(33/2 57 58 1/2 1)
(33/2 72 67 1/2 0)
(17 58 59 1/2 1)
(17 74 68 1/2 0)
(35/2 60 60 1/2 1)
(35/2 75 69 1/2 0)
(18 62 61 1 1)
(18 77 70 1/2 0)
(37/2 82 73 1/2 0)
(19 81 72 1/2 0)
(39/2 79 71 1/2 0)
(20 77 70 1/2 0)
(41/2 76 69 1/2 0)
(21 74 68 1/2 0)
(43/2 72 67 1/2 0)
(22 71 66 1/2 0)
(45/2 70 66 1/2 0)
(23 69 65 1/2 0)
(47/2 67 64 1/2 0)
(24 72 67 3/4 0)
(99/4 74 68 1/4 0)
(25 48 53 1 1)
(25 57 58 1 1)
(25 60 60 1 0)
(25 65 63 1 0)
(26 48 53 1 1)
(26 55 57 1 1)
(26 58 59 1 0)
(26 64 62 1 0)
(27 53 56 1 1)
(27 57 58 1 0)
(27 65 63 1 0)
(28 41 49 1 1)
(29 70 66 3/4 0)
(29 74 68 3/4 0)
(119/4 69 65 1/4 0)
(119/4 72 67 1/4 0)
(30 69 65 1 0)
(30 72 67 1 0)
(31 65 63 1 1)
(32 70 66 3/4 0)
(32 76 69 3/4 0)
(131/4 69 65 1/4 0)
(131/4 77 70 1/4 0)
(33 69 65 1 0)
(33 77 70 1 0)
(34 53 56 1 1)
