(1.01 74 68)
(1.1 74 68)
(1.39 48 53)
(1.39 74 68)
(1.39 75 69)
(1.51 72 67)
(1.76 70 66)
(1.76 82 73)
(2.01 70 66)
(2.02 62 61)
(2.02 65 63)
(2.51 62 61)
(2.51 65 63)
(2.51 70 66)
(3.01 63 62)
(3.01 65 63)
(3.01 69 65)
(4.01 74 68)
(4.01 75 69)
(4.39 77 70)
(4.51 74 68)
(4.76 72 67)
(5.01 63 62)
(5.01 72 67)
(5.02 65 63)
(5.51 63 62)
(5.51 65 63)
(5.51 72 67)
(6.01 62 61)
(6.01 65 63)
(6.01 70 66)
(7.01 46 52)
(7.01 58 59)
(7.01 74 68)
(7.38 60 60)
(7.38 72 67)
(7.38 75 69)
(7.38 79 71)
(7.51 50 54)
(7.51 53 56)
(7.76 63 62)
(7.76 79 71)
(8.01 45 51)
(8.01 48 53)
(8.01 60 60)
(8.01 72 67)
(8.01 75 69)
(8.25 45 51)
(8.25 57 58)
(8.25 72 67)
(8.5 46 52)
(8.5 74 68)
(8.51 70 66)
(8.76 48 53)
(8.76 60 60)
(8.76 72 67)
(8.76 75 69)
(8.76 79 71)
(9.01 46 52)
(9.01 50 54)
(9.01 77 70)
(9.01 81 72)
(9.01 82 73)
(9.02 48 53)
(9.02 62 61)
(9.26 45 51)
(9.26 46 52)
(9.26 48 53)
(9.26 63 62)
(9.26 79 71)
(9.51 48 53)
(9.51 60 60)
(9.51 72 67)
(9.51 75 69)
(9.76 45 51)
(9.76 57 58)
(9.76 72 67)
(10.01 46 52)
(10.01 70 66)
(10.01 74 68)
(10.26 48 53)
(10.26 60 60)
(10.26 72 67)
(10.26 75 69)
(10.26 79 71)
(10.51 46 52)
(10.51 50 54)
(10.51 77 70)
(10.51 81 72)
(10.51 82 73)
(10.52 48 53)
(10.52 62 61)
(10.76 82 73)
(11.01 34 45)
(11.01 41 49)
(11.01 46 52)
(11.01 48 53)
(11.01 81 72)
(11.01 82 73)
(11.12 82 73)
(11.26 48 53)
(11.26 79 71)
(11.51 46 52)
(11.51 55 57)
(11.51 77 70)
(11.51 78 70)
(11.51 82 73)
(11.52 50 54)
(11.76 46 52)
(11.76 48 53)
(11.76 76 69)
(11.76 78 70)
(12.01 46 52)
(12.01 48 53)
(12.01 74 68)
(12.01 76 69)
(12.1 76 69)
(12.26 48 53)
(12.26 72 67)
(12.5 71 66)
(12.76 46 52)
(12.76 70 66)
(12.76 82 73)
(13.01 69 65)
(13.01 81 72)
(13.26 48 53)
(13.26 67 64)
(13.51 48 53)
(13.51 72 67)
(13.88 46 52)
(13.88 74 68)
(14.01 48 53)
(14.01 51 55)
(14.01 57 58)
(14.01 60 60)
(14.01 65 63)
(14.51 46 52)
(14.51 48 53)
(14.51 55 57)
(14.51 58 59)
(14.51 64 62)
(15.01 45 51)
(15.01 51 55)
(15.01 53 56)
(15.01 57 58)
(15.5 41 49)
(16.01 46 52)
(16.01 48 53)
(16.01 70 66)
(16.01 74 68)
(16.38 45 51)
(16.38 69 65)
(16.38 72 67)
(16.38 81 72)
(16.51 45 51)
(16.51 69 65)
(16.51 72 67)
(16.51 76 69)
(17.01 46 52)
(17.01 65 63)
(17.01 66 63)
(17.51 70 66)
(17.51 76 69)
(17.51 82 73)
(17.89 69 65)
(17.89 77 70)
(17.89 78 70)
(17.89 81 72)
(18.01 49 54)
(18.01 51 55)
(18.01 69 65)
(18.01 74 68)
(18.01 78 70)
(18.52 41 49)
(18.52 53 56)
(19.01 46 52)
(19.01 74 68)
(19.39 46 52)
(19.39 48 53)
(19.39 75 69)
(19.51 48 53)
(19.51 72 67)
(19.76 46 52)
(19.76 70 66)
(19.76 82 73)
(20.01 46 52)
(20.01 62 61)
(20.01 65 63)
(20.01 70 66)
(20.51 46 52)
(20.51 62 61)
(20.51 65 63)
(20.51 70 66)
(21.01 45 51)
(21.01 46 52)
(21.01 51 55)
(21.01 65 63)
(21.01 69 65)
(22.01 46 52)
(22.01 48 53)
(22.01 75 69)
(22.39 45 51)
(22.39 46 52)
(22.39 77 70)
(22.39 78 70)
(22.39 82 73)
(22.51 74 68)
(22.76 48 53)
(22.76 72 67)
(23.01 45 51)
(23.01 60 60)
(23.01 63 62)
(23.01 66 63)
(23.01 72 67)
(23.51 45 51)
(23.51 46 52)
(23.51 60 60)
(23.51 63 62)
(23.51 65 63)
(23.51 72 67)
(24.01 62 61)
(24.01 65 63)
(24.01 70 66)
(25.01 46 52)
(25.01 55 57)
(25.01 70 66)
(25.01 74 68)
(25.38 48 53)
(25.38 60 60)
(25.38 72 67)
(25.38 75 69)
(25.38 79 71)
(25.51 46 52)
(25.51 50 54)
(25.51 53 56)
(25.51 81 72)
(25.51 82 73)
(25.76 45 51)
(25.76 63 62)
(25.76 79 71)
(26.01 48 53)
(26.01 60 60)
(26.01 72 67)
(26.01 75 69)
(26.25 45 51)
(26.25 57 58)
(26.25 72 67)
(26.51 34 45)
(26.51 46 52)
(26.51 70 66)
(26.51 74 68)
(26.76 48 53)
(26.76 60 60)
(26.76 72 67)
(26.76 75 69)
(26.76 79 71)
(27.01 46 52)
(27.01 50 54)
(27.01 77 70)
(27.01 82 73)
(27.02 62 61)
(27.26 45 51)
(27.26 46 52)
(27.26 48 53)
(27.26 63 62)
(27.26 79 71)
(27.51 48 53)
(27.51 60 60)
(27.51 72 67)
(27.51 75 69)
(27.76 45 51)
(27.76 57 58)
(27.76 72 67)
(28.01 46 52)
(28.01 70 66)
(28.01 74 68)
(28.26 48 53)
(28.26 60 60)
(28.26 72 67)
(28.26 75 69)
(28.26 79 71)
(28.51 46 52)
(28.51 50 54)
(28.51 77 70)
(28.51 81 72)
(28.51 82 73)
(28.52 48 53)
(28.52 62 61)
(28.76 82 73)
(29.01 46 52)
(29.01 48 53)
(29.01 81 72)
(29.13 82 73)
(29.26 48 53)
(29.26 79 71)
(29.51 45 51)
(29.51 46 52)
(29.51 48 53)
(29.51 49 54)
(29.51 77 70)
(29.51 78 70)
(29.76 45 51)
(29.76 46 52)
(29.76 48 53)
(29.76 49 54)
(29.76 76 69)
(29.76 78 70)
(29.91 76 69)
(30.01 46 52)
(30.01 48 53)
(30.01 74 68)
(30.1 76 69)
(30.26 48 53)
(30.26 72 67)
(30.5 71 66)
(30.5 83 73)
(30.75 70 66)
(31.01 69 65)
(31.26 45 51)
(31.26 67 64)
(31.51 48 53)
(31.51 72 67)
(31.88 74 68)
(32.0 45 51)
(32.0 48 53)
(32.0 65 63)
(32.01 57 58)
(32.01 72 67)
(32.51 48 53)
(32.51 55 57)
(32.51 58 59)
(32.51 64 62)
(32.51 76 69)
(33.0 45 51)
(33.0 53 56)
(33.01 57 58)
(33.5 41 49)
(34.0 46 52)
(34.0 48 53)
(34.0 70 66)
(34.0 74 68)
(34.38 45 51)
(34.38 69 65)
(34.38 72 67)
(34.51 45 51)
(34.51 48 53)
(34.51 69 65)
(34.51 72 67)
(34.51 76 69)
(35.0 66 63)
(35.01 45 51)
(35.01 65 63)
(35.01 76 69)
(35.5 82 73)
(35.51 70 66)
(35.51 76 69)
(35.89 69 65)
(35.89 77 70)
(35.89 78 70)
(36.01 49 54)
(36.01 69 65)
(36.01 74 68)
(36.01 78 70)
(36.52 41 49)
(36.52 45 51)
(36.52 53 56)
(37.01 34 45)
(37.01 41 49)
(37.01 45 51)
(37.01 46 52)
(37.01 53 56)
(37.01 65 63)
(37.01 71 66)
(37.01 74 68)
(37.01 80 72)
(37.01 81 72)
(37.51 72 67)
(37.51 76 69)
(37.51 79 71)
(37.52 45 51)
(37.52 52 55)
(38.01 45 51)
(38.01 48 53)
(38.01 51 55)
(38.01 69 65)
(38.01 72 67)
(38.01 78 70)
(38.5 46 52)
(38.51 45 51)
(38.51 50 54)
(38.51 62 61)
(38.51 70 66)
(38.51 74 68)
(38.51 77 70)
(39.01 43 50)
(39.01 55 57)
(39.01 70 66)
(39.51 45 51)
(39.51 66 63)
(39.51 72 67)
(39.51 75 69)
(40.0 46 52)
(40.0 70 66)
(40.01 55 57)
(40.51 51 55)
(41.01 48 53)
(41.01 72 67)
(41.51 34 45)
(41.51 45 51)
(41.51 46 52)
(41.51 52 55)
(41.51 73 68)
(41.51 76 69)
(42.0 41 49)
(42.0 45 51)
(42.0 53 56)
(42.0 70 66)
(42.26 69 65)
(42.5 39 48)
(42.5 51 55)
(42.51 67 64)
(42.76 45 51)
(42.76 65 63)
(43.01 42 49)
(43.01 46 52)
(43.01 50 54)
(43.01 70 66)
(43.5 72 67)
(43.5 75 69)
(43.51 45 51)
(43.51 57 58)
(44.0 42 49)
(44.0 46 52)
(44.0 70 66)
(44.0 74 68)
(44.38 69 65)
(44.38 72 67)
(44.5 52 55)
(44.5 74 68)
(44.51 70 66)
(44.88 45 51)
(44.88 48 53)
(44.88 72 67)
(44.88 75 69)
(45.0 41 49)
(45.0 53 56)
(45.0 70 66)
(45.0 74 68)
(45.51 69 65)
(45.51 72 67)
(46.01 62 61)
(46.39 46 52)
(46.39 63 62)
(46.5 46 52)
(46.5 60 60)
(46.76 46 52)
(46.76 70 66)
(47.01 46 52)
(47.01 74 68)
(47.01 77 70)
(47.51 46 52)
(47.51 74 68)
(47.51 77 70)
(47.51 78 70)
(48.01 45 51)
(48.01 51 55)
(48.01 57 58)
(48.01 75 69)
(48.01 78 70)
(48.01 81 72)
(48.74 82 73)
(49.02 60 60)
(49.02 63 62)
(49.38 45 51)
(49.38 65 63)
(49.38 84 74)
(49.51 62 61)
(49.76 60 60)
(49.76 72 67)
(50.01 48 53)
(50.01 60 60)
(50.01 81 72)
(50.01 87 76)
(50.51 41 49)
(50.51 48 53)
(50.51 60 60)
(50.51 78 70)
(50.51 81 72)
(50.51 87 76)
(51.0 46 52)
(51.0 86 75)
(51.01 58 59)
(51.01 70 66)
(51.01 82 73)
(51.88 82 73)
(52.01 46 52)
(52.01 74 68)
(52.38 48 53)
(52.38 60 60)
(52.38 72 67)
(52.38 75 69)
(52.38 79 71)
(52.51 50 54)
(52.51 53 56)
(52.76 45 51)
(52.76 48 53)
(52.76 53 56)
(52.76 63 62)
(52.76 79 71)
(53.01 48 53)
(53.01 60 60)
(53.01 72 67)
(53.01 75 69)
(53.25 45 51)
(53.25 57 58)
(53.25 72 67)
(53.51 46 52)
(53.51 70 66)
(53.51 74 68)
(53.76 48 53)
(53.76 60 60)
(53.76 72 67)
(53.76 75 69)
(54.01 46 52)
(54.01 50 54)
(54.01 77 70)
(54.02 48 53)
(54.02 62 61)
(54.02 78 70)
(54.02 81 72)
(54.26 45 51)
(54.26 48 53)
(54.26 53 56)
(54.26 63 62)
(54.26 79 71)
(54.51 60 60)
(54.51 72 67)
(54.51 75 69)
(54.75 72 67)
(54.76 45 51)
(54.76 57 58)
(55.01 46 52)
(55.01 70 66)
(55.01 74 68)
(55.26 48 53)
(55.26 60 60)
(55.26 72 67)
(55.26 75 69)
(55.26 79 71)
(55.51 46 52)
(55.51 50 54)
(55.51 62 61)
(55.51 77 70)
(55.51 78 70)
(55.51 81 72)
(55.52 48 53)
(55.76 87 76)
(56.01 46 52)
(56.01 86 75)
(56.26 46 52)
(56.26 48 53)
(56.26 84 74)
(56.51 46 52)
(56.51 82 73)
(56.76 46 52)
(56.76 48 53)
(56.76 81 72)
(57.01 48 53)
(57.01 49 54)
(57.01 79 71)
(57.26 45 51)
(57.26 49 54)
(57.26 77 70)
(57.26 78 70)
(57.51 46 52)
(57.51 48 53)
(57.51 76 69)
(57.76 46 52)
(57.76 48 53)
(57.76 75 69)
(58.01 46 52)
(58.01 48 53)
(58.01 74 68)
(58.26 48 53)
(58.26 72 67)
(58.52 48 53)
(58.52 77 70)
(58.88 48 53)
(58.88 79 71)
(59.01 53 56)
(59.01 62 61)
(59.01 65 63)
(59.01 70 66)
(59.51 45 51)
(59.51 60 60)
(59.51 69 65)
(60.01 46 52)
(60.01 58 59)
(60.01 62 61)
(60.51 45 51)
(60.51 46 52)
(61.01 48 53)
(61.01 75 69)
(61.01 79 71)
(61.39 46 52)
(61.39 74 68)
(61.39 77 70)
(61.39 78 70)
(61.51 48 53)
(61.51 72 67)
(61.51 74 68)
(61.51 77 70)
(61.51 78 70)
(61.51 81 72)
(62.01 46 52)
(62.01 70 66)
(62.01 82 73)
(62.51 42 49)
(62.51 46 52)
(62.51 48 53)
(62.51 75 69)
(62.51 78 70)
(62.51 81 72)
(62.88 46 52)
(62.88 74 68)
(62.88 82 73)
(63.01 48 53)
(63.01 74 68)
(63.01 82 73)
(63.26 82 73)
(63.39 82 73)
(63.51 46 52)
(63.51 70 66)
(64.01 43 50)
(64.01 46 52)
(64.01 55 57)
(64.01 74 68)
(64.38 70 66)
(64.38 82 73)
(64.51 48 53)
(64.51 51 55)
(64.51 67 64)
(64.51 75 69)
(65.0 48 53)
(65.51 41 49)
(65.51 48 53)
(65.51 53 56)
(65.51 63 62)
(65.51 72 67)
(65.88 69 65)
(66.01 46 52)
(66.01 58 59)
(66.01 62 61)
(66.01 70 66)
(66.51 34 45)
(66.51 46 52)
(67.01 41 49)
(67.01 53 56)
(67.01 65 63)
(67.01 74 68)
(67.01 80 72)
(67.51 72 67)
(67.51 76 69)
(67.51 79 71)
(67.52 64 62)
(68.01 51 55)
(68.01 66 63)
(68.01 69 65)
(68.01 72 67)
(68.01 78 70)
(68.51 62 61)
(68.51 70 66)
(68.51 74 68)
(68.51 77 70)
(69.01 43 50)
(69.01 55 57)
(69.01 64 62)
(69.51 45 51)
(69.51 48 53)
(69.51 63 62)
(69.51 66 63)
(69.51 72 67)
(69.51 75 69)
(70.01 34 45)
(70.01 46 52)
(70.01 70 66)
(70.01 74 68)
(70.51 51 55)
(71.01 48 53)
(71.01 72 67)
(71.51 34 45)
(71.51 46 52)
(71.51 52 55)
(71.51 64 62)
(71.51 73 68)
(72.01 53 56)
(72.01 65 63)
(72.01 70 66)
(72.26 69 65)
(72.51 51 55)
(72.51 67 64)
(72.76 51 55)
(72.76 65 63)
(73.01 46 52)
(73.01 50 54)
(73.01 70 66)
(73.51 45 51)
(73.51 57 58)
(73.51 72 67)
(73.51 75 69)
(74.01 46 52)
(74.01 70 66)
(74.01 74 68)
(74.38 69 65)
(74.38 72 67)
(74.51 52 55)
(74.51 64 62)
(74.51 70 66)
(74.51 74 68)
(74.88 46 52)
(74.88 72 67)
(74.88 75 69)
(75.01 70 66)
(75.01 74 68)
(75.51 69 65)
(75.51 72 67)
(76.01 62 61)
(76.39 36 46)
(76.39 46 52)
(76.39 63 62)
(76.39 66 63)
(76.51 60 60)
(76.51 72 67)
(76.76 46 52)
(76.76 58 59)
(76.76 70 66)
(77.01 46 52)
(77.01 74 68)
(77.01 77 70)
(77.51 46 52)
(77.51 74 68)
(77.51 77 70)
(78.01 51 55)
(78.01 57 58)
(78.01 63 62)
(78.01 75 69)
(78.01 77 70)
(78.01 81 72)
(79.02 60 60)
(79.02 63 62)
(79.02 66 63)
(79.38 65 63)
(79.38 66 63)
(79.51 62 61)
(79.76 60 60)
(79.76 72 67)
(80.01 48 53)
(80.01 60 60)
(80.01 81 72)
(80.01 87 76)
(80.51 48 53)
(80.51 60 60)
(80.51 81 72)
(80.51 87 76)
(81.0 46 52)
(81.0 58 59)
(81.0 86 75)
(81.01 82 73)
(82.01 46 52)
(82.01 58 59)
(82.01 74 68)
(82.38 60 60)
(82.38 72 67)
(82.38 75 69)
(82.38 79 71)
(82.51 50 54)
(82.51 53 56)
(82.51 81 72)
(82.52 62 61)
(82.76 63 62)
(82.76 79 71)
(83.01 60 60)
(83.01 63 62)
(83.01 72 67)
(83.01 75 69)
(83.25 72 67)
(83.26 57 58)
(83.51 46 52)
(83.51 70 66)
(83.51 74 68)
(83.76 48 53)
(83.76 60 60)
(83.76 72 67)
(83.76 75 69)
(84.01 62 61)
(84.01 77 70)
(84.01 81 72)
(84.26 63 62)
(84.26 79 71)
(84.51 60 60)
(84.51 72 67)
(84.51 75 69)
(84.75 57 58)
(84.75 72 67)
(85.01 46 52)
(85.01 58 59)
(85.01 74 68)
(85.26 48 53)
(85.26 60 60)
(85.26 72 67)
(85.26 75 69)
(85.26 79 71)
(85.51 50 54)
(85.52 48 53)
(85.52 62 61)
(85.52 77 70)
(85.76 87 76)
(86.0 86 75)
(86.26 84 74)
(86.51 46 52)
(86.51 82 73)
(86.76 81 72)
(87.0 79 71)
(87.26 77 70)
(87.51 76 69)
(87.76 75 69)
(88.01 46 52)
(88.01 74 68)
(88.1 74 68)
(88.26 72 67)
(88.51 77 70)
(88.88 79 71)
(88.88 80 72)
(89.01 53 56)
(89.01 62 61)
(89.01 65 63)
(89.01 70 66)
(89.51 45 51)
(89.51 48 53)
(89.51 53 56)
(89.51 60 60)
(89.51 63 62)
(89.51 69 65)
(89.51 72 67)
(90.01 58 59)
(90.01 62 61)
(90.51 46 52)
(91.01 48 53)
(91.01 74 68)
(91.01 75 69)
(91.01 79 71)
(91.39 46 52)
(91.39 74 68)
(91.39 77 70)
(91.51 74 68)
(91.51 77 70)
(91.51 81 72)
(91.61 74 68)
(91.78 74 68)
(92.01 46 52)
(92.01 70 66)
(92.51 46 52)
(92.51 75 69)
(92.51 78 70)
(92.51 81 72)
(92.88 46 52)
(92.88 74 68)
(92.88 82 73)
(93.0 74 68)
(93.01 46 52)
(93.01 82 73)
(93.26 74 68)
(93.26 82 73)
(93.51 46 52)
(93.51 58 59)
(94.01 55 57)
(94.01 74 68)
(94.38 70 66)
(94.38 82 73)
(94.51 51 55)
(94.51 63 62)
(94.51 67 64)
(94.51 75 69)
(95.0 48 53)
(95.51 48 53)
(95.51 53 56)
(95.51 63 62)
(95.51 72 67)
(95.88 69 65)
(96.01 46 52)
(96.01 58 59)
(96.01 62 61)
(96.51 46 52)
(97.01 70 66)
(97.13 48 53)
(97.13 72 67)
(97.26 70 66)
(97.38 69 65)
(97.51 63 62)
(97.51 67 64)
(97.51 70 66)
(97.76 46 52)
(97.76 58 59)
(98.01 46 52)
(98.01 63 62)
(98.01 67 64)
(98.26 46 52)
(98.26 58 59)
(98.26 70 66)
(98.38 70 66)
(98.51 63 62)
(98.51 67 64)
(98.51 75 69)
(98.76 46 52)
(98.76 58 59)
(98.76 70 66)
(98.89 75 69)
(99.01 74 68)
(99.02 49 54)
(99.02 65 63)
(99.02 68 65)
(99.02 80 72)
(99.26 46 52)
(99.26 70 66)
(99.51 74 68)
(99.52 65 63)
(99.52 68 65)
(99.76 46 52)
(99.76 70 66)
(100.02 65 63)
(100.02 68 65)
(100.13 72 67)
(100.26 58 59)
(100.26 70 66)
(100.38 69 65)
(100.51 63 62)
(100.51 67 64)
(100.51 70 66)
(100.76 46 52)
(100.76 58 59)
(101.01 46 52)
(101.01 63 62)
(101.01 67 64)
(101.26 46 52)
(101.26 58 59)
(101.26 70 66)
(101.38 46 52)
(101.38 70 66)
(101.51 63 62)
(101.51 67 64)
(101.51 79 71)
(101.76 46 52)
(101.76 58 59)
(101.76 70 66)
(101.88 79 71)
(101.88 80 72)
(102.01 46 52)
(102.01 62 61)
(102.01 65 63)
(102.01 82 73)
(102.26 46 52)
(102.26 70 66)
(102.51 46 52)
(102.51 62 61)
(102.51 65 63)
(102.51 80 72)
(102.51 81 72)
(102.76 46 52)
(102.76 70 66)
(103.01 46 52)
(103.01 62 61)
(103.01 65 63)
(103.01 81 72)
(103.13 82 73)
(103.26 46 52)
(103.26 58 59)
(103.26 80 72)
(103.39 74 68)
(103.39 77 70)
(103.51 63 62)
(103.51 79 71)
(103.63 80 72)
(103.76 79 71)
(103.89 48 53)
(103.89 75 69)
(104.01 48 53)
(104.01 82 73)
(104.17 80 72)
(104.34 79 71)
(104.51 43 50)
(104.51 55 57)
(104.51 77 70)
(104.68 74 68)
(104.68 75 69)
(104.84 73 68)
(105.01 44 51)
(105.01 72 67)
(105.13 73 68)
(105.26 72 67)
(105.4 68 65)
(105.5 72 67)
(105.5 84 74)
(105.67 82 73)
(105.84 80 72)
(106.01 58 59)
(106.01 61 61)
(106.01 79 71)
(106.18 74 68)
(106.18 77 70)
(106.34 76 69)
(106.51 60 60)
(106.51 72 67)
(106.51 77 70)
(106.51 80 72)
(106.64 79 71)
(106.77 77 70)
(106.88 72 67)
(107.01 84 74)
(107.17 46 52)
(107.17 82 73)
(107.34 80 72)
(107.51 51 55)
(107.51 57 58)
(107.51 63 62)
(107.51 79 71)
(107.68 65 63)
(107.68 77 70)
(107.68 81 72)
(107.84 75 69)
(107.85 67 64)
(108.01 46 52)
(108.01 58 59)
(108.01 67 64)
(108.01 75 69)
(108.51 46 52)
(108.51 65 63)
(108.51 74 68)
(108.69 74 68)
(108.77 74 68)
(109.01 46 52)
(109.01 58 59)
(109.01 77 70)
(109.13 80 72)
(109.14 79 71)
(109.26 46 52)
(109.26 65 63)
(109.26 77 70)
(109.26 84 74)
(109.38 74 68)
(109.51 60 60)
(109.51 72 67)
(109.51 75 69)
(109.51 79 71)
(109.76 65 63)
(109.76 77 70)
(110.01 45 51)
(110.01 48 53)
(110.01 63 62)
(110.01 72 67)
(110.26 65 63)
(110.26 72 67)
(110.51 48 53)
(110.51 63 62)
(110.51 81 72)
(110.63 82 73)
(110.76 65 63)
(110.76 77 70)
(110.76 81 72)
(110.89 77 70)
(111.01 62 61)
(111.01 82 73)
(111.26 46 52)
(111.26 65 63)
(111.5 46 52)
(111.5 86 75)
(111.51 58 59)
(111.76 46 52)
(111.76 65 63)
(112.01 46 52)
(112.01 58 59)
(112.01 77 70)
(112.13 79 71)
(112.13 80 72)
(112.26 46 52)
(112.26 65 63)
(112.26 77 70)
(112.26 84 74)
(112.38 74 68)
(112.51 60 60)
(112.51 72 67)
(112.51 75 69)
(112.51 79 71)
(112.76 65 63)
(112.76 77 70)
(113.01 45 51)
(113.01 48 53)
(113.01 63 62)
(113.01 72 67)
(113.26 65 63)
(113.26 72 67)
(113.51 48 53)
(113.51 63 62)
(113.51 81 72)
(113.63 82 73)
(113.76 65 63)
(113.76 77 70)
(113.76 81 72)
(113.89 77 70)
(114.01 62 61)
(114.01 82 73)
(114.26 46 52)
(114.26 65 63)
(114.5 46 52)
(114.5 86 75)
(114.51 58 59)
(115.0 84 74)
(115.13 46 52)
(115.13 48 53)
(115.13 82 73)
(115.26 46 52)
(115.26 48 53)
(115.26 81 72)
(115.38 79 71)
(115.5 80 72)
(115.51 79 71)
(115.76 77 70)
(116.01 46 52)
(116.01 50 54)
(116.01 58 59)
(116.01 77 70)
(116.5 46 52)
(116.5 79 71)
(116.51 50 54)
(116.64 50 54)
(116.64 74 68)
(116.64 77 70)
(116.76 74 68)
(116.76 75 69)
(116.88 74 68)
(117.01 74 68)
(117.26 72 67)
(117.51 46 52)
(117.51 51 55)
(117.51 58 59)
(117.51 72 67)
(118.0 46 52)
(118.0 52 55)
(118.0 72 67)
(118.5 34 45)
(118.5 46 52)
(118.51 41 49)
(118.51 75 69)
(118.57 63 62)
(118.57 72 67)
(118.57 75 69)
(118.64 50 54)
(118.64 62 61)
(118.64 77 70)
(119.18 74 68)
(119.25 74 68)
(119.3 74 68)
(119.51 50 54)
(119.51 53 56)
(119.51 62 61)
(119.51 77 70)
(119.51 81 72)
(119.63 75 69)
(119.63 79 71)
(119.64 60 60)
(119.64 72 67)
(119.75 46 52)
(119.75 74 68)
(119.88 57 58)
(119.88 72 67)
(120.01 58 59)
(120.01 70 66)
(120.51 46 52)
(121.0 70 66)
(121.13 48 53)
(121.13 72 67)
(121.26 70 66)
(121.38 69 65)
(121.51 63 62)
(121.51 67 64)
(121.51 70 66)
(121.76 46 52)
(121.76 58 59)
(122.01 46 52)
(122.01 63 62)
(122.01 67 64)
(122.26 46 52)
(122.26 58 59)
(122.26 70 66)
(122.38 70 66)
(122.51 63 62)
(122.51 67 64)
(122.51 75 69)
(122.76 46 52)
(122.76 58 59)
(122.76 70 66)
(122.89 75 69)
(123.02 65 63)
(123.02 68 65)
(123.02 80 72)
(123.26 46 52)
(123.26 70 66)
(123.51 74 68)
(123.52 65 63)
(123.52 68 65)
(123.76 46 52)
(123.76 70 66)
(124.02 65 63)
(124.02 68 65)
(124.13 72 67)
(124.26 58 59)
(124.26 70 66)
(124.38 69 65)
(124.51 63 62)
(124.51 67 64)
(124.51 70 66)
(124.76 46 52)
(124.76 58 59)
(125.01 46 52)
(125.01 63 62)
(125.01 67 64)
(125.26 46 52)
(125.26 58 59)
(125.26 70 66)
(125.38 46 52)
(125.38 70 66)
(125.51 63 62)
(125.51 67 64)
(125.51 79 71)
(125.76 46 52)
(125.76 58 59)
(125.76 70 66)
(125.88 79 71)
(125.88 80 72)
(126.01 46 52)
(126.01 62 61)
(126.01 65 63)
(126.01 82 73)
(126.26 46 52)
(126.26 70 66)
(126.51 46 52)
(126.51 62 61)
(126.51 65 63)
(126.51 80 72)
(126.51 81 72)
(126.76 46 52)
(126.76 70 66)
(127.01 46 52)
(127.01 62 61)
(127.01 65 63)
(127.01 81 72)
(127.13 82 73)
(127.26 46 52)
(127.26 58 59)
(127.26 80 72)
(127.39 77 70)
(127.51 63 62)
(127.51 79 71)
(127.63 80 72)
(127.76 79 71)
(127.89 48 53)
(127.89 75 69)
(128.01 48 53)
(128.01 82 73)
(128.17 80 72)
(128.34 79 71)
(128.34 80 72)
(128.51 43 50)
(128.51 55 57)
(128.51 77 70)
(128.68 74 68)
(128.68 75 69)
(128.68 81 72)
(128.84 73 68)
(129.01 44 51)
(129.01 72 67)
(129.13 73 68)
(129.26 72 67)
(129.4 68 65)
(129.5 84 74)
(129.67 48 53)
(129.67 82 73)
(129.84 80 72)
(130.01 46 52)
(130.01 58 59)
(130.01 61 61)
(130.01 70 66)
(130.01 73 68)
(130.01 79 71)
(130.18 77 70)
(130.34 76 69)
(130.51 60 60)
(130.51 72 67)
(130.51 77 70)
(130.51 80 72)
(130.63 79 71)
(130.77 77 70)
(130.88 72 67)
(131.01 84 74)
(131.17 46 52)
(131.17 82 73)
(131.34 80 72)
(131.51 51 55)
(131.51 57 58)
(131.51 63 62)
(131.68 65 63)
(131.68 66 63)
(131.68 77 70)
(131.68 81 72)
(131.84 75 69)
(131.85 67 64)
(132.01 46 52)
(132.01 58 59)
(132.01 67 64)
(132.01 75 69)
(132.51 46 52)
(132.51 65 63)
(132.51 74 68)
(133.01 46 52)
(133.01 58 59)
(133.01 70 66)
(133.01 77 70)
(133.01 82 73)
(133.13 80 72)
(133.14 79 71)
(133.26 46 52)
(133.26 65 63)
(133.26 77 70)
(133.38 74 68)
(133.51 60 60)
(133.51 72 67)
(133.51 75 69)
(133.51 79 71)
(133.76 46 52)
(133.76 65 63)
(133.76 77 70)
(134.01 60 60)
(134.01 63 62)
(134.01 66 63)
(134.01 72 67)
(134.26 65 63)
(134.26 66 63)
(134.51 48 53)
(134.51 63 62)
(134.51 81 72)
(134.63 48 53)
(134.63 82 73)
(134.76 65 63)
(134.76 81 72)
(134.89 77 70)
(135.01 62 61)
(135.01 82 73)
(135.26 46 52)
(135.26 65 63)
(135.5 86 75)
(135.51 46 52)
(135.51 58 59)
(135.76 46 52)
(135.76 65 63)
(136.01 46 52)
(136.01 77 70)
(136.13 79 71)
(136.13 80 72)
(136.26 46 52)
(136.26 65 63)
(136.26 77 70)
(136.38 74 68)
(136.51 60 60)
(136.51 72 67)
(136.51 75 69)
(136.51 79 71)
(136.76 46 52)
(136.76 65 63)
(136.76 77 70)
(137.01 60 60)
(137.01 63 62)
(137.01 66 63)
(137.01 72 67)
(137.26 65 63)
(137.26 66 63)
(137.51 48 53)
(137.51 63 62)
(137.51 81 72)
(137.63 48 53)
(137.63 82 73)
(137.76 65 63)
(137.76 81 72)
(137.89 77 70)
(138.01 62 61)
(138.01 82 73)
(138.26 46 52)
(138.26 65 63)
(138.5 46 52)
(138.5 86 75)
(138.51 58 59)
(139.0 48 53)
(139.0 84 74)
(139.13 46 52)
(139.13 48 53)
(139.13 82 73)
(139.26 46 52)
(139.26 48 53)
(139.26 81 72)
(139.38 79 71)
(139.5 80 72)
(139.51 79 71)
(139.76 77 70)
(140.01 34 45)
(140.01 46 52)
(140.01 50 54)
(140.01 58 59)
(140.01 77 70)
(140.5 46 52)
(140.5 79 71)
(140.51 34 45)
(140.51 50 54)
(140.64 50 54)
(140.64 74 68)
(140.64 77 70)
(140.64 80 72)
(140.64 81 72)
(140.76 74 68)
(140.76 75 69)
(140.88 74 68)
(141.01 74 68)
(141.26 72 67)
(141.51 46 52)
(141.51 51 55)
(141.51 72 67)
(142.0 46 52)
(142.0 52 55)
(142.0 72 67)
(142.5 34 45)
(142.5 41 49)
(142.5 46 52)
(142.5 75 69)
(142.57 60 60)
(142.57 63 62)
(142.57 72 67)
(142.57 75 69)
(142.64 62 61)
(142.64 77 70)
(143.51 50 54)
(143.51 53 56)
(143.51 62 61)
(143.51 77 70)
(143.51 81 72)
(143.63 79 71)
(143.64 60 60)
(143.64 72 67)
(143.64 75 69)
(143.75 46 52)
(143.75 74 68)
(143.88 57 58)
(143.88 72 67)
(144.01 46 52)
(144.01 58 59)
(144.01 70 66)
(144.51 46 52)
(145.01 62 61)
(145.01 70 66)
(145.26 46 52)
(145.26 58 59)
(145.26 70 66)
(145.51 63 62)
(145.51 71 66)
(145.63 72 67)
(145.76 46 52)
(145.76 58 59)
(145.76 70 66)
(146.01 75 69)
(146.02 46 52)
(146.02 63 62)
(146.26 46 52)
(146.26 58 59)
(146.26 70 66)
(146.51 46 52)
(146.51 65 63)
(146.51 74 68)
(146.76 46 52)
(146.76 74 68)
(147.01 67 64)
(147.01 74 68)
(147.14 75 69)
(147.26 46 52)
(147.26 58 59)
(147.26 70 66)
(147.26 74 68)
(147.51 67 64)
(147.76 46 52)
(147.76 58 59)
(147.76 70 66)
(148.01 46 52)
(148.01 62 61)
(148.01 77 70)
(148.01 81 72)
(148.26 46 52)
(148.26 58 59)
(148.26 77 70)
(148.51 63 62)
(148.51 66 63)
(148.51 75 69)
(148.52 78 70)
(148.63 79 71)
(148.63 80 72)
(148.76 46 52)
(148.76 58 59)
(149.02 46 52)
(149.02 63 62)
(149.02 75 69)
(149.26 46 52)
(149.26 58 59)
(149.26 70 66)
(149.51 60 60)
(149.51 79 71)
(149.51 81 72)
(149.76 46 52)
(149.76 58 59)
(149.76 81 72)
(150.01 46 52)
(150.01 62 61)
(150.01 81 72)
(150.13 82 73)
(150.13 84 74)
(150.26 46 52)
(150.26 58 59)
(150.51 46 52)
(150.51 65 63)
(150.51 84 74)
(150.76 62 61)
(151.01 46 52)
(151.01 58 59)
(151.01 70 66)
(151.26 46 52)
(151.26 70 66)
(151.5 75 69)
(151.51 47 52)
(151.51 71 66)
(151.76 74 68)
(151.76 77 70)
(151.76 81 72)
(151.85 77 70)
(152.01 47 52)
(152.01 78 70)
(152.26 74 68)
(152.26 77 70)
(152.26 81 72)
(152.27 78 70)
(152.51 74 68)
(152.51 75 69)
(152.51 78 70)
(152.76 74 68)
(152.86 74 68)
(153.01 74 68)
(153.01 75 69)
(153.26 48 53)
(153.26 74 68)
(153.26 77 70)
(153.26 78 70)
(153.26 81 72)
(153.52 78 70)
(153.65 78 70)
(153.75 79 71)
(153.75 80 72)
(154.01 80 72)
(154.26 81 72)
(154.26 84 74)
(154.51 46 52)
(154.51 58 59)
(154.51 70 66)
(154.51 82 73)
(155.51 46 52)
(155.51 58 59)
(155.62 83 73)
(155.63 48 53)
(155.63 59 59)
(155.75 46 52)
(155.88 45 51)
(155.88 69 65)
(156.01 46 52)
(156.01 70 66)
(157.01 70 66)
(157.01 82 73)
(157.13 72 67)
(157.26 70 66)
(157.38 69 65)
(157.51 63 62)
(157.51 67 64)
(157.51 70 66)
(157.76 46 52)
(157.76 58 59)
(158.01 46 52)
(158.01 63 62)
(158.01 67 64)
(158.26 46 52)
(158.26 58 59)
(158.26 70 66)
(158.38 70 66)
(158.51 63 62)
(158.51 67 64)
(158.51 75 69)
(158.76 46 52)
(158.76 58 59)
(158.76 70 66)
(158.89 75 69)
(159.02 65 63)
(159.02 68 65)
(159.02 80 72)
(159.26 46 52)
(159.26 70 66)
(159.51 74 68)
(159.52 65 63)
(159.52 68 65)
(159.76 46 52)
(159.76 70 66)
(160.02 65 63)
(160.02 68 65)
(160.13 72 67)
(160.26 58 59)
(160.26 70 66)
(160.38 69 65)
(160.51 63 62)
(160.51 67 64)
(160.51 70 66)
(160.76 46 52)
(160.76 58 59)
(161.01 46 52)
(161.01 63 62)
(161.01 67 64)
(161.26 46 52)
(161.26 58 59)
(161.26 70 66)
(161.38 46 52)
(161.38 70 66)
(161.51 63 62)
(161.51 67 64)
(161.51 79 71)
(161.76 46 52)
(161.76 58 59)
(161.76 70 66)
(161.88 79 71)
(161.88 80 72)
(162.01 46 52)
(162.01 62 61)
(162.01 65 63)
(162.01 82 73)
(162.26 46 52)
(162.26 70 66)
(162.51 46 52)
(162.51 62 61)
(162.51 65 63)
(162.51 80 72)
(162.51 81 72)
(162.76 46 52)
(162.76 70 66)
(163.01 46 52)
(163.01 62 61)
(163.01 65 63)
(163.01 81 72)
(163.13 82 73)
(163.26 46 52)
(163.26 58 59)
(163.26 80 72)
(163.39 77 70)
(163.51 63 62)
(163.51 79 71)
(163.63 80 72)
(163.76 79 71)
(163.89 48 53)
(163.89 75 69)
(164.01 48 53)
(164.01 82 73)
(164.17 80 72)
(164.34 79 71)
(164.34 80 72)
(164.51 43 50)
(164.51 55 57)
(164.51 77 70)
(164.68 74 68)
(164.68 75 69)
(164.68 81 72)
(164.84 73 68)
(165.01 44 51)
(165.01 72 67)
(165.13 73 68)
(165.26 72 67)
(165.4 68 65)
(165.5 84 74)
(165.67 48 53)
(165.67 82 73)
(165.84 80 72)
(166.01 46 52)
(166.01 58 59)
(166.01 61 61)
(166.01 70 66)
(166.01 73 68)
(166.01 79 71)
(166.18 77 70)
(166.34 76 69)
(166.51 60 60)
(166.51 72 67)
(166.51 77 70)
(166.51 80 72)
(166.63 79 71)
(166.77 77 70)
(166.88 72 67)
(167.01 84 74)
(167.17 46 52)
(167.17 82 73)
(167.34 80 72)
(167.51 51 55)
(167.51 57 58)
(167.51 63 62)
(167.68 65 63)
(167.68 66 63)
(167.68 77 70)
(167.68 81 72)
(167.84 75 69)
(167.85 67 64)
(168.01 46 52)
(168.01 58 59)
(168.01 67 64)
(168.01 75 69)
(168.51 46 52)
(168.51 65 63)
(168.51 74 68)
(169.01 51 55)
(169.01 70 66)
(169.01 82 73)
(169.13 72 67)
(169.26 46 52)
(169.26 58 59)
(169.26 70 66)
(169.26 72 67)
(169.38 67 64)
(169.52 41 49)
(169.52 53 56)
(169.52 68 65)
(169.76 46 52)
(169.76 58 59)
(169.76 70 66)
(170.01 44 51)
(170.01 65 63)
(170.26 46 52)
(170.26 58 59)
(170.26 70 66)
(170.51 74 68)
(170.64 75 69)
(170.76 46 52)
(170.76 58 59)
(170.76 74 68)
(170.88 70 66)
(171.01 55 57)
(171.01 75 69)
(171.26 46 52)
(171.26 58 59)
(171.5 51 55)
(171.5 79 71)
(171.76 46 52)
(171.76 58 59)
(171.76 70 66)
(172.01 51 55)
(172.01 70 66)
(172.01 82 73)
(172.13 72 67)
(172.26 46 52)
(172.26 58 59)
(172.26 70 66)
(172.38 67 64)
(172.52 53 56)
(172.52 68 65)
(172.76 46 52)
(172.76 58 59)
(172.76 70 66)
(173.01 44 51)
(173.01 65 63)
(173.26 46 52)
(173.26 58 59)
(173.26 70 66)
(173.51 74 68)
(173.64 75 69)
(173.76 46 52)
(173.76 58 59)
(173.76 74 68)
(173.88 70 66)
(174.01 55 57)
(174.01 75 69)
(174.26 46 52)
(174.26 58 59)
(174.5 51 55)
(174.5 79 71)
(175.01 36 46)
(175.01 89 77)
(175.13 48 53)
(175.13 87 76)
(175.25 86 75)
(175.38 84 74)
(175.51 84 74)
(175.76 46 52)
(175.76 82 73)
(176.01 55 57)
(176.01 63 62)
(176.01 81 72)
(176.01 82 73)
(176.51 55 57)
(176.51 63 62)
(176.51 72 67)
(176.51 84 74)
(176.63 81 72)
(176.63 82 73)
(176.75 80 72)
(176.88 79 71)
(177.01 79 71)
(177.26 77 70)
(177.52 44 51)
(177.52 56 58)
(177.52 63 62)
(177.52 68 65)
(177.52 77 70)
(177.52 80 72)
(178.01 57 58)
(178.01 63 62)
(178.02 77 70)
(178.51 39 48)
(178.51 46 52)
(178.51 70 66)
(178.51 79 71)
(178.56 46 52)
(178.57 65 63)
(178.57 80 72)
(178.63 67 64)
(178.63 82 73)
(179.51 46 52)
(179.51 58 59)
(179.51 67 64)
(179.51 82 73)
(179.63 65 63)
(179.63 80 72)
(179.76 63 62)
(179.76 79 71)
(179.89 62 61)
(179.89 77 70)
(179.89 81 72)
(180.01 63 62)
(180.01 75 69)
(180.51 51 55)
(181.01 62 61)
(181.01 70 66)
(181.26 46 52)
(181.26 58 59)
(181.51 63 62)
(181.51 71 66)
(181.63 72 67)
(181.76 46 52)
(181.76 58 59)
(181.76 70 66)
(182.01 75 69)
(182.02 46 52)
(182.02 63 62)
(182.26 46 52)
(182.26 58 59)
(182.26 70 66)
(182.51 46 52)
(182.51 65 63)
(182.51 74 68)
(182.76 46 52)
(182.76 74 68)
(183.01 67 64)
(183.01 74 68)
(183.14 75 69)
(183.26 46 52)
(183.26 58 59)
(183.26 70 66)
(183.26 74 68)
(183.51 67 64)
(183.76 46 52)
(183.76 58 59)
(183.76 70 66)
(184.01 46 52)
(184.01 62 61)
(184.01 81 72)
(184.26 46 52)
(184.26 50 54)
(184.26 58 59)
(184.26 77 70)
(184.51 66 63)
(184.51 75 69)
(184.52 46 52)
(184.52 63 62)
(184.52 78 70)
(184.63 79 71)
(184.63 80 72)
(184.76 46 52)
(184.76 58 59)
(185.01 75 69)
(185.02 46 52)
(185.02 63 62)
(185.26 46 52)
(185.26 58 59)
(185.26 70 66)
(185.51 60 60)
(185.51 79 71)
(185.51 81 72)
(185.76 46 52)
(185.76 58 59)
(185.76 81 72)
(186.01 46 52)
(186.01 62 61)
(186.01 81 72)
(186.13 82 73)
(186.13 84 74)
(186.26 46 52)
(186.26 58 59)
(186.51 46 52)
(186.51 65 63)
(186.51 84 74)
(186.76 62 61)
(187.01 46 52)
(187.01 50 54)
(187.01 58 59)
(187.01 70 66)
(187.26 46 52)
(187.26 70 66)
(187.5 75 69)
(187.51 47 52)
(187.76 74 68)
(187.76 77 70)
(187.76 78 70)
(187.76 81 72)
(188.01 47 52)
(188.01 78 70)
(188.26 74 68)
(188.26 77 70)
(188.26 81 72)
(188.27 78 70)
(188.51 74 68)
(188.51 75 69)
(188.51 78 70)
(188.76 74 68)
(188.86 74 68)
(189.01 74 68)
(189.01 75 69)
(189.26 48 53)
(189.26 74 68)
(189.26 77 70)
(189.26 78 70)
(189.51 78 70)
(189.75 79 71)
(189.75 80 72)
(190.01 80 72)
(190.26 81 72)
(190.26 84 74)
(190.51 46 52)
(190.51 58 59)
(190.51 70 66)
(190.51 82 73)
(191.51 46 52)
(191.51 58 59)
(191.63 48 53)
(191.63 59 59)
(191.75 46 52)
(191.88 45 51)
(191.88 69 65)
(192.01 34 45)
(192.01 46 52)
(192.01 70 66)
(193.01 70 66)
(193.01 82 73)
(193.13 72 67)
(193.26 70 66)
(193.38 69 65)
(193.51 63 62)
(193.51 67 64)
(193.51 70 66)
(193.76 46 52)
(193.76 58 59)
(194.01 46 52)
(194.01 63 62)
(194.01 67 64)
(194.01 75 69)
(194.26 46 52)
(194.26 58 59)
(194.26 70 66)
(194.38 70 66)
(194.51 63 62)
(194.51 67 64)
(194.51 75 69)
(194.76 46 52)
(194.76 58 59)
(194.76 70 66)
(194.89 75 69)
(195.01 74 68)
(195.02 49 54)
(195.02 65 63)
(195.02 68 65)
(195.02 80 72)
(195.26 46 52)
(195.26 70 66)
(195.51 74 68)
(195.52 65 63)
(195.52 68 65)
(195.76 46 52)
(195.76 70 66)
(196.02 65 63)
(196.02 68 65)
(196.13 72 67)
(196.26 58 59)
(196.26 70 66)
(196.38 69 65)
(196.51 63 62)
(196.51 67 64)
(196.51 70 66)
(196.76 46 52)
(196.76 58 59)
(197.01 46 52)
(197.01 63 62)
(197.01 67 64)
(197.26 46 52)
(197.26 58 59)
(197.26 70 66)
(197.38 46 52)
(197.38 70 66)
(197.51 63 62)
(197.51 67 64)
(197.51 79 71)
(197.76 46 52)
(197.76 58 59)
(197.76 70 66)
(197.88 79 71)
(197.88 80 72)
(198.01 46 52)
(198.01 62 61)
(198.01 65 63)
(198.01 82 73)
(198.26 46 52)
(198.26 70 66)
(198.51 46 52)
(198.51 62 61)
(198.51 65 63)
(198.51 80 72)
(198.76 46 52)
(198.76 70 66)
(199.01 46 52)
(199.01 62 61)
(199.01 65 63)
(199.13 82 73)
(199.26 46 52)
(199.26 58 59)
(199.26 80 72)
(199.39 74 68)
(199.39 77 70)
(199.51 63 62)
(199.51 79 71)
(199.63 80 72)
(199.75 79 71)
(199.89 48 53)
(199.89 75 69)
(200.01 48 53)
(200.01 82 73)
(200.17 80 72)
(200.34 79 71)
(200.51 43 50)
(200.51 55 57)
(200.51 77 70)
(200.68 74 68)
(200.68 75 69)
(200.84 73 68)
(201.01 44 51)
(201.01 72 67)
(201.13 73 68)
(201.26 72 67)
(201.4 68 65)
(201.5 72 67)
(201.5 84 74)
(201.67 82 73)
(201.84 80 72)
(202.01 58 59)
(202.01 61 61)
(202.01 73 68)
(202.01 79 71)
(202.18 74 68)
(202.18 77 70)
(202.34 76 69)
(202.51 60 60)
(202.51 72 67)
(202.51 77 70)
(202.51 80 72)
(202.64 79 71)
(202.77 77 70)
(202.77 78 70)
(202.88 72 67)
(203.01 84 74)
(203.17 46 52)
(203.17 82 73)
(203.34 80 72)
(203.51 51 55)
(203.51 57 58)
(203.51 63 62)
(203.51 79 71)
(203.68 65 63)
(203.68 66 63)
(203.68 77 70)
(203.68 81 72)
(203.84 75 69)
(203.85 67 64)
(204.01 46 52)
(204.01 58 59)
(204.01 67 64)
(204.01 75 69)
(204.51 46 52)
(204.51 65 63)
(204.51 74 68)
(205.01 51 55)
(205.01 70 66)
(205.01 82 73)
(205.13 72 67)
(205.26 46 52)
(205.26 58 59)
(205.26 70 66)
(205.38 67 64)
(205.52 41 49)
(205.52 53 56)
(205.52 68 65)
(205.76 46 52)
(205.76 58 59)
(206.01 44 51)
(206.01 56 58)
(206.01 65 63)
(206.26 46 52)
(206.26 70 66)
(206.51 55 57)
(206.51 74 68)
(206.64 75 69)
(206.76 46 52)
(206.76 58 59)
(206.76 74 68)
(206.88 46 52)
(206.88 70 66)
(207.01 55 57)
(207.01 75 69)
(207.26 46 52)
(207.26 58 59)
(207.5 39 48)
(207.5 51 55)
(207.5 79 71)
(207.76 46 52)
(207.76 58 59)
(208.01 51 55)
(208.01 70 66)
(208.01 82 73)
(208.13 72 67)
(208.26 46 52)
(208.26 58 59)
(208.26 70 66)
(208.38 67 64)
(208.52 41 49)
(208.52 53 56)
(208.52 68 65)
(208.76 46 52)
(208.76 58 59)
(209.01 44 51)
(209.01 56 58)
(209.01 65 63)
(209.26 46 52)
(209.26 70 66)
(209.51 55 57)
(209.51 74 68)
(209.64 75 69)
(209.76 46 52)
(209.76 58 59)
(209.76 74 68)
(209.88 46 52)
(209.88 70 66)
(210.01 55 57)
(210.01 75 69)
(210.26 46 52)
(210.26 58 59)
(210.26 74 68)
(210.5 39 48)
(210.5 51 55)
(210.5 79 71)
(211.01 36 46)
(211.01 89 77)
(211.13 48 53)
(211.13 87 76)
(211.25 86 75)
(211.38 84 74)
(211.5 84 74)
(211.76 46 52)
(211.76 82 73)
(212.01 55 57)
(212.01 63 62)
(212.01 82 73)
(212.51 55 57)
(212.51 63 62)
(212.51 67 64)
(212.51 84 74)
(212.63 81 72)
(212.63 82 73)
(212.75 80 72)
(212.88 79 71)
(213.01 79 71)
(213.26 77 70)
(213.26 80 72)
(213.52 56 58)
(213.52 63 62)
(213.52 68 65)
(213.52 77 70)
(213.52 80 72)
(214.01 51 55)
(214.01 57 58)
(214.01 63 62)
(214.01 77 70)
(214.51 70 66)
(214.51 75 69)
(214.51 79 71)
(214.51 80 72)
(214.57 65 63)
(214.57 80 72)
(214.63 67 64)
(214.63 82 73)
(215.51 46 52)
(215.51 58 59)
(215.51 67 64)
(215.51 82 73)
(215.63 65 63)
(215.63 80 72)
(215.76 63 62)
(215.76 75 69)
(215.76 79 71)
(215.76 80 72)
(215.89 62 61)
(215.89 74 68)
(215.89 77 70)
(215.89 80 72)
(215.89 82 73)
(216.01 63 62)
(216.01 75 69)
(216.51 39 48)
(216.51 51 55)
(217.01 46 52)
(217.01 74 68)
(217.39 75 69)
(217.51 72 67)
(217.76 70 66)
(217.76 82 73)
(218.01 62 61)
(218.01 65 63)
(218.01 70 66)
(218.51 62 61)
(218.51 65 63)
(218.51 70 66)
(219.01 63 62)
(219.01 65 63)
(219.01 69 65)
(219.01 75 69)
(220.01 75 69)
(220.39 77 70)
(220.39 80 72)
(220.51 74 68)
(220.76 72 67)
(221.01 63 62)
(221.01 65 63)
(221.01 72 67)
(221.51 63 62)
(221.51 65 63)
(221.51 72 67)
(221.51 75 69)
(222.01 62 61)
(222.01 65 63)
(222.01 70 66)
(223.01 58 59)
(223.01 74 68)
(223.38 60 60)
(223.38 72 67)
(223.38 75 69)
(223.38 79 71)
(223.51 50 54)
(223.51 53 56)
(223.51 62 61)
(223.51 82 73)
(223.76 63 62)
(223.76 79 71)
(224.01 60 60)
(224.01 72 67)
(224.01 75 69)
(224.25 45 51)
(224.25 57 58)
(224.25 72 67)
(224.51 58 59)
(224.51 70 66)
(224.51 74 68)
(224.76 60 60)
(224.76 72 67)
(224.76 75 69)
(224.76 79 71)
(225.01 50 54)
(225.01 62 61)
(225.01 77 70)
(225.01 82 73)
(225.26 45 51)
(225.26 53 56)
(225.26 75 69)
(225.26 79 71)
(225.51 60 60)
(225.51 72 67)
(225.51 75 69)
(225.75 45 51)
(225.75 57 58)
(225.75 72 67)
(226.0 70 66)
(226.0 74 68)
(226.26 48 53)
(226.26 60 60)
(226.26 72 67)
(226.26 75 69)
(226.26 79 71)
(226.51 50 54)
(226.51 62 61)
(226.51 77 70)
(226.76 82 73)
(227.01 46 52)
(227.01 81 72)
(227.26 79 71)
(227.51 49 54)
(227.51 77 70)
(227.76 45 51)
(227.76 49 54)
(227.76 76 69)
(228.01 74 68)
(228.1 76 69)
(228.26 72 67)
(228.5 71 66)
(228.5 83 73)
(228.75 70 66)
(229.01 69 65)
(229.26 67 64)
(229.51 72 67)
(229.88 74 68)
(230.0 45 51)
(230.0 65 63)
(230.01 48 53)
(230.01 57 58)
(230.01 72 67)
(230.51 48 53)
(230.51 55 57)
(230.51 58 59)
(230.51 64 62)
(231.0 45 51)
(231.0 53 56)
(231.0 57 58)
(231.5 41 49)
(232.0 70 66)
(232.0 74 68)
(232.38 69 65)
(232.38 72 67)
(232.51 45 51)
(232.51 69 65)
(232.51 72 67)
(233.01 45 51)
(233.01 65 63)
(233.5 70 66)
(233.5 76 69)
(233.5 82 73)
(233.89 69 65)
(233.89 77 70)
(233.89 78 70)
(234.01 68 65)
(234.01 69 65)
(234.01 74 68)
(234.01 78 70)
(234.52 41 49)
(234.52 45 51)
(234.52 53 56)
(235.0 77 70)
(235.01 41 49)
(235.01 53 56)
(235.01 65 63)
(235.01 71 66)
(235.01 74 68)
(235.01 80 72)
(235.51 52 55)
(235.51 72 67)
(235.51 76 69)
(235.51 79 71)
(236.01 51 55)
(236.01 69 65)
(236.01 72 67)
(236.01 78 70)
(236.5 50 54)
(236.5 62 61)
(236.5 70 66)
(236.5 77 70)
(236.51 74 68)
(237.0 43 50)
(237.0 55 57)
(237.0 70 66)
(237.51 45 51)
(237.51 66 63)
(237.51 72 67)
(237.51 75 69)
(238.0 55 57)
(238.0 70 66)
(238.0 74 68)
(238.01 46 52)
(238.01 58 59)
(238.51 39 48)
(238.51 51 55)
(239.01 72 67)
(239.5 34 45)
(239.5 46 52)
(239.5 73 68)
(239.51 40 48)
(239.51 45 51)
(239.51 52 55)
(239.51 76 69)
(240.0 53 56)
(240.0 70 66)
(240.26 69 65)
(240.5 39 48)
(240.5 51 55)
(240.5 67 64)
(240.76 65 63)
(241.0 50 54)
(241.0 70 66)
(241.0 82 73)
(241.5 45 51)
(241.5 57 58)
(241.5 72 67)
(241.5 75 69)
(242.0 70 66)
(242.0 74 68)
(242.38 69 65)
(242.38 72 67)
(242.5 52 55)
(242.5 70 66)
(242.5 74 68)
(242.88 45 51)
(242.88 72 67)
(242.88 75 69)
(243.0 70 66)
(243.0 74 68)
(243.5 72 67)
(243.51 69 65)
(244.01 62 61)
(244.39 46 52)
(244.39 63 62)
(244.5 60 60)
(244.76 46 52)
(244.76 58 59)
(244.76 70 66)
(245.01 74 68)
(245.01 77 70)
(245.51 58 59)
(245.51 74 68)
(245.51 77 70)
(246.01 57 58)
(246.01 75 69)
(247.02 60 60)
(247.02 63 62)
(247.38 45 51)
(247.38 65 63)
(247.51 62 61)
(247.75 60 60)
(247.76 72 67)
(248.01 60 60)
(248.01 81 72)
(248.01 87 76)
(248.51 60 60)
(248.51 81 72)
(248.51 87 76)
(249.0 58 59)
(249.0 86 75)
(249.01 70 66)
(249.01 82 73)
(250.01 70 66)
(250.01 74 68)
(250.38 60 60)
(250.38 72 67)
(250.38 75 69)
(250.38 79 71)
(250.51 50 54)
(250.51 53 56)
(250.76 53 56)
(250.76 63 62)
(250.76 79 71)
(251.01 60 60)
(251.01 72 67)
(251.01 75 69)
(251.25 45 51)
(251.25 57 58)
(251.25 72 67)
(251.5 74 68)
(251.51 58 59)
(251.51 70 66)
(251.76 60 60)
(251.76 72 67)
(251.76 75 69)
(251.76 79 71)
(252.01 50 54)
(252.01 62 61)
(252.01 77 70)
(252.26 45 51)
(252.26 53 56)
(252.26 63 62)
(252.26 75 69)
(252.26 79 71)
(252.51 60 60)
(252.51 72 67)
(252.51 75 69)
(252.75 57 58)
(252.75 72 67)
(253.01 70 66)
(253.01 74 68)
(253.26 60 60)
(253.26 72 67)
(253.26 75 69)
(253.26 79 71)
(253.51 62 61)
(253.51 77 70)
(253.76 87 76)
(254.01 86 75)
(254.26 84 74)
(254.51 55 57)
(254.51 82 73)
(254.76 81 72)
(255.01 49 54)
(255.01 79 71)
(255.26 77 70)
(255.51 76 69)
(255.76 75 69)
(256.01 74 68)
(256.26 72 67)
(256.51 77 70)
(256.88 79 71)
(257.01 53 56)
(257.01 62 61)
(257.01 65 63)
(257.01 70 66)
(257.51 45 51)
(257.51 53 56)
(257.51 60 60)
(257.51 69 65)
(258.01 58 59)
(258.01 62 61)
(258.01 70 66)
(258.51 46 52)
(259.01 48 53)
(259.01 75 69)
(259.01 79 71)
(259.39 74 68)
(259.39 77 70)
(259.39 81 72)
(259.51 74 68)
(259.51 77 70)
(259.51 78 70)
(260.0 70 66)
(260.51 46 52)
(260.51 75 69)
(260.51 78 70)
(260.51 81 72)
(260.88 74 68)
(260.88 82 73)
(261.01 49 54)
(261.01 55 57)
(261.01 74 68)
(261.01 82 73)
(261.51 58 59)
(261.51 70 66)
(262.0 74 68)
(262.01 55 57)
(262.38 70 66)
(262.51 51 55)
(262.51 67 64)
(262.51 75 69)
(263.0 48 53)
(263.51 53 56)
(263.51 63 62)
(263.51 72 67)
(263.88 69 65)
(264.0 58 59)
(264.01 62 61)
(264.01 70 66)
(264.51 46 52)
