(863/8 73)
(108 41)
(108 63)
(109 53)
(109 60)
(219/2 66)
(219/2 69)
(110 53)
(110 60)
(110 65)
(110 73)
(221/2 63)
(221/2 69)
(111 46)
(111 63)
(111 69)
(447/4 61)
(447/4 70)
(112 53)
(112 58)
(112 61)
(112 70)
(113 51)
(113 61)
(113 67)
(113 70)
(114 44)
(114 68)
(114 77)
(115 56)
(115 66)
(231/2 69)
(231/2 72)
(116 56)
(116 66)
(116 68)
(116 77)
(233/2 66)
(233/2 72)
(117 49)
(117 66)
(117 72)
(471/4 65)
(471/4 73)
(118 56)
(118 61)
(118 65)
(118 73)
(119 55)
(119 65)
(119 71)
(119 73)
(120 48)
(120 72)
(120 80)
(121 60)
(121 70)
(243/2 73)
(243/2 76)
(122 60)
(122 70)
(122 72)
(122 80)
(245/2 70)
(245/2 76)
(123 53)
(123 70)
(123 76)
(495/4 69)
(495/4 77)
(124 60)
(124 65)
(124 69)
(124 77)
(125 60)
(125 69)
(125 77)
(125 89)
(126 41)
(507/4 78)
(507/4 90)
(127 60)
(127 63)
(127 69)
(127 78)
(127 90)
(128 63)
(128 69)
(128 72)
(129 46)
(129 72)
(130 53)
(130 61)
(261/2 70)
