(132 46)
(132 65)
(132 73)
(265/2 66)
(133 53)
(133 60)
(133 63)
(133 65)
(267/2 66)
(267/2 69)
(134 53)
(134 60)
(134 63)
(134 65)
(134 73)
(269/2 63)
(269/2 69)
(135 46)
(135 63)
(135 69)
(543/4 61)
(543/4 70)
(136 53)
(136 58)
(136 61)
(136 70)
(137 51)
(137 61)
(137 67)
(137 70)
(412/3 72)
(413/3 70)
(138 44)
(138 68)
(138 77)
(277/2 69)
(139 56)
(139 60)
(139 66)
(139 68)
(279/2 69)
(279/2 72)
(140 56)
(140 60)
(140 66)
(140 68)
(140 77)
(281/2 66)
(281/2 72)
(141 49)
(141 66)
(141 72)
(567/4 65)
(567/4 73)
(142 56)
(142 61)
(142 65)
(142 73)
(143 55)
(143 65)
(143 71)
(143 73)
(430/3 75)
(431/3 73)
(144 48)
(144 72)
(144 80)
(289/2 73)
(145 60)
(145 67)
(145 70)
(145 72)
(291/2 73)
(291/2 76)
(146 60)
(146 67)
(146 70)
(146 72)
(146 80)
(293/2 70)
(293/2 76)
(147 53)
(147 70)
(147 76)
(591/4 69)
(591/4 77)
(148 60)
(148 65)
(148 69)
(148 77)
(149 53)
(149 60)
(149 69)
(149 77)
(149 89)
(150 41)
(150 80)
(150 92)
(603/4 78)
(603/4 90)
(151 60)
(151 63)
(151 69)
(151 72)
(151 78)
(151 90)
(152 53)
(152 60)
(152 63)
(152 69)
(153 46)
(153 70)
(154 53)
(154 61)
