(228 46)
(228 65)
(228 73)
(457/2 66)
(229 53)
(229 60)
(229 63)
(229 65)
(459/2 66)
(459/2 69)
(230 53)
(230 60)
(230 63)
(230 65)
(230 73)
(461/2 63)
(461/2 69)
(231 46)
(231 63)
(231 69)
(927/4 61)
(927/4 70)
(232 53)
(232 58)
(232 61)
(232 70)
(233 51)
(233 61)
(233 67)
(233 70)
(700/3 72)
(701/3 70)
(234 44)
(234 68)
(234 77)
(469/2 69)
(235 56)
(235 60)
(235 66)
(235 68)
(471/2 69)
(471/2 72)
(236 56)
(236 60)
(236 66)
(236 68)
(236 77)
(473/2 66)
(473/2 72)
(237 49)
(237 66)
(237 72)
(951/4 65)
(951/4 73)
(238 56)
(238 61)
(238 65)
(238 73)
(239 55)
(239 65)
(239 71)
(239 73)
(718/3 75)
(719/3 73)
(240 48)
(240 72)
(240 80)
(481/2 73)
(241 60)
(241 67)
(241 70)
(241 72)
(483/2 73)
(483/2 76)
(242 60)
(242 67)
(242 70)
(242 72)
(242 80)
(485/2 70)
(485/2 76)
(243 53)
(243 70)
(243 76)
(975/4 68)
(975/4 77)
(244 60)
(244 65)
(244 68)
(244 77)
(245 53)
(245 60)
(245 69)
(245 77)
(245 89)
(246 41)
(246 80)
(246 92)
(987/4 78)
(987/4 90)
(247 60)
(247 63)
(247 69)
(247 72)
(247 78)
(247 90)
(248 53)
(248 60)
(248 63)
(248 69)
(249 46)
(249 70)
(250 53)
(250 61)
