(438 46)
(438 65)
(438 73)
(877/2 66)
(439 53)
(439 63)
(439 65)
(879/2 66)
(879/2 69)
(440 53)
(440 63)
(440 65)
(440 73)
(881/2 63)
(881/2 69)
(441 46)
(441 63)
(441 69)
(1767/4 61)
(1767/4 70)
(442 53)
(442 58)
(442 61)
(442 70)
(443 51)
(443 61)
(443 67)
(443 70)
(1330/3 72)
(1331/3 70)
(444 44)
(444 68)
(444 77)
(889/2 69)
(445 56)
(445 60)
(445 66)
(445 68)
(891/2 69)
(891/2 72)
(446 56)
(446 60)
(446 66)
(446 68)
(446 77)
(893/2 66)
(893/2 72)
(447 49)
(447 66)
(447 72)
(1791/4 65)
(1791/4 73)
(448 56)
(448 61)
(448 65)
(448 73)
(449 55)
(449 65)
(449 71)
(449 73)
(1348/3 75)
(1349/3 73)
(450 48)
(450 72)
(450 80)
(901/2 73)
(451 60)
(451 67)
(451 70)
(451 72)
(903/2 73)
(903/2 76)
(452 60)
(452 67)
(452 70)
(452 72)
(452 80)
(905/2 70)
(905/2 76)
(453 53)
(453 70)
(453 76)
(1815/4 69)
(1815/4 77)
(454 60)
(454 65)
(454 69)
(454 77)
(455 53)
(455 60)
(455 69)
(455 77)
(455 89)
(456 41)
(456 80)
(456 92)
(1827/4 78)
(1827/4 90)
(457 60)
(457 63)
(457 69)
(457 72)
(457 78)
(457 90)
(458 53)
(458 60)
(458 63)
(458 69)
(459 46)
(459 70)
(460 53)
(460 61)
