(191 70)
(765/4 72)
(383/2 70)
(767/4 69)
(192 63)
(192 67)
(192 70)
(385/2 58)
(193 63)
(193 67)
(387/2 58)
(775/4 70)
(194 63)
(194 67)
(194 75)
(389/2 58)
(779/4 75)
(195 65)
(195 68)
(195 75)
(391/2 58)
(196 65)
(196 68)
(196 74)
(393/2 58)
(197 65)
(197 68)
(197 70)
(789/4 72)
(395/2 58)
(395/2 70)
(791/4 69)
(198 63)
(198 67)
(198 70)
(397/2 58)
(199 63)
(199 67)
(399/2 58)
(799/4 70)
(200 63)
(200 67)
(200 79)
(401/2 58)
(803/4 79)
(201 62)
(201 65)
(201 82)
(403/2 58)
(202 62)
(202 65)
(202 80)
(405/2 58)
(203 62)
(203 65)
(203 80)
(813/4 82)
(407/2 58)
(407/2 80)
(815/4 77)
(204 63)
(204 79)
(817/4 80)
(409/2 79)
(819/4 75)
(205 82)
(616/3 80)
(617/3 79)
(206 43)
(206 55)
(206 77)
(619/3 75)
(620/3 73)
(207 44)
(207 56)
(207 72)
(829/4 73)
(415/2 72)
(831/4 68)
(208 84)
(625/3 82)
(626/3 80)
(209 58)
(209 61)
(209 79)
(628/3 77)
(629/3 76)
(210 56)
(210 60)
(210 77)
(841/4 79)
(421/2 77)
(843/4 72)
(211 84)
(634/3 82)
(635/3 80)
(212 57)
(212 63)
(212 79)
(637/3 65)
(637/3 77)
(638/3 67)
(638/3 75)
(213 58)
(213 67)
(213 75)
(214 65)
(214 74)
(215 58)
(215 77)
(861/4 79)
(431/2 65)
(431/2 77)
(863/4 74)
(216 60)
(216 75)
(433/2 65)
(217 63)
(217 72)
(435/2 65)
(218 63)
(218 81)
(873/4 82)
(437/2 65)
(437/2 81)
(875/4 77)
(219 62)
(219 82)
(439/2 65)
(220 58)
(220 86)
(441/2 65)
(221 58)
(221 77)
(885/4 79)
(443/2 65)
(443/2 77)
(887/4 74)
(222 60)
(222 75)
(445/2 65)
(223 63)
(223 72)
(447/2 65)
(224 63)
(224 81)
(897/4 82)
(449/2 65)
(449/2 81)
(899/4 77)
(225 62)
(225 82)
(451/2 65)
(226 58)
(226 86)
(227 84)
(909/4 82)
(455/2 81)
(911/4 79)
(228 79)
(457/2 77)
(229 50)
(229 58)
(229 77)
(230 50)
(230 58)
(230 79)
(921/4 77)
(461/2 75)
(923/4 74)
(231 74)
(463/2 72)
(232 51)
(232 58)
(232 72)
(233 52)
(233 58)
(233 72)
(234 53)
(234 58)
(234 74)
(1873/8 60)
(1873/8 75)
(937/4 62)
(937/4 77)
(236 53)
(236 62)
(236 77)
(945/4 60)
(945/4 75)
(473/2 58)
(473/2 74)
(947/4 57)
(947/4 72)
(237 58)
(237 70)
(238 46)
