(239 70)
(957/4 72)
(479/2 70)
(959/4 69)
(240 63)
(240 67)
(240 70)
(481/2 58)
(241 63)
(241 67)
(483/2 58)
(967/4 70)
(242 63)
(242 67)
(242 75)
(485/2 58)
(971/4 75)
(243 65)
(243 68)
(243 75)
(487/2 58)
(244 65)
(244 68)
(244 74)
(489/2 58)
(245 65)
(245 68)
(245 70)
(981/4 72)
(491/2 58)
(491/2 70)
(983/4 69)
(246 63)
(246 67)
(246 70)
(493/2 58)
(247 63)
(247 67)
(495/2 58)
(991/4 70)
(248 63)
(248 67)
(248 79)
(497/2 58)
(995/4 79)
(249 62)
(249 65)
(249 82)
(499/2 58)
(250 62)
(250 65)
(250 80)
(501/2 58)
(251 62)
(251 65)
(251 80)
(1005/4 82)
(503/2 58)
(503/2 80)
(1007/4 77)
(252 63)
(252 79)
(1009/4 80)
(505/2 79)
(1011/4 75)
(253 82)
(760/3 80)
(761/3 79)
(254 43)
(254 55)
(254 77)
(763/3 75)
(764/3 73)
(255 44)
(255 56)
(255 72)
(1021/4 73)
(511/2 72)
(1023/4 68)
(256 84)
(769/3 82)
(770/3 80)
(257 58)
(257 61)
(257 79)
(772/3 77)
(773/3 76)
(258 56)
(258 60)
(258 77)
(1033/4 79)
(517/2 77)
(1035/4 72)
(259 84)
(778/3 82)
(779/3 80)
(260 57)
(260 63)
(260 79)
(781/3 65)
(781/3 77)
(782/3 67)
(782/3 75)
(261 58)
(261 67)
(261 75)
(262 65)
(262 74)
(263 58)
(263 77)
(1053/4 79)
(527/2 65)
(527/2 77)
(1055/4 74)
(264 60)
(264 75)
(529/2 65)
(265 63)
(265 72)
(531/2 65)
(266 63)
(266 81)
(1065/4 82)
(533/2 65)
(533/2 81)
(1067/4 77)
(267 62)
(267 82)
(535/2 65)
(268 58)
(268 86)
(537/2 65)
(269 58)
(269 77)
(1077/4 79)
(539/2 65)
(539/2 77)
(1079/4 74)
(270 60)
(270 75)
(541/2 65)
(271 63)
(271 72)
(543/2 65)
(272 63)
(272 81)
(1089/4 82)
(545/2 65)
(545/2 81)
(1091/4 77)
(273 62)
(273 82)
(547/2 65)
(274 58)
(274 86)
(275 84)
(1101/4 82)
(551/2 81)
(1103/4 79)
(276 79)
(553/2 77)
(277 50)
(277 58)
(277 77)
(278 50)
(278 58)
(278 79)
(1113/4 77)
(557/2 75)
(1115/4 74)
(279 74)
(559/2 72)
(280 51)
(280 58)
(280 72)
(281 52)
(281 58)
(281 72)
(282 53)
(282 58)
(282 74)
(2257/8 60)
(2257/8 75)
(1129/4 62)
(1129/4 77)
(284 53)
(284 62)
(284 77)
(1137/4 60)
(1137/4 75)
(569/2 58)
(569/2 74)
(1139/4 57)
(1139/4 72)
(285 58)
(285 70)
(286 46)
