(287 62)
(287 70)
(575/2 58)
(575/2 70)
(288 63)
(288 71)
(1153/4 72)
(577/2 58)
(289 63)
(579/2 58)
(290 65)
(290 74)
(581/2 58)
(581/2 74)
(291 67)
(291 74)
(1165/4 75)
(583/2 58)
(292 67)
(585/2 58)
(293 62)
(293 77)
(587/2 58)
(587/2 77)
(294 63)
(294 78)
(1177/4 79)
(589/2 58)
(295 63)
(591/2 58)
(296 60)
(296 81)
(593/2 58)
(593/2 81)
(297 62)
(297 81)
(1189/4 82)
(595/2 58)
(298 65)
(597/2 62)
(299 58)
(299 70)
(599/2 70)
(300 47)
(300 59)
(300 75)
(601/2 77)
(301 78)
(603/2 77)
(302 75)
(605/2 74)
(303 75)
(607/2 77)
(304 78)
(609/2 79)
(305 80)
(611/2 81)
(306 46)
(306 58)
(306 82)
(308 46)
(308 58)
(1233/4 47)
(1233/4 59)
(617/2 46)
(617/2 58)
(1235/4 45)
(1235/4 57)
(309 46)
(309 58)
(311 70)
(1245/4 72)
(623/2 70)
(1247/4 69)
(312 63)
(312 67)
(312 70)
(625/2 58)
(313 63)
(313 67)
(627/2 58)
(1255/4 70)
(314 63)
(314 67)
(314 75)
(629/2 58)
(1259/4 75)
(315 65)
(315 68)
(315 75)
(631/2 58)
(316 65)
(316 68)
(316 74)
(633/2 58)
(317 65)
(317 68)
(317 70)
(1269/4 72)
(635/2 58)
(635/2 70)
(1271/4 69)
(318 63)
(318 67)
(318 70)
(637/2 58)
(319 63)
(319 67)
(639/2 58)
(1279/4 70)
(320 63)
(320 67)
(320 79)
(641/2 58)
(1283/4 79)
(321 62)
(321 65)
(321 82)
(643/2 58)
(322 62)
(322 65)
(322 80)
(645/2 58)
(323 62)
(323 65)
(323 80)
(1293/4 82)
(647/2 58)
(647/2 80)
(1295/4 77)
(324 63)
(324 79)
(1297/4 80)
(649/2 79)
(1299/4 75)
(325 82)
(976/3 80)
(977/3 79)
(326 43)
(326 55)
(326 77)
(979/3 75)
(980/3 73)
(327 44)
(327 56)
(327 72)
(1309/4 73)
(655/2 72)
(1311/4 68)
(328 84)
(985/3 82)
(986/3 80)
(329 58)
(329 61)
(329 79)
(988/3 77)
(989/3 76)
(330 56)
(330 60)
(330 77)
(1321/4 79)
(661/2 77)
(1323/4 72)
(331 84)
(994/3 82)
(995/3 80)
(332 57)
(332 63)
(332 79)
(997/3 65)
(997/3 77)
(998/3 67)
(998/3 75)
(333 58)
(333 67)
(333 75)
(334 65)
(334 74)
(335 51)
(335 70)
(1341/4 72)
(671/2 58)
(671/2 70)
(1343/4 67)
(336 53)
(336 68)
(673/2 58)
(337 56)
(337 65)
(675/2 58)
(338 56)
(338 74)
(1353/4 75)
(677/2 58)
(677/2 74)
(1355/4 70)
(339 55)
(339 75)
(679/2 58)
(340 51)
(340 79)
(681/2 58)
(341 51)
(341 70)
(1365/4 72)
(683/2 58)
(683/2 70)
(1367/4 67)
(342 53)
(342 68)
(685/2 58)
(343 56)
(343 65)
(687/2 58)
(344 56)
(344 74)
(1377/4 75)
(689/2 58)
(689/2 74)
(1379/4 70)
(345 55)
(345 75)
(691/2 58)
(346 51)
(346 79)
(347 89)
(1389/4 87)
(695/2 86)
(1391/4 84)
(348 84)
(697/2 82)
(349 55)
(349 63)
(349 82)
(350 55)
(350 63)
(350 84)
(1401/4 82)
(701/2 80)
(1403/4 79)
(351 79)
(703/2 77)
(352 56)
(352 63)
(352 77)
(353 57)
(353 63)
(353 77)
(354 58)
(354 63)
(354 79)
(2833/8 65)
(2833/8 80)
(1417/4 67)
(1417/4 82)
(356 58)
(356 67)
(356 82)
(1425/4 65)
(1425/4 80)
(713/2 63)
(713/2 79)
(1427/4 62)
(1427/4 77)
(357 63)
(357 75)
(358 51)
