(359 62)
(359 70)
(719/2 58)
(719/2 70)
(360 63)
(360 71)
(1441/4 72)
(721/2 58)
(361 63)
(723/2 58)
(362 65)
(362 74)
(725/2 58)
(725/2 74)
(363 67)
(363 74)
(1453/4 75)
(727/2 58)
(364 67)
(729/2 58)
(365 62)
(365 77)
(731/2 58)
(731/2 77)
(366 63)
(366 78)
(1465/4 79)
(733/2 58)
(367 63)
(735/2 58)
(368 60)
(368 81)
(737/2 58)
(737/2 81)
(369 62)
(369 81)
(1477/4 82)
(739/2 58)
(370 65)
(741/2 62)
(371 58)
(371 70)
(743/2 70)
(372 47)
(372 59)
(372 75)
(745/2 77)
(373 78)
(747/2 77)
(374 75)
(749/2 74)
(375 75)
(751/2 77)
(376 78)
(753/2 79)
(377 80)
(755/2 81)
(378 46)
(378 58)
(378 82)
(380 46)
(380 58)
(1521/4 47)
(1521/4 59)
(761/2 46)
(761/2 58)
(1523/4 45)
(1523/4 57)
(381 46)
(381 58)
(383 70)
(1533/4 72)
(767/2 70)
(1535/4 69)
(384 63)
(384 67)
(384 70)
(769/2 58)
(385 63)
(385 67)
(771/2 58)
(1543/4 70)
(386 63)
(386 67)
(386 75)
(773/2 58)
(1547/4 75)
(387 65)
(387 68)
(387 75)
(775/2 58)
(388 65)
(388 68)
(388 74)
(777/2 58)
(389 65)
(389 68)
(389 70)
(1557/4 72)
(779/2 58)
(779/2 70)
(1559/4 69)
(390 63)
(390 67)
(390 70)
(781/2 58)
(391 63)
(391 67)
(783/2 58)
(1567/4 70)
(392 63)
(392 67)
(392 79)
(785/2 58)
(1571/4 79)
(393 62)
(393 65)
(393 82)
(787/2 58)
(394 62)
(394 65)
(394 80)
(789/2 58)
(395 62)
(395 65)
(395 80)
(1581/4 82)
(791/2 58)
(791/2 80)
(1583/4 77)
(396 63)
(396 79)
(1585/4 80)
(793/2 79)
(1587/4 75)
(397 82)
(1192/3 80)
(1193/3 79)
(398 43)
(398 55)
(398 77)
(1195/3 75)
(1196/3 73)
(399 44)
(399 56)
(399 72)
(1597/4 73)
(799/2 72)
(1599/4 68)
(400 84)
(1201/3 82)
(1202/3 80)
(401 58)
(401 61)
(401 79)
(1204/3 77)
(1205/3 76)
(402 56)
(402 60)
(402 77)
(1609/4 79)
(805/2 77)
(1611/4 72)
(403 84)
(1210/3 82)
(1211/3 80)
(404 57)
(404 63)
(404 79)
(1213/3 65)
(1213/3 77)
(1214/3 67)
(1214/3 75)
(405 58)
(405 67)
(405 75)
(406 65)
(406 74)
(407 51)
(407 70)
(1629/4 72)
(815/2 58)
(815/2 70)
(1631/4 67)
(408 53)
(408 68)
(817/2 58)
(409 56)
(409 65)
(819/2 58)
(410 56)
(410 74)
(1641/4 75)
(821/2 58)
(821/2 74)
(1643/4 70)
(411 55)
(411 75)
(823/2 58)
(412 51)
(412 79)
(825/2 58)
(413 51)
(413 70)
(1653/4 72)
(827/2 58)
(827/2 70)
(1655/4 67)
(414 53)
(414 68)
(829/2 58)
(415 56)
(415 65)
(831/2 58)
(416 56)
(416 74)
(1665/4 75)
(833/2 58)
(833/2 74)
(1667/4 70)
(417 55)
(417 75)
(835/2 58)
(418 51)
(418 79)
(419 89)
(1677/4 87)
(839/2 86)
(1679/4 84)
(420 84)
(841/2 82)
(421 55)
(421 63)
(421 82)
(422 55)
(422 63)
(422 84)
(1689/4 82)
(845/2 80)
(1691/4 79)
(423 79)
(847/2 77)
(424 56)
(424 63)
(424 77)
(425 57)
(425 63)
(425 77)
(426 58)
(426 63)
(426 79)
(3409/8 65)
(3409/8 80)
(1705/4 67)
(1705/4 82)
(428 58)
(428 67)
(428 82)
(1713/4 65)
(1713/4 80)
(857/2 63)
(857/2 79)
(1715/4 62)
(1715/4 77)
(429 63)
(429 75)
(430 51)
