(-1 70 66 1/4 0)
(-3/4 72 67 1/4 0)
(-1/2 70 66 1/4 0)
(-1/4 69 65 1/4 0)
(0 70 66 1 0)
(1 67 64 3/4 1)
(7/4 70 66 1/4 0)
(2 75 69 3/4 0)
(11/4 75 69 1/4 0)
(3 75 69 1 0)
(4 74 68 1 0)
(5 70 66 1/4 0)
(21/4 72 67 1/4 0)
(11/2 70 66 1/4 0)
(23/4 69 65 1/4 0)
(6 70 66 1 0)
(7 67 64 3/4 1)
(31/4 70 66 1/4 0)
(8 79 71 3/4 0)
(35/4 79 71 1/4 0)
(9 82 73 1 0)
(10 80 72 1 0)
(11 80 72 1/4 0)
(45/4 82 73 1/4 0)
(23/2 80 72 1/4 0)
(47/4 77 70 1/4 0)
(12 79 71 1/4 0)
(49/4 80 72 1/4 0)
(25/2 79 71 1/4 0)
(51/4 75 69 1/4 0)
(13 82 73 1/3 0)
(40/3 80 72 1/3 0)
(41/3 79 71 1/3 0)
(14 77 70 1/3 0)
(43/3 75 69 1/3 0)
(44/3 73 68 1/3 0)
(15 72 67 1/4 0)
(61/4 73 68 1/4 0)
(31/2 72 67 1/4 0)
(63/4 68 65 1/4 0)
(16 84 74 1/3 0)
(49/3 82 73 1/3 0)
(50/3 80 72 1/3 0)
(17 79 71 1/3 0)
(52/3 77 70 1/3 0)
(53/3 76 69 1/3 0)
(18 77 70 1/4 0)
(73/4 79 71 1/4 0)
(37/2 77 70 1/4 0)
(75/4 72 67 1/4 0)
(19 84 74 1/3 0)
(58/3 82 73 1/3 0)
(59/3 80 72 1/3 0)
(20 79 71 1/3 0)
(61/3 77 70 1/3 0)
(62/3 75 69 1/3 0)
(21 75 69 1 0)
(22 74 68 1 0)
(23 77 70 1/4 0)
(93/4 79 71 1/4 0)
(47/2 77 70 1/4 0)
(95/4 74 68 1/4 0)
(24 75 69 1 0)
(25 72 67 1 0)
(26 81 72 1/4 0)
(105/4 82 73 1/4 0)
(53/2 81 72 1/4 0)
(107/4 77 70 1/4 0)
(27 82 73 1 0)
(28 86 75 1 0)
(29 77 70 1/4 0)
(117/4 79 71 1/4 0)
(59/2 77 70 1/4 0)
(119/4 74 68 1/4 0)
(30 75 69 1 0)
(31 72 67 1 0)
(32 81 72 1/4 0)
(129/4 82 73 1/4 0)
(65/2 81 72 1/4 0)
(131/4 77 70 1/4 0)
(33 82 73 1 0)
(34 86 75 1 0)
(35 84 74 1/4 0)
(141/4 82 73 1/4 0)
(71/2 81 72 1/4 0)
(143/4 79 71 1/4 0)
(36 79 71 1/2 0)
(73/2 77 70 1/2 0)
(37 77 70 1 0)
(38 79 71 1/4 0)
(153/4 77 70 1/4 0)
(77/2 75 69 1/4 0)
(155/4 74 68 1/4 0)
(39 74 68 1/2 0)
(79/2 72 67 1/2 0)
(40 72 67 1 0)
(41 72 67 1 0)
(42 74 68 1/8 0)
(337/8 75 69 1/8 0)
(169/4 77 70 3/4 0)
(44 77 70 1/4 0)
(177/4 75 69 1/4 0)
(89/2 74 68 1/4 0)
(179/4 72 67 1/4 0)
(45 70 66 1 0)
(46 46 52 1 1)
