(-1 60 60 1 0)
(-1 68 65 1 0)
(0 61 61 1 0)
(0 70 66 1 0)
(1 58 59 1 0)
(1 67 64 1 0)
(2 53 56 1 1)
(3 60 60 1 0)
(3 68 65 1 0)
(4 56 58 1 0)
(4 65 63 1 0)
(5 53 56 1 1)
(5 56 58 1 1)
(5 60 60 1 0)
(5 65 63 1 0)
(6 55 57 1 1)
(6 58 59 1 1)
(6 60 60 1 0)
(6 64 62 1 0)
(7 53 56 1 1)
(7 56 58 1 1)
(7 60 60 1 0)
(7 65 63 1 0)
(8 52 55 1 1)
(8 55 57 1 1)
(8 60 60 1 0)
(8 67 64 1 0)
(9 53 56 2 1)
(9 56 58 2 1)
(9 60 60 2 0)
(9 70 66 1 0)
(10 68 65 1 0)
(11 63 62 1 0)
(11 72 67 1 0)
(12 65 63 1 0)
(12 73 68 1 0)
(13 61 61 1 0)
(13 70 66 1 0)
(14 44 51 1 1)
(14 56 58 1 1)
(15 63 62 1 0)
(15 72 67 1 0)
(16 60 60 1 0)
(16 68 65 1 0)
(17 56 58 1 1)
(17 60 60 1 1)
(17 63 62 1 0)
(17 68 65 1 0)
(18 58 59 1 1)
(18 61 61 1 1)
(18 63 62 1 0)
(18 67 64 1 0)
(19 56 58 1 1)
(19 60 60 1 1)
(19 63 62 1 0)
(19 68 65 1 0)
(20 55 57 1 1)
(20 58 59 1 1)
(20 63 62 1 0)
(20 70 66 1 0)
(21 56 58 2 1)
(21 60 60 2 1)
(21 63 62 2 0)
(21 73 68 1 0)
(22 72 67 1 0)
(23 60 60 1 1)
(23 63 62 1 1)
(23 68 65 1 0)
(23 75 69 1 0)
(24 58 59 1 1)
(24 61 61 1 1)
(24 67 64 1 0)
(24 75 69 1 0)
(25 56 58 1 1)
(25 60 60 1 1)
(25 68 65 1 0)
(25 75 69 1 0)
(26 55 57 1 1)
(26 58 59 1 1)
(26 70 66 1 0)
(26 75 69 1 0)
(27 56 58 2 1)
(27 73 68 1 0)
(27 75 69 2 0)
(28 72 67 1 0)
(29 49 54 1 1)
(29 58 59 1 1)
(29 77 70 1 0)
(30 51 55 2 1)
(30 60 60 2 1)
(30 68 65 2 0)
(32 51 55 1 1)
(32 61 61 1 1)
(32 67 64 1 0)
(32 70 66 1 0)
(33 56 58 1 1)
(33 60 60 1 1)
(33 68 65 1 0)
(35 79 71 1/2 0)
(71/2 77 70 1/2 0)
(36 51 55 2 1)
(36 60 60 2 1)
(36 68 65 2 0)
(38 51 55 1 1)
(38 61 61 1 1)
(38 67 64 1 0)
(38 70 66 1 0)
(39 56 58 1 1)
(39 60 60 1 1)
(39 68 65 1 0)
(41 72 67 1 0)
(41 75 69 1 0)
(42 73 68 1 0)
(42 76 70 1 0)
(43 55 57 1 1)
(43 58 59 1 1)
(43 70 66 1 0)
(43 73 68 1 0)
(44 58 59 1 1)
(44 61 61 1 1)
(45 72 67 1 0)
(45 75 69 1 0)
(46 56 58 1 1)
(46 60 60 1 1)
(46 68 65 1 0)
(46 72 67 1 0)
(47 60 60 1 1)
(47 63 62 1 1)
(48 75 69 1 0)
(48 78 71 1 0)
(49 57 58 1 1)
(49 60 60 1 1)
(49 72 67 1 0)
(49 75 69 1 0)
(50 60 60 1 1)
(50 63 62 1 1)
(51 73 68 1 0)
(51 77 70 1 0)
(52 58 59 1 1)
(52 61 61 1 1)
(52 70 66 1 0)
(52 73 68 1 0)
(53 61 61 1 1)
(53 65 63 1 1)
(54 53 56 2 1)
(54 61 61 2 1)
(54 65 63 2 0)
(54 70 66 2 0)
(56 53 56 1 1)
(56 63 62 1 1)
(56 69 65 1 0)
(56 72 67 1 0)
(57 58 59 1 1)
(57 61 61 1 1)
(57 70 66 1 0)
(59 78 71 1/2 0)
(119/2 77 70 1/2 0)
(60 53 56 2 1)
(60 61 61 2 1)
(60 70 66 2 0)
(62 53 56 1 1)
(62 63 62 1 1)
(62 69 65 1 0)
(62 72 67 1 0)
(63 58 59 1 1)
(63 61 61 1 1)
(63 70 66 1 0)
(65 53 56 1 1)
(65 63 62 1 1)
(65 69 65 1/2 0)
(65 73 68 1/2 0)
(131/2 72 67 1/2 0)
(66 58 59 1 1)
(66 61 61 1 1)
(66 70 66 1 0)
(68 53 56 1 1)
(68 63 62 1 1)
(68 69 65 1/2 0)
(68 73 68 1/2 0)
(137/2 72 67 1/2 0)
(69 58 59 1 1)
(69 61 61 1 1)
(69 70 66 1 0)
(71 61 61 1/2 1)
(71 73 68 1/2 0)
(143/2 60 60 1/2 1)
(143/2 72 67 1/2 0)
(72 58 59 1/2 1)
(72 70 66 1/2 0)
(145/2 60 60 1/2 1)
(145/2 72 67 1/2 0)
(73 61 61 1/2 1)
(73 73 68 1/2 0)
(147/2 60 60 1/2 1)
(147/2 72 67 1/2 0)
(74 58 59 1/2 1)
(74 70 66 1/2 0)
(149/2 60 60 1/2 1)
(149/2 72 67 1/2 0)
(75 58 59 1/2 1)
(75 70 66 1/2 0)
(151/2 56 58 1/2 1)
(151/2 68 65 1/2 0)
(76 55 57 1/2 1)
(76 67 64 1/2 0)
(153/2 56 58 1/2 1)
(153/2 68 65 1/2 0)
(77 55 57 1/2 1)
(77 67 64 1/2 0)
(155/2 53 56 1/2 1)
(155/2 65 63 1/2 0)
(78 52 55 1/2 1)
(78 64 62 1/2 0)
(157/2 53 56 1/2 1)
(157/2 65 63 1/2 0)
(79 55 57 1/2 1)
(79 67 64 1/2 0)
(159/2 53 56 1/2 1)
(159/2 65 63 1/2 0)
(80 56 58 1/2 1)
(80 68 65 1/2 0)
(161/2 47 52 1/2 1)
(161/2 59 59 1/2 0)
(81 48 53 1 1)
(81 60 60 1 0)
(82 60 60 1 1)
(83 60 60 1 1)
(83 68 65 1 1)
(84 61 61 1 1)
(84 70 66 1 1)
(85 58 59 1 1)
(85 67 64 1 1)
(86 58 59 1 1)
(86 67 64 1 1)
(86 76 69 1 0)
(87 60 60 1 1)
(87 68 65 1 1)
(87 77 70 1 0)
(88 56 58 1 1)
(88 65 63 1 1)
(88 80 72 1 0)
(89 53 56 1 1)
(89 56 58 1 1)
(89 84 74 1 0)
(90 52 55 1 1)
(90 55 57 1 1)
(90 85 75 1 0)
(91 55 57 1 1)
(91 58 59 1 1)
(91 82 73 1 0)
(92 55 57 1 1)
(92 58 59 1 1)
(92 82 73 1 0)
(93 53 56 1 1)
(93 56 58 1 1)
(93 84 74 1 0)
(94 56 58 1 1)
(94 60 60 1 1)
(94 80 72 1 0)
(95 56 58 1 1)
(95 60 60 1 1)
(95 65 63 1 1)
(95 80 72 1 0)
(96 55 57 1 1)
(96 58 59 1 1)
(96 64 62 1 1)
(96 82 73 1 0)
(97 58 59 1 1)
(97 61 61 1 1)
(97 64 62 1 1)
(97 79 71 1 0)
(98 58 59 1 1)
(98 61 61 1 1)
(98 64 62 1 1)
(98 79 71 1 0)
(99 59 59 2 1)
(99 62 61 2 1)
(99 65 63 1 1)
(99 80 72 1 0)
(100 68 65 1 1)
(100 77 70 1 0)
(101 59 59 1 1)
(101 62 61 1 1)
(101 68 65 1 1)
(101 77 70 1 0)
(102 60 60 2 1)
(102 68 65 2 1)
(102 77 70 2 0)
(104 60 60 1 1)
(104 70 66 1 1)
(104 76 69 1 0)
(104 79 71 1 0)
(105 65 63 1 1)
(105 68 65 1 1)
(105 77 70 1 0)
(107 75 69 1/2 0)
(215/2 73 68 1/2 0)
(108 48 53 2 1)
(108 56 58 2 1)
(108 65 63 2 0)
(110 48 53 1 1)
(110 58 59 1 1)
(110 64 62 1 0)
(110 67 64 1 0)
(111 53 56 1 1)
(111 56 58 1 1)
(111 65 63 1 0)
(114 36 46 3 1)
(114 48 53 3 1)
(114 52 55 3 0)
(114 55 57 3 0)
(114 60 60 3 0)
(117 41 49 1 1)
(117 53 56 1 0)
