(0.81 64 62)
(1.6 60 60)
(2.39 65 63)
(3.2 56 57)
(3.2 63 62)
(3.2 75 69)
(5.02 62 61)
(5.02 86 75)
(5.39 59 59)
(5.75 64 62)
(6.12 60 60)
(6.49 57 58)
(6.85 66 63)
(6.86 54 56)
(6.86 69 65)
(7.22 63 62)
(7.58 52 55)
(7.58 64 62)
(7.58 67 64)
(7.58 71 66)
(7.58 79 71)
(7.94 64 62)
(8.02 62 61)
(8.1 60 60)
(8.18 59 59)
(8.28 57 58)
(8.28 72 67)
(8.62 60 60)
(8.71 59 59)
(8.79 57 58)
(8.88 55 57)
(8.96 54 56)
(8.96 63 62)
(8.96 66 63)
(9.05 55 57)
(9.14 57 58)
(9.43 55 57)
(9.51 54 56)
(9.51 66 63)
(9.6 52 55)
(9.68 51 55)
(9.77 64 62)
(9.86 54 56)
(9.86 66 63)
(10.13 52 55)
(10.22 51 55)
(10.31 49 53)
(10.4 46 52)
(10.4 66 63)
(10.41 47 52)
(10.78 69 65)
(10.94 49 53)
(11.03 51 55)
(11.03 70 66)
(11.13 66 63)
(11.2 66 63)
(11.2 70 66)
(11.4 51 55)
(11.48 71 66)
(11.48 83 73)
(11.56 51 55)
(11.64 49 53)
(11.73 51 55)
(11.82 64 62)
(11.82 67 64)
(12.2 64 62)
(12.25 52 55)
(12.34 53 56)
(12.44 55 57)
(12.53 57 58)
(12.53 61 60)
(12.88 69 65)
(12.88 81 72)
(12.96 55 57)
(12.96 67 64)
(13.04 53 56)
(13.04 72 67)
(13.13 52 55)
(13.24 50 54)
(13.24 62 61)
(13.24 65 63)
(13.59 50 54)
(13.59 62 61)
(13.59 81 72)
(13.59 86 75)
(13.67 50 54)
(13.75 52 55)
(13.85 53 56)
(13.93 55 57)
(13.93 59 59)
(14.29 67 64)
(14.37 53 56)
(14.53 50 54)
(14.53 62 61)
(14.63 48 53)
(14.63 60 60)
(14.63 64 62)
(14.63 67 64)
(14.98 60 60)
(15.13 50 54)
(15.13 62 61)
(15.33 52 55)
(15.33 59 59)
(15.33 64 62)
(15.33 76 69)
(15.5 53 56)
(15.57 52 55)
(15.68 50 54)
(15.68 62 61)
(15.68 68 64)
(15.68 80 71)
(15.83 71 66)
(15.84 52 55)
(15.84 64 62)
(16.04 57 58)
(16.04 72 67)
(16.4 69 65)
(16.4 81 72)
(16.48 67 64)
(16.56 65 63)
(16.64 64 62)
(16.76 62 61)
(16.76 77 70)
(17.12 46 52)
(17.12 65 63)
(17.2 64 62)
(17.28 62 61)
(17.28 81 72)
(17.37 60 60)
(17.45 59 59)
(17.45 68 64)
(17.45 80 71)
(17.52 60 60)
(17.61 62 61)
(17.79 53 56)
(17.79 65 63)
(17.79 72 67)
(17.89 62 61)
(18.06 46 52)
(18.06 57 58)
(18.13 47 52)
(18.13 56 57)
(18.29 59 59)
(18.46 50 54)
(18.46 62 61)
(18.55 57 58)
(18.71 54 56)
(18.71 66 63)
(18.81 44 50)
(18.81 64 62)
(19.16 46 52)
(19.16 47 52)
(19.16 66 63)
(19.16 74 68)
(19.35 54 56)
(19.35 66 63)
(19.45 56 57)
(19.54 64 62)
(19.54 71 66)
(19.72 57 58)
(19.81 55 57)
(19.89 57 58)
(19.89 76 69)
(20.02 66 63)
(20.03 54 56)
(20.22 72 67)
(20.23 45 51)
(20.23 57 58)
(20.59 69 65)
(20.59 81 72)
(20.68 57 58)
(20.75 59 59)
(20.85 60 60)
(20.93 62 61)
(20.93 66 63)
(21.27 54 56)
(21.27 66 63)
(21.27 74 68)
(21.36 60 60)
(21.44 59 59)
(21.53 57 58)
(21.64 55 57)
(21.64 67 64)
(21.64 71 66)
(21.64 83 73)
(21.99 67 64)
(22.06 55 57)
(22.14 57 58)
(22.23 59 59)
(22.33 60 60)
(22.33 64 62)
(22.43 60 60)
(22.68 72 67)
(22.76 58 59)
(22.76 70 66)
(22.85 57 58)
(22.93 55 57)
(22.93 67 64)
(23.05 53 56)
(23.05 69 65)
(23.05 81 72)
(23.12 53 56)
(23.23 65 63)
(23.42 55 57)
(23.42 67 64)
(23.42 71 66)
(23.59 65 63)
(23.76 57 58)
(23.76 72 67)
(23.83 64 62)
(23.93 65 63)
(24.01 67 64)
(24.09 69 65)
(24.1 55 57)
(24.1 81 72)
(24.19 67 64)
(24.19 79 71)
(24.27 65 63)
(24.34 48 53)
(24.34 64 62)
(24.43 62 61)
(24.51 72 67)
(24.61 74 68)
(24.69 76 69)
(24.77 50 54)
(24.77 77 70)
(24.86 76 69)
(24.95 74 68)
(25.01 72 67)
(25.1 55 57)
(25.1 71 66)
(25.19 62 61)
(25.29 64 62)
(25.36 65 63)
(25.45 53 56)
(25.45 67 64)
(25.55 65 63)
(25.62 64 62)
(25.71 62 61)
(25.8 60 60)
(25.87 60 60)
(26.15 55 57)
(26.15 84 74)
(26.23 48 53)
(26.23 83 73)
(26.31 48 53)
(26.31 81 72)
(26.39 79 71)
(26.49 57 58)
(26.49 60 60)
(26.49 77 70)
(26.85 65 63)
(26.85 81 72)
(26.93 79 71)
(27.01 77 70)
(27.1 76 69)
(27.17 62 61)
(27.17 74 68)
(27.18 48 53)
(27.26 76 69)
(27.33 77 70)
(27.5 69 65)
(27.5 81 72)
(27.59 76 69)
(27.69 74 68)
(27.77 72 67)
(27.87 62 61)
(27.87 71 66)
(27.95 72 67)
(28.03 74 68)
(28.22 65 63)
(28.3 72 67)
(28.38 71 66)
(28.45 69 65)
(28.45 81 72)
(28.56 59 59)
(28.56 67 64)
(28.9 53 56)
(28.9 62 61)
(28.9 67 64)
(29.08 69 65)
(29.15 71 66)
(29.25 50 54)
(29.25 65 63)
(29.25 71 66)
(29.25 77 70)
(29.45 72 67)
(29.54 71 66)
(29.61 55 57)
(29.61 62 61)
(29.61 67 64)
(29.78 69 65)
(29.86 71 66)
(29.95 64 62)
(29.95 67 64)
(29.95 72 67)
(30.31 60 60)
(30.38 60 60)
(30.58 54 56)
(30.58 66 63)
(30.68 55 57)
(30.68 57 58)
(30.84 55 57)
(30.93 66 63)
(31.02 55 57)
(31.02 62 61)
(31.02 67 64)
(31.09 54 56)
(31.09 66 63)
(31.18 66 63)
(31.25 66 63)
(31.36 55 57)
(31.36 59 59)
(31.71 67 64)
(31.98 61 60)
(32.07 57 58)
(32.07 62 61)
(32.07 64 62)
(32.26 62 61)
(32.42 62 61)
(32.42 69 65)
(32.42 81 72)
(32.53 59 59)
(32.63 61 60)
(32.75 62 61)
(32.75 66 63)
(32.75 78 70)
(33.1 50 54)
(33.1 69 65)
(33.26 66 63)
(33.33 68 64)
(33.34 80 71)
(33.42 46 52)
(33.42 66 63)
(33.58 69 65)
(33.67 68 64)
(33.75 69 65)
(33.83 68 64)
(33.92 66 63)
(34.01 68 64)
(34.09 48 53)
(34.09 69 65)
(34.09 81 72)
(34.25 71 66)
(34.34 72 67)
(34.42 45 51)
(34.43 74 68)
(34.5 76 69)
(34.58 78 70)
(34.67 80 71)
(34.77 42 49)
(34.77 54 56)
(34.77 81 72)
(34.95 72 67)
(34.95 81 72)
(34.95 84 74)
(35.12 71 66)
(35.13 48 53)
(35.13 51 55)
(35.3 78 70)
(35.47 40 48)
(35.47 79 71)
(35.65 71 66)
(35.65 83 73)
(35.82 76 69)
(35.9 74 68)
(35.98 72 67)
(36.05 71 66)
(36.17 69 65)
(36.17 81 72)
(36.17 84 74)
(36.51 48 53)
(36.51 72 67)
(36.59 71 66)
(36.68 69 65)
(36.76 67 64)
(36.83 63 62)
(36.83 66 63)
(36.83 75 69)
(36.91 67 64)
(37.0 48 53)
(37.0 69 65)
(37.19 60 60)
(37.27 67 64)
(37.37 66 63)
(37.38 48 53)
(37.47 64 62)
(37.56 54 56)
(37.56 63 62)
(37.56 66 63)
(37.65 64 62)
(37.74 66 63)
(37.92 57 58)
(38.01 64 62)
(38.1 63 62)
(38.19 61 60)
(38.29 51 55)
(38.29 59 59)
(38.65 54 56)
(38.65 66 63)
(38.65 81 72)
(38.87 61 60)
(38.94 63 62)
(39.01 64 62)
(39.06 78 70)
(39.12 63 62)
(39.22 64 62)
(39.3 63 62)
(39.4 64 62)
(39.4 83 73)
(39.47 63 62)
(39.57 61 60)
(39.62 61 60)
(39.62 63 62)
(39.75 52 55)
(39.75 64 62)
(39.75 79 71)
(39.96 64 62)
(40.12 76 69)
(40.2 71 66)
(40.21 64 62)
(40.29 53 56)
(40.29 65 63)
(40.38 55 57)
(40.47 57 58)
(40.47 73 67)
(40.83 81 72)
(40.94 55 57)
(41.02 53 56)
(41.02 65 63)
(41.11 52 55)
(41.11 64 62)
(41.11 71 66)
(41.2 50 54)
(41.2 62 61)
(41.2 77 70)
(41.58 62 61)
(41.68 74 68)
(41.76 76 69)
(41.85 77 70)
(41.94 58 59)
(41.94 59 59)
(41.94 79 71)
(41.94 83 73)
(42.32 67 64)
(42.32 79 71)
(42.32 86 75)
(42.39 77 70)
(42.48 76 69)
(42.57 74 68)
(42.68 60 60)
(42.68 64 62)
(42.68 72 67)
(43.03 57 58)
(43.12 76 69)
(43.21 77 70)
(43.3 79 71)
(43.39 53 56)
(43.39 65 63)
(43.39 81 72)
(43.47 53 56)
(43.47 82 73)
(43.56 81 72)
(43.67 79 71)
(43.74 62 61)
(43.82 76 69)
(43.92 74 68)
(44.01 72 67)
(44.1 56 57)
(44.1 71 66)
(44.19 72 67)
(44.28 71 66)
(44.36 69 65)
(44.45 52 55)
(44.45 64 62)
(44.45 68 64)
(44.53 66 63)
(44.63 64 62)
(44.72 62 61)
(44.81 57 58)
(44.81 60 60)
(44.91 64 62)
(44.99 65 63)
(45.07 67 64)
(45.17 69 65)
(45.17 72 67)
(45.27 67 64)
(45.35 65 63)
(45.44 64 62)
(45.53 62 61)
(45.53 71 66)
(45.63 57 58)
(45.72 59 59)
(45.81 60 60)
(45.89 62 61)
(45.89 65 63)
(45.89 77 70)
(45.99 60 60)
(46.08 58 59)
(46.08 59 59)
(46.15 57 58)
(46.26 56 57)
(46.26 59 59)
(46.35 57 58)
(46.45 56 57)
(46.54 54 56)
(46.54 66 63)
(46.64 62 61)
(46.69 50 54)
(46.78 48 53)
(46.87 47 52)
(46.99 45 51)
(46.99 60 60)
(47.19 45 51)
(47.19 64 62)
(47.37 69 65)
(47.38 57 58)
(47.47 55 57)
(47.47 67 64)
(47.54 53 56)
(47.54 65 63)
(47.64 52 55)
(47.64 64 62)
(47.74 50 54)
(47.74 65 63)
(47.94 57 58)
(48.13 57 58)
(48.13 62 61)
(48.21 52 55)
(48.29 50 54)
(48.38 48 53)
(48.38 60 60)
(48.38 67 64)
(48.46 47 52)
(48.51 56 57)
(48.58 48 53)
(48.85 77 70)
(48.96 48 53)
(48.96 60 60)
(49.05 46 52)
(49.05 47 52)
(49.14 45 51)
(49.14 57 58)
(49.23 71 66)
(49.23 83 73)
(49.24 59 59)
(49.33 45 51)
(49.33 57 58)
(49.33 64 62)
(49.42 47 52)
(49.42 59 59)
(49.63 74 68)
(49.69 45 51)
(49.69 57 58)
(49.78 44 50)
(49.9 42 49)
(50.01 40 48)
(50.01 68 64)
(50.41 62 61)
(50.57 42 49)
(50.57 54 56)
(50.67 44 50)
(50.77 83 73)
(50.78 59 59)
(50.78 71 66)
(50.97 45 51)
(51.05 44 50)
(51.16 45 51)
(51.16 57 58)
(51.16 64 62)
(51.22 64 62)
(51.33 42 49)
(51.33 54 56)
(51.54 57 58)
(51.55 45 51)
(51.55 60 60)
(51.95 76 69)
(52.02 74 68)
(52.05 47 52)
(52.11 72 67)
(52.19 71 66)
(52.25 49 53)
(52.28 69 65)
(52.47 73 67)
(52.56 64 62)
(52.56 76 69)
(52.65 79 71)
(52.73 49 53)
(52.81 47 52)
(53.0 50 54)
(53.0 62 61)
(53.0 77 70)
(53.17 77 70)
(53.39 69 65)
(53.48 67 64)
(53.55 65 63)
(53.64 64 62)
(53.74 54 56)
(53.74 62 61)
(53.74 66 63)
(53.93 55 57)
(54.02 66 63)
(54.02 69 65)
(54.13 55 57)
(54.13 72 67)
(54.19 54 56)
(54.19 66 63)
(54.29 64 62)
(54.38 64 62)
(54.38 66 63)
(54.47 55 57)
(54.47 71 66)
(54.68 55 57)
(54.68 74 68)
(54.75 72 67)
(54.86 71 66)
(54.86 83 73)
(55.02 57 58)
(55.02 72 67)
(55.11 59 59)
(55.11 74 68)
(55.2 60 60)
(55.2 67 64)
(55.3 58 59)
(55.3 59 59)
(55.39 60 60)
(55.47 59 59)
(55.56 60 60)
(55.56 77 70)
(55.65 58 59)
(55.65 59 59)
(55.74 57 58)
(55.82 59 59)
(55.92 76 69)
(55.93 60 60)
(56.13 67 64)
(56.22 65 63)
(56.29 60 60)
(56.29 64 62)
(56.48 62 61)
(56.48 65 63)
(56.56 64 62)
(56.56 67 64)
(56.56 76 69)
(56.65 60 60)
(56.65 65 63)
(56.65 77 70)
(56.73 64 62)
(56.82 65 63)
(56.89 60 60)
(56.89 64 62)
(57.01 65 63)
(57.01 70 66)
(57.08 64 62)
(57.18 62 61)
(57.27 64 62)
(57.27 76 69)
(57.27 88 76)
(57.39 65 63)
(57.39 69 65)
(57.49 69 65)
(57.6 71 66)
(57.6 83 73)
(57.67 73 67)
(57.77 74 68)
(57.92 74 68)
(57.93 67 64)
(57.93 79 71)
(58.03 67 64)
(58.03 69 65)
(58.14 69 65)
(58.14 81 72)
(58.23 69 65)
(58.31 70 66)
(58.41 69 65)
(58.49 73 67)
(58.57 69 65)
(58.67 67 64)
(58.67 79 71)
(58.76 69 65)
(58.86 77 70)
(58.87 70 66)
(58.87 74 68)
(59.07 58 59)
(59.16 60 60)
(59.25 62 61)
(59.34 60 60)
(59.42 58 59)
(59.42 70 66)
(59.5 57 58)
(59.61 55 57)
(59.61 82 73)
(59.73 53 56)
(59.73 65 63)
(59.8 55 57)
(59.87 57 58)
(59.98 58 59)
(59.98 70 66)
(60.05 57 58)
(60.05 69 65)
(60.17 55 57)
(60.25 53 56)
(60.36 73 67)
(60.44 65 63)
(60.55 55 57)
(60.75 70 66)
(60.83 53 56)
(60.83 65 63)
(60.92 52 55)
(60.92 64 62)
(61.02 50 54)
(61.02 62 61)
(61.11 49 53)
(61.11 64 62)
(61.21 50 54)
(61.29 52 55)
(61.29 64 62)
(61.51 67 64)
(61.55 50 54)
(61.55 62 61)
(61.64 49 53)
(61.77 47 52)
(61.87 45 51)
(61.87 57 58)
(61.87 61 60)
(62.25 76 69)
(62.25 79 71)
(62.45 47 52)
(62.45 66 63)
(62.53 49 53)
(62.64 50 54)
(62.64 76 69)
(62.72 76 69)
(62.73 49 53)
(62.91 49 53)
(63.0 50 54)
(63.0 69 65)
(63.0 81 72)
(63.15 47 52)
(63.15 66 63)
(63.25 49 53)
(63.36 62 61)
(63.36 77 70)
(63.45 52 55)
(63.55 65 63)
(63.56 53 56)
(63.76 69 65)
(63.76 74 68)
(63.83 52 55)
(63.83 64 62)
(63.94 50 54)
(63.94 52 55)
(63.94 62 61)
(64.03 48 53)
(64.03 60 60)
(64.03 67 64)
(64.13 46 52)
(64.13 62 61)
(64.23 48 53)
(64.34 50 54)
(64.54 65 63)
(64.6 48 53)
(64.6 60 60)
(64.6 67 64)
(64.71 65 63)
(64.78 45 51)
(64.78 57 58)
(64.9 43 50)
(64.9 55 57)
(64.9 59 59)
(64.9 62 61)
(65.28 77 70)
(65.47 45 51)
(65.47 57 58)
(65.47 64 62)
(65.57 47 52)
(65.57 66 63)
(65.67 48 53)
(65.67 67 64)
(65.67 74 68)
(65.76 46 52)
(65.85 60 60)
(65.94 46 52)
(65.94 47 52)
(66.06 48 53)
(66.14 47 52)
(66.14 55 57)
(66.22 45 51)
(66.22 57 58)
(66.22 64 62)
(66.33 47 52)
(66.45 48 53)
(66.45 60 60)
(66.45 76 69)
(66.81 72 67)
(66.89 60 60)
(66.98 62 61)
(67.07 64 62)
(67.19 65 63)
(67.19 69 65)
(67.19 77 70)
(67.58 77 70)
(67.65 64 62)
(67.75 62 61)
(67.85 60 60)
(67.94 74 68)
(67.97 58 59)
(67.97 59 59)
(68.3 62 61)
(68.3 71 66)
(68.3 83 73)
(68.39 46 52)
(68.39 47 52)
(68.39 66 63)
(68.48 48 53)
(68.56 50 54)
(68.67 52 55)
(68.67 59 59)
(68.67 64 62)
(68.67 68 64)
(69.07 76 69)
(69.14 50 54)
(69.14 62 61)
(69.24 48 53)
(69.25 60 60)
(69.34 47 52)
(69.45 45 51)
(69.45 57 58)
(69.45 72 67)
(69.69 47 52)
(69.69 66 63)
(69.78 48 53)
(69.86 62 61)
(69.95 52 55)
(69.95 64 62)
(70.04 54 56)
(70.14 56 57)
(70.24 57 58)
(70.33 71 66)
(70.33 83 73)
(70.42 57 58)
(70.52 67 64)
(70.61 65 63)
(70.7 64 62)
(70.8 62 61)
(70.87 60 60)
(70.99 62 61)
(71.1 71 66)
(71.19 72 67)
(71.36 56 57)
(71.39 76 69)
(71.49 78 70)
(71.55 66 63)
(71.56 54 56)
(71.56 57 58)
(71.67 81 72)
(71.76 52 55)
(71.76 56 57)
(71.76 64 62)
(71.76 71 66)
(71.86 81 72)
(71.95 80 71)
(72.04 78 70)
(72.14 50 54)
(72.14 62 61)
(72.14 69 65)
(72.14 76 69)
(72.33 72 67)
(72.42 71 66)
(72.54 48 53)
(72.54 57 58)
(72.54 60 60)
(72.74 72 67)
(72.83 71 66)
(73.0 68 64)
(73.1 66 63)
(73.18 64 62)
(73.3 53 56)
(73.31 65 63)
(73.4 67 64)
(73.51 65 63)
(73.6 64 62)
(73.68 62 61)
(73.78 60 60)
(73.87 58 59)
(73.87 59 59)
(73.97 57 58)
(74.09 63 62)
(74.1 57 58)
(74.1 65 63)
(74.23 64 62)
(74.33 62 61)
(74.39 60 60)
(74.5 59 59)
(74.59 57 58)
(74.69 56 57)
(74.8 54 56)
(74.8 66 63)
(74.91 62 61)
(75.09 60 60)
(75.2 59 59)
(75.28 57 58)
(75.38 56 57)
(75.47 54 56)
(75.47 66 63)
(75.57 52 55)
(75.58 64 62)
(75.66 50 54)
(75.67 62 61)
(75.78 52 55)
(75.78 64 62)
(76.2 50 54)
(76.2 62 61)
(76.2 69 65)
(76.3 64 62)
(76.39 66 63)
(76.49 68 64)
(76.6 47 52)
(76.81 69 65)
(76.99 52 55)
(76.99 59 59)
(76.99 64 62)
(77.06 68 64)
(77.16 52 55)
(77.16 66 63)
(77.26 68 64)
(77.26 80 71)
(77.37 48 53)
(77.37 60 60)
(77.37 69 65)
(77.79 45 51)
(77.79 57 58)
(77.79 64 62)
(77.88 59 59)
(77.99 60 60)
(78.1 62 61)
(78.21 40 48)
(78.32 62 61)
(78.54 62 61)
(78.64 43 50)
(78.75 62 61)
(78.86 59 59)
(78.98 61 60)
(79.15 41 49)
(79.15 53 56)
(79.15 62 61)
(79.26 40 48)
(79.26 62 61)
(79.42 38 47)
(79.42 50 54)
(79.42 57 58)
(79.81 65 63)
(79.81 71 66)
(80.16 40 48)
(80.41 56 57)
(80.41 64 62)
(80.49 40 48)
(80.49 52 55)
(80.64 64 62)
(80.77 40 48)
(80.85 52 55)
(81.07 59 59)
(81.52 38 47)
(81.52 50 54)
(81.65 40 48)
(82.22 45 51)
(82.22 57 58)
(82.64 60 60)
(83.1 64 62)
(83.74 69 65)
