(-1 80 72 1 0)
(0 79 71 1 0)
(1 78 71 1 0)
(2 77 70 1 0)
(3 76 69 1 0)
(4 75 69 1 0)
(5 74 68 1 0)
(6 51 55 1 1)
(7 72 67 1 0)
(8 73 68 1 0)
(9 70 66 1/2 0)
(19/2 69 65 1/2 0)
(10 67 64 1/2 0)
(21/2 65 63 1/2 0)
(11 70 66 1 0)
(12 75 69 1 0)
(13 74 68 3/4 0)
(55/4 72 67 1/4 0)
(14 74 68 3/4 0)
(59/4 75 69 1/4 0)
(15 74 68 1 0)
(16 72 67 1 0)
(17 62 61 3/4 1)
(71/4 63 62 1/4 1)
(18 60 60 1/2 1)
(37/2 58 59 1/2 1)
(19 77 70 1 0)
(20 77 70 1 0)
(21 77 70 1 0)
(23 63 62 3/4 1)
(95/4 65 63 1/4 1)
(24 62 61 1/2 1)
(49/2 60 60 1/2 1)
(25 87 76 1 0)
(26 87 76 1 0)
(27 86 75 1 0)
(29 74 68 3/4 0)
(119/4 75 69 1/4 0)
(30 77 70 1/2 0)
(61/2 79 71 1/2 0)
(31 75 69 1/2 0)
(63/2 72 67 1/2 0)
(32 74 68 1/2 0)
(65/2 75 69 1/2 0)
(33 77 70 1/2 0)
(67/2 79 71 1/2 0)
(34 75 69 1/2 0)
(69/2 72 67 1/2 0)
(35 74 68 1/2 0)
(71/2 75 69 1/2 0)
(36 77 70 1/2 0)
(73/2 87 76 1/2 0)
(37 86 75 1/2 0)
(75/2 84 74 1/2 0)
(38 82 73 1/2 0)
(77/2 81 72 1/2 0)
(39 79 71 1/2 0)
(79/2 77 70 1/2 0)
(40 76 69 1/2 0)
(81/2 75 69 1/2 0)
(41 74 68 1/2 0)
(83/2 72 67 1/2 0)
(42 77 70 3/4 0)
(171/4 79 71 1/4 0)
(43 70 66 1 0)
(44 69 65 1 0)
(45 70 66 1 0)
(46 46 52 1 1)
(47 79 71 3/4 0)
(191/4 77 70 1/4 0)
(48 77 70 1 0)
(49 70 66 1 1)
(50 81 72 3/4 0)
(203/4 82 73 1/4 0)
(51 82 73 1 0)
(52 58 59 1 1)
(53 74 68 3/4 0)
(215/4 70 66 1/4 0)
(54 75 69 2 0)
(56 72 67 3/4 0)
(227/4 69 65 1/4 0)
(57 70 66 1 0)
(58 46 52 1 1)
