(161 72)
(161 75)
(162 73)
(162 76)
(163 55)
(163 58)
(163 70)
(163 73)
(164 58)
(164 61)
(165 72)
(165 75)
(166 56)
(166 60)
(166 68)
(166 72)
(167 60)
(167 63)
(168 75)
(168 78)
(169 57)
(169 60)
(169 72)
(169 75)
(170 60)
(170 63)
(171 73)
(171 77)
(172 58)
(172 61)
(172 70)
(172 73)
(173 61)
(173 65)
(174 53)
(174 61)
(174 65)
(174 70)
(176 53)
(176 63)
(176 69)
(176 72)
(177 58)
(177 61)
(177 70)
(179 78)
(359/2 77)
(180 53)
(180 61)
(180 70)
(182 53)
(182 63)
(182 69)
(182 72)
(183 58)
(183 61)
(183 70)
(185 53)
(185 63)
(185 69)
(185 73)
(371/2 72)
(186 58)
(186 61)
(186 70)
(188 53)
(188 63)
(188 69)
(188 73)
(377/2 72)
(189 58)
(189 61)
(189 70)
(191 61)
(191 73)
(383/2 60)
(383/2 72)
(192 58)
(192 70)
(385/2 60)
(385/2 72)
(193 61)
(193 73)
(387/2 60)
(387/2 72)
(194 58)
(194 70)
(389/2 60)
(389/2 72)
(195 58)
(195 70)
(391/2 56)
(391/2 68)
(196 55)
(196 67)
(393/2 56)
(393/2 68)
(197 55)
(197 67)
(395/2 53)
(395/2 65)
(198 52)
(198 64)
(397/2 53)
(397/2 65)
(199 55)
(199 67)
(399/2 53)
(399/2 65)
(200 56)
(200 68)
(401/2 47)
(401/2 59)
(201 48)
(201 60)
(202 60)
(203 60)
(203 68)
(204 61)
(204 70)
(205 58)
(205 67)
(206 58)
(206 67)
(206 76)
(207 60)
(207 68)
(207 77)
(208 56)
(208 65)
(208 80)
(209 53)
(209 56)
(209 84)
(210 52)
(210 55)
(210 85)
(211 55)
(211 58)
(211 82)
(212 55)
(212 58)
(212 82)
(213 53)
(213 56)
(213 84)
(214 56)
(214 60)
(214 80)
(215 56)
(215 60)
(215 65)
(215 80)
(216 55)
(216 58)
(216 64)
(216 82)
(217 58)
(217 61)
(217 64)
(217 79)
(218 58)
(218 61)
(218 64)
(218 79)
(219 59)
(219 62)
(219 65)
(219 80)
(220 68)
(220 77)
(221 59)
(221 62)
(221 68)
(221 77)
(222 60)
(222 68)
(222 77)
(224 60)
(224 70)
(224 76)
(224 79)
(225 65)
(225 68)
(225 77)
(227 75)
(455/2 73)
(228 48)
(228 56)
(228 65)
(230 48)
(230 58)
(230 64)
(230 67)
(231 53)
(231 56)
(231 65)
(234 36)
(234 48)
(234 52)
(234 55)
(234 60)
(237 41)
(237 53)
