(1 53 56 1 1)
(3/2 69 65 1 0)
(2 53 56 1 1)
(2 73 68 4 0)
(5/2 69 65 1/2 0)
(3 46 52 1 1)
(3 69 65 3/4 0)
(15/4 70 66 1/4 0)
(4 53 56 1 1)
(4 61 61 1 1)
(4 70 66 1 0)
(5 51 55 1 1)
(5 61 61 1 1)
(5 70 66 5/2 0)
(6 44 51 1 1)
(6 77 70 2 0)
(7 56 58 1 1)
(7 66 64 1 1)
(15/2 72 67 1 0)
(8 56 58 1 1)
(8 66 64 1 1)
(8 77 70 4 0)
(17/2 72 67 1/2 0)
(9 49 54 1 1)
(9 72 67 3/4 0)
(39/4 73 68 1/4 0)
(10 56 58 1 1)
(10 65 63 1 1)
(10 73 68 1 0)
(11 55 57 1 1)
(11 65 63 1 1)
(11 73 68 5/2 0)
(12 48 53 1 1)
(12 80 72 2 0)
(13 60 60 1 1)
(13 70 66 1 1)
(27/2 76 69 1 0)
(14 60 60 1 1)
(14 70 66 1 1)
(14 80 72 3 0)
(29/2 76 69 1/2 0)
(15 53 56 3 1)
(15 76 69 3/4 0)
(63/4 77 70 1/4 0)
(16 60 60 1 1)
(16 77 70 1 0)
(17 60 60 1 1)
(17 77 70 7/4 0)
(17 89 77 7/4 0)
(18 41 49 1 1)
(75/4 78 71 1/4 0)
(75/4 90 78 1/4 0)
(19 60 60 1 1)
(19 63 62 1 1)
(19 69 65 1 1)
(19 78 71 1 0)
(19 90 78 1 0)
(20 63 62 1 1)
(20 69 65 1 0)
(21 46 52 1 1)
(22 53 56 1 1)
(22 61 61 1 1)
