(299 60)
(300 64)
(601/2 62)
(301 64)
(603/2 60)
(302 62)
(605/2 64)
(303 65)
(607/2 64)
(304 65)
(609/2 62)
(305 64)
(611/2 65)
(306 67)
(613/2 66)
(307 67)
(615/2 64)
(308 65)
(617/2 67)
(309 69)
(619/2 65)
(310 69)
(621/2 72)
(311 77)
(623/2 81)
(312 84)
(315 83)
(318 82)
(319 67)
(639/2 67)
(320 69)
(641/2 70)
(321 72)
(643/2 70)
(322 72)
(645/2 69)
(323 70)
(647/2 72)
(324 74)
(649/2 72)
(325 74)
(651/2 76)
(326 77)
(653/2 79)
(327 81)
(655/2 79)
(328 81)
(657/2 77)
(329 79)
(659/2 81)
(330 82)
(661/2 81)
(331 79)
(663/2 81)
(332 79)
(665/2 77)
(333 76)
(667/2 77)
(334 76)
(669/2 74)
(335 72)
(671/2 74)
(336 72)
(339 71)
(342 70)
(345 69)
(691/2 67)
(346 69)
(693/2 65)
(347 67)
(695/2 69)
(348 70)
(697/2 69)
(349 70)
(699/2 67)
(350 69)
(701/2 71)
(351 72)
(703/2 71)
(352 72)
(705/2 74)
(353 72)
(707/2 70)
(354 69)
(709/2 67)
(355 69)
(711/2 70)
(356 69)
(713/2 65)
(357 69)
(358 72)
(359 77)
(360 74)
(361 67)
(362 65)
(363 64)
(364 67)
(365 72)
(366 65)
(367 53)
