(368 60)
(369 64)
(739/2 62)
(370 64)
(741/2 60)
(371 62)
(743/2 64)
(372 65)
(745/2 64)
(373 65)
(747/2 62)
(374 64)
(749/2 65)
(375 67)
(751/2 66)
(376 67)
(753/2 64)
(377 65)
(755/2 67)
(378 69)
(757/2 65)
(379 69)
(759/2 72)
(380 77)
(761/2 81)
(381 84)
(384 83)
(387 82)
(388 67)
(777/2 67)
(389 69)
(779/2 70)
(390 72)
(781/2 70)
(391 72)
(783/2 69)
(392 70)
(785/2 72)
(393 74)
(787/2 72)
(394 74)
(789/2 76)
(395 77)
(791/2 79)
(396 81)
(793/2 79)
(397 81)
(795/2 77)
(398 79)
(797/2 81)
(399 82)
(799/2 81)
(400 79)
(801/2 81)
(401 79)
(803/2 77)
(402 76)
(805/2 77)
(403 76)
(807/2 74)
(404 72)
(809/2 74)
(405 72)
(408 71)
(411 70)
(414 69)
(829/2 67)
(415 69)
(831/2 65)
(416 67)
(833/2 69)
(417 70)
(835/2 69)
(418 70)
(837/2 67)
(419 69)
(839/2 71)
(420 72)
(841/2 71)
(421 72)
(843/2 74)
(422 72)
(845/2 70)
(423 69)
(847/2 67)
(424 69)
(849/2 70)
(425 69)
(851/2 65)
(426 69)
(427 72)
(428 77)
(429 74)
(430 67)
(431 65)
(432 64)
(433 67)
(434 72)
(435 65)
(436 53)
