0.01
0.81
1.6
2.38
3.19
3.97
4.62
5.01
5.38
5.75
6.11
6.49
6.85
7.21
7.57
7.92
8.27
8.62
8.96
9.31
9.66
10.0
10.35
11.24
11.58
12.06
12.44
12.74
13.17
13.98
14.52
14.94
15.26
15.57
16.03
16.71
17.18
17.49
17.86
18.15
18.41
18.69
19.31
19.83
20.12
20.42
20.78
21.07
21.43
21.94
22.25
22.85
23.26
23.72
24.05
24.34
24.64
24.95
25.25
25.55
25.85
26.33
26.64
26.95
27.26
27.57
27.87
28.18
28.49
28.8
29.1
29.37
29.73
30.24
30.53
30.84
31.13
31.41
31.71
32.0
32.55
33.12
33.54
33.97
34.53
34.82
35.4
35.98
36.56
36.84
37.41
37.77
38.34
38.98
39.6
40.21
40.83
41.13
41.44
41.76
42.07
42.68
42.95
43.33
43.64
43.95
44.21
44.49
44.91
45.4
45.7
46.28
46.58
47.12
47.41
47.71
48.0
48.29
48.58
48.84
49.13
49.42
49.71
50.0
50.29
50.69
51.25
51.54
51.83
52.12
52.41
52.7
52.99
53.3
53.57
53.86
54.17
54.44
54.73
55.02
55.3
55.58
55.87
56.16
56.45
56.74
57.02
57.3
57.59
57.88
58.17
58.45
58.73
59.17
59.47
59.77
60.07
60.37
60.67
60.97
61.27
61.71
61.99
62.53
62.82
63.28
63.57
63.86
64.14
64.7
65.21
65.5
65.8
66.06
66.4
66.7
67.01
67.31
67.6
67.9
68.3
68.59
68.88
69.17
69.46
69.76
70.06
70.36
70.65
70.94
71.24
71.54
71.84
72.14
72.44
72.74
73.04
73.34
73.64
73.94
74.24
74.54
74.85
75.14
75.58
76.0
76.33
76.62
76.92
77.22
77.52
77.82
78.12
78.43
78.73
79.03
79.32
79.62
79.92
80.21
80.5
80.77
81.08
81.38
81.68
81.98
82.28
82.59
82.9
83.21
83.52
84.14
84.77
85.22
85.51
85.83
86.13
86.43
86.7
86.99
87.31
87.59
87.87
88.15
88.47
88.96
89.29
89.57
89.83
90.1
90.36
90.62
