0.380
0.800
1.200
1.600
1.980
2.380
2.780
3.200
3.580
3.960
4.300
4.660
5.020
5.380
5.740
6.120
6.480
6.860
7.220
7.580
7.940
8.280
8.620
8.980
9.340
9.700
10.040
10.400
10.760
11.120
11.480
11.820
12.180
12.540
12.900
13.240
13.580
13.920
14.260
14.620
14.980
15.340
15.700
16.040
16.400
16.760
17.100
17.440
17.800
18.140
18.480
18.820
19.180
19.520
19.880
20.240
20.600
20.940
21.280
21.620
21.980
22.340
22.700
23.060
23.400
23.740
24.100
24.440
24.780
25.120
25.460
25.800
26.140
26.500
26.840
27.180
27.520
27.860
28.200
28.540
28.900
29.240
29.600
29.940
30.300
30.660
31.020
31.360
31.720
32.080
32.440
32.760
33.100
33.440
33.760
34.100
34.440
34.780
35.120
35.460
35.800
36.160
36.500
36.840
37.180
37.540
37.920
38.280
38.660
39.020
39.400
39.760
40.120
40.480
40.840
41.200
41.580
41.940
42.300
42.680
43.040
43.400
43.740
44.100
44.460
44.820
45.180
45.540
45.920
46.280
46.660
47.020
47.400
47.760
48.120
48.500
48.860
49.240
49.640
50.020
50.400
50.780
51.160
51.540
51.920
52.280
52.640
53.020
53.380
53.760
54.120
54.500
54.860
55.220
55.560
55.920
56.280
56.640
57.020
57.380
57.760
58.120
58.500
58.860
59.220
59.600
59.960
60.340
60.720
61.100
61.480
61.880
62.260
62.640
63.000
63.380
63.760
64.140
64.520
64.900
65.300
65.680
66.060
66.440
66.820
67.180
67.560
67.920
68.300
68.700
69.080
69.460
69.840
70.220
70.620
71.000
71.380
71.760
72.140
72.540
72.920
73.300
73.700
74.100
74.500
74.900
75.300
75.660
76.020
76.400
76.760
77.100
77.440
77.780
78.140
78.480
78.820
79.160
79.500
79.840
80.160
80.480
80.780
81.100
81.400
81.720
82.020
82.320
82.640
82.940
83.240
83.540
83.840
84.140
84.440
84.740
85.040
85.340
85.640
85.940
86.240
86.540
86.840
87.140
87.440
87.740
88.040
88.340
88.640
88.940
89.240
89.540
89.840
90.140
90.440
90.740
