0.8229167000
1.1875000000
1.5645833000
1.9354167000
2.3333333000
2.7500000000
3.1708333000
3.5395834000
3.9291666000
4.2916665000
4.6791670000
5.0312500000
5.3562500000
5.6916666000
6.0666666000
6.4437500000
6.8250000000
7.1937500000
7.5395830000
7.8791666000
8.2312500000
8.6000000000
8.9437500000
9.2708330000
9.5958340000
9.9812500000
10.3333330000
10.7062500000
11.1104160000
11.4958330000
11.8604160000
12.2125000000
12.5645840000
12.8854170000
13.2312500000
13.5645840000
13.9437500000
14.2833340000
14.6416660000
14.9812500000
15.2770830000
15.6520830000
16.0458340000
16.3979170000
16.7416670000
17.1291680000
17.4625000000
17.8250000000
18.1479170000
18.4916670000
18.8145830000
19.1625000000
19.4916670000
19.8666670000
20.2250000000
20.6000000000
20.9270840000
21.2770820000
21.6104160000
21.9812500000
22.3145830000
22.6937500000
23.0333330000
23.3791680000
23.7250000000
24.0937500000
24.4145830000
24.7604160000
25.0937500000
25.4270840000
25.7604160000
26.1479170000
26.4687500000
26.8250000000
27.1770840000
27.5145840000
27.8791680000
28.1916680000
28.5270820000
28.8604160000
29.2416670000
29.5812500000
29.9270840000
30.2770820000
30.6208320000
30.9875000000
31.3187500000
31.6791670000
32.0479160000
32.4000000000
32.7500000000
33.0937500000
33.4270820000
33.7604180000
34.0979160000
34.4625000000
34.7791670000
35.1291660000
35.4625000000
35.8250000000
36.1416660000
36.4916650000
36.8562500000
37.1895830000
37.5270840000
37.9145850000
38.2604180000
38.6354180000
39.0000000000
39.3541680000
39.7312500000
40.0812500000
40.4458350000
40.7895850000
41.1479150000
41.5270840000
41.9083330000
42.2666660000
42.6354180000
43.0000000000
43.3729170000
43.7187500000
44.0750000000
44.4270820000
44.7895850000
45.1583330000
45.5062500000
45.8520850000
46.2145840000
46.5750000000
46.9812500000
47.3312500000
47.6770820000
48.0750000000
48.4312500000
48.8437500000
49.2125000000
49.5645830000
49.9625000000
50.3479160000
50.7604180000
51.1479150000
51.5104180000
51.9312500000
52.2770840000
52.6479150000
52.9750000000
53.3250000000
53.6937500000
54.0687500000
54.4500000000
54.8083340000
55.1937500000
55.5458340000
55.8937500000
56.2479170000
56.6104160000
57.0041660000
57.3604160000
57.7166670000
58.0916670000
58.4437500000
58.8250000000
59.2312500000
59.5937500000
59.9625000000
60.3562500000
60.7125000000
61.0833320000
61.4500000000
61.8145830000
62.1895830000
62.5687500000
62.9625000000
63.3250000000
63.7125000000
64.1354140000
64.4875000000
64.8604200000
65.2416700000
65.6479200000
66.0270840000
66.4270860000
66.8250000000
67.1937500000
67.5812500000
67.9375000000
68.3145800000
68.6708300000
69.0708300000
69.4520800000
69.8250000000
70.1833340000
70.5750000000
70.9312500000
71.3145800000
71.6833340000
72.0812500000
72.4812500000
72.9083300000
73.2770840000
73.6562500000
74.0291700000
74.4437500000
74.8479160000
75.2770840000
75.6979140000
76.1000000000
76.5645800000
77.0270840000
77.3791660000
77.7312500000
78.1812500000
78.6833340000
79.1000000000
79.6937500000
80.5166700000
81.0958300000
81.7500000000
