(-1 70 66 1/4 0)
(-3/4 72 67 1/4 0)
(-1/2 70 66 1/4 0)
(-1/4 69 65 1/4 0)
(0 63 62 1/2 1)
(0 67 64 1 1)
(0 70 66 1 0)
(1/2 58 59 1/2 1)
(1 63 62 1/2 1)
(1 67 64 1 1)
(3/2 58 59 1/2 1)
(7/4 70 66 1/4 0)
(2 63 62 1/2 1)
(2 67 64 1 1)
(2 75 69 3/4 0)
(5/2 58 59 1/2 1)
(11/4 75 69 1/4 0)
(3 65 63 1/2 1)
(3 68 65 1 1)
(3 75 69 1 0)
(7/2 58 59 1/2 1)
(4 65 63 1/2 1)
(4 68 65 1 1)
(4 74 68 1 0)
(9/2 58 59 1/2 1)
(5 65 63 1/2 1)
(5 68 65 1 1)
(5 70 66 1/4 0)
(21/4 72 67 1/4 0)
(11/2 58 59 1/2 1)
(11/2 70 66 1/4 0)
(23/4 69 65 1/4 0)
(6 63 62 1/2 1)
(6 67 64 1 1)
(6 70 66 1 0)
(13/2 58 59 1/2 1)
(7 63 62 1/2 1)
(7 67 64 1 1)
(15/2 58 59 1/2 1)
(31/4 70 66 1/4 0)
(8 63 62 1/2 1)
(8 67 64 1 1)
(8 79 71 3/4 0)
(17/2 58 59 1/2 1)
(35/4 79 71 1/4 0)
(9 62 61 1/2 1)
(9 65 63 1 1)
(9 82 73 1 0)
(19/2 58 59 1/2 1)
(10 62 61 1/2 1)
(10 65 63 1 1)
(10 80 72 1 0)
(21/2 58 59 1/2 1)
