(0.88 65 63)
(0.88 77 70)
(1.32 77 70)
(1.96 65 63)
(2.19 77 70)
(2.4 65 63)
(2.62 76 70)
(3.28 66 64)
(3.49 76 70)
(3.71 66 64)
(3.92 75 69)
(4.57 67 64)
(4.79 75 69)
(5.01 67 64)
(5.22 74 68)
(5.53 74 68)
(5.89 68 65)
(5.89 74 68)
(5.89 80 72)
(6.09 74 68)
(6.09 75 69)
(6.33 68 65)
(6.33 74 68)
(6.52 41 49)
(6.52 42 50)
(6.52 68 65)
(6.52 73 68)
(6.97 53 56)
(6.97 63 62)
(6.97 65 63)
(7.18 69 65)
(7.4 45 51)
(7.4 53 56)
(7.4 63 62)
(7.4 73 68)
(7.62 69 65)
(7.84 34 45)
(7.84 46 52)
(7.84 69 65)
(8.16 70 66)
(8.27 41 49)
(8.27 53 56)
(8.27 61 61)
(8.27 65 63)
(8.27 70 66)
(8.27 73 68)
(8.7 51 55)
(8.7 55 57)
(8.7 61 61)
(8.7 70 66)
(9.14 44 51)
(9.14 77 70)
(9.58 66 64)
(9.79 72 67)
(10.01 66 64)
(10.01 72 67)
(10.01 77 70)
(10.22 72 67)
(10.44 49 54)
(10.44 72 67)
(10.76 73 68)
(10.87 56 58)
(10.87 65 63)
(10.87 74 68)
(11.31 46 52)
(11.31 55 57)
(11.31 58 59)
(11.31 64 63)
(11.31 70 66)
(11.31 73 68)
(11.74 48 53)
(11.74 60 60)
(11.74 80 72)
(12.18 60 60)
(12.18 65 63)
(12.18 70 66)
(12.18 72 67)
(12.18 77 70)
(12.4 76 70)
(12.62 60 60)
(12.62 67 64)
(12.62 70 66)
(12.62 80 72)
(12.83 76 70)
(13.05 53 56)
(13.38 77 70)
(13.38 82 73)
(13.49 68 65)
(13.49 73 68)
(13.49 77 70)
(13.5 60 60)
(13.92 60 60)
(13.92 68 65)
(13.92 77 70)
(14.35 41 49)
(14.35 81 72)
(14.68 78 71)
(14.68 90 78)
(14.79 60 60)
(14.79 63 62)
(14.79 69 65)
(14.79 78 71)
(15.23 63 62)
(15.23 66 64)
(15.23 69 65)
(15.23 72 67)
(15.23 75 69)
(15.66 46 52)
(15.66 72 67)
(16.09 53 56)
(16.09 61 61)
(16.09 65 63)
(16.09 73 68)
(16.31 70 66)
(16.31 82 73)
(16.54 53 56)
(16.54 61 61)
(16.54 68 65)
(16.76 66 64)
(16.96 46 52)
(16.96 73 68)
(16.96 77 70)
(17.4 53 56)
(17.4 63 62)
(17.62 66 64)
(17.62 69 65)
(17.83 45 51)
(17.83 53 56)
(17.83 63 62)
(17.83 65 63)
(17.83 73 68)
(18.05 63 62)
(18.05 69 65)
(18.27 34 45)
(18.27 46 52)
(18.27 58 59)
(18.27 69 65)
(18.59 61 61)
(18.59 70 66)
(18.59 73 68)
(18.7 34 45)
(18.7 46 52)
(18.7 53 56)
(18.7 58 59)
(18.7 70 66)
(19.14 51 55)
(19.14 61 61)
(19.14 67 64)
(19.14 70 66)
(19.58 44 51)
(19.58 56 58)
(19.58 68 65)
(19.58 77 70)
(20.01 66 64)
(20.22 69 65)
(20.22 72 67)
(20.45 66 64)
(20.45 68 65)
(20.45 77 70)
(20.66 66 64)
(20.66 72 67)
(20.87 49 54)
(20.87 66 64)
(20.87 72 67)
(21.2 65 63)
(21.2 73 68)
(21.31 56 58)
(21.31 61 61)
(21.31 73 68)
(21.74 55 57)
(21.74 65 63)
(21.74 71 67)
(22.18 48 53)
(22.18 72 67)
(22.18 80 72)
(22.62 60 60)
(22.62 70 66)
(22.62 72 67)
(22.83 73 68)
(22.83 76 70)
(23.05 60 60)
(23.05 70 66)
(23.05 80 72)
(23.27 70 66)
(23.27 76 70)
(23.48 53 56)
(23.48 65 63)
(23.48 70 66)
(23.82 69 65)
(23.82 77 70)
(23.92 60 60)
(23.92 65 63)
(23.92 69 65)
(23.92 72 67)
(23.92 77 70)
(24.36 53 56)
(24.36 60 60)
(24.36 69 65)
(24.36 77 70)
(24.79 41 49)
(24.79 68 65)
(24.79 80 72)
(24.79 92 79)
(25.12 78 71)
(25.12 90 78)
(25.22 60 60)
(25.22 63 62)
(25.22 69 65)
(25.22 78 71)
(25.66 53 56)
(25.66 60 60)
(25.66 63 62)
(25.66 69 65)
(26.09 70 66)
(26.1 46 52)
(26.1 58 59)
(26.53 53 56)
(26.53 61 61)
(26.53 65 63)
(26.53 73 68)
(26.97 51 55)
(26.97 54 57)
(27.41 44 51)
(27.41 56 58)
(27.74 66 64)
(27.74 68 65)
(27.74 80 72)
(27.83 51 55)
(27.83 60 60)
(27.83 72 67)
(28.07 66 64)
(28.07 68 65)
(28.27 51 55)
(28.27 60 60)
(28.27 68 65)
(28.27 72 67)
(28.27 75 69)
(28.71 70 66)
(29.04 65 63)
(29.04 68 65)
(29.14 53 56)
(29.14 56 58)
(29.14 61 61)
(29.14 73 68)
(29.36 53 56)
(29.36 65 63)
(29.36 68 65)
(29.57 61 61)
(29.58 68 65)
(29.58 73 68)
(29.58 77 70)
(30.01 44 51)
(30.01 70 66)
(30.35 66 64)
(30.35 68 65)
(30.35 80 72)
(30.44 51 55)
(30.44 60 60)
(30.44 72 67)
(30.67 66 64)
(30.68 68 65)
(30.88 51 55)
(30.88 60 60)
(30.88 68 65)
(30.88 72 67)
(30.88 78 71)
(31.31 49 54)
(31.31 82 73)
(31.74 56 58)
(31.74 59 60)
(31.74 65 63)
(31.74 68 65)
(31.74 71 67)
(32.07 80 72)
(32.18 50 54)
(32.18 71 67)
(32.5 80 72)
(32.62 51 55)
(32.62 70 66)
(32.99 80 72)
(33.05 54 57)
(33.05 58 59)
(33.05 63 62)
(33.05 70 66)
(33.05 75 69)
(33.43 80 72)
(33.48 42 50)
(33.48 70 66)
(33.87 78 71)
(33.92 69 65)
(34.3 78 71)
(34.35 73 68)
(34.36 53 56)
(34.36 61 61)
(34.36 68 65)
(34.74 78 71)
(34.8 53 56)
(34.8 61 61)
(34.8 68 65)
(35.17 82 73)
(35.18 77 70)
(35.24 44 51)
(35.24 67 64)
(35.61 77 70)
(35.61 80 72)
(35.66 60 60)
(35.66 66 64)
(35.66 68 65)
(35.66 72 67)
(35.67 51 55)
(36.05 77 70)
(36.1 51 55)
(36.1 60 60)
(36.1 66 64)
(36.1 68 65)
(36.1 72 67)
(36.48 75 69)
(36.53 49 54)
(36.53 65 63)
(36.91 75 69)
(36.96 56 58)
(36.96 61 61)
(36.96 68 65)
(36.96 73 68)
(37.11 75 69)
(37.25 73 68)
(37.4 43 50)
(37.4 64 63)
(37.4 72 67)
(37.78 70 66)
(37.83 63 62)
(37.83 70 66)
(37.83 72 67)
(37.84 44 51)
(37.84 60 60)
(38.17 66 64)
(38.17 68 65)
(38.27 51 55)
(38.27 60 60)
(38.27 72 67)
(38.5 66 64)
(38.5 68 65)
(38.7 51 55)
(38.7 60 60)
(38.7 68 65)
(38.7 72 67)
(38.7 75 69)
(39.14 37 47)
(39.14 70 66)
(39.47 65 63)
(39.47 68 65)
(39.48 53 56)
(39.57 53 56)
(39.57 56 58)
(39.57 61 61)
(39.57 73 68)
(39.8 53 56)
(39.8 65 63)
(39.8 68 65)
(40.01 61 61)
(40.01 68 65)
(40.01 73 68)
(40.01 77 70)
(40.44 70 66)
(40.45 44 51)
(40.78 66 64)
(40.78 68 65)
(40.78 80 72)
(40.87 51 55)
(40.87 60 60)
(40.87 72 67)
(41.11 66 64)
(41.11 68 65)
(41.31 51 55)
(41.31 60 60)
(41.31 68 65)
(41.31 72 67)
(41.31 78 71)
(41.74 49 54)
(41.74 82 73)
(42.17 65 63)
(42.18 56 58)
(42.18 59 60)
(42.18 68 65)
(42.18 71 67)
(42.51 80 72)
(42.61 50 54)
(42.61 71 67)
(42.94 80 72)
(43.05 51 55)
(43.05 70 66)
(43.43 80 72)
(43.49 54 57)
(43.49 58 59)
(43.49 63 62)
(43.49 70 66)
(43.86 80 72)
(43.92 42 50)
(43.92 70 66)
(44.31 78 71)
(44.35 69 65)
(44.74 78 71)
(44.79 53 56)
(44.79 61 61)
(44.79 68 65)
(44.79 73 68)
(45.18 78 71)
(45.23 53 56)
(45.23 61 61)
(45.24 68 65)
(45.61 77 70)
(45.61 82 73)
(45.67 44 51)
(45.67 67 64)
(46.04 76 70)
(46.1 51 55)
(46.1 60 60)
(46.1 66 64)
(46.1 72 67)
(46.48 75 69)
(46.53 65 63)
(46.91 74 68)
(46.98 64 63)
(46.98 76 70)
(47.34 73 68)
(47.4 63 62)
(47.4 67 64)
(47.78 73 68)
(47.84 63 62)
(47.84 67 64)
(48.21 73 68)
(48.27 41 49)
(48.27 42 50)
(48.27 63 62)
(48.7 41 49)
(48.7 53 56)
(48.7 60 60)
(48.7 63 62)
(48.7 72 67)
(48.92 69 65)
(48.93 66 64)
(49.13 77 70)
(49.14 45 51)
(49.14 53 56)
(49.14 65 63)
(49.14 72 67)
(49.36 63 62)
(49.36 69 65)
(49.58 34 45)
(49.58 46 52)
(49.58 69 65)
(49.89 70 66)
(49.9 61 61)
(49.9 73 68)
(50.01 46 52)
(50.01 53 56)
(50.01 58 59)
(50.01 61 61)
(50.01 70 66)
(50.44 51 55)
(50.44 61 61)
(50.44 67 64)
(50.44 70 66)
(50.88 44 51)
(50.88 56 58)
(50.88 68 65)
(50.88 77 70)
(51.32 66 64)
(51.53 69 65)
(51.53 72 67)
(51.75 66 64)
(51.75 68 65)
(51.75 77 70)
(51.96 66 64)
(51.96 72 67)
(52.18 49 54)
(52.18 66 64)
(52.18 72 67)
(52.5 65 63)
(52.5 73 68)
(52.61 56 58)
(52.61 61 61)
(52.61 73 68)
(53.05 55 57)
(53.05 65 63)
(53.05 71 67)
(53.48 48 53)
(53.48 72 67)
(53.48 80 72)
(53.92 60 60)
(53.92 70 66)
(53.92 72 67)
(54.13 73 68)
(54.13 76 70)
(54.36 60 60)
(54.36 70 66)
(54.36 80 72)
(54.57 70 66)
(54.57 76 70)
(54.79 53 56)
(54.79 65 63)
(55.12 69 65)
(55.12 77 70)
(55.23 60 60)
(55.23 65 63)
(55.23 69 65)
(55.23 72 67)
(55.23 77 70)
(55.66 60 60)
(55.66 69 65)
(55.66 72 67)
(55.66 77 70)
(55.66 81 72)
(56.09 41 49)
(56.42 78 71)
(56.42 90 78)
(56.53 60 60)
(56.53 63 62)
(56.53 69 65)
(56.53 78 71)
(56.97 63 62)
(56.97 66 64)
(56.97 69 65)
(56.97 72 67)
(56.97 75 69)
(57.4 46 52)
(57.4 68 65)
(57.4 72 67)
(57.83 53 56)
(57.83 61 61)
(57.83 65 63)
(57.83 73 68)
(58.04 70 66)
(58.27 53 56)
(58.27 61 61)
(58.27 65 63)
(58.27 70 66)
(58.43 68 65)
(58.57 66 64)
(58.7 46 52)
(58.7 73 68)
(58.7 77 70)
(58.93 66 64)
(59.14 53 56)
(59.14 60 60)
(59.14 63 62)
(59.14 65 63)
(59.14 72 67)
(59.36 66 64)
(59.36 69 65)
(59.57 45 51)
(59.57 53 56)
(59.57 60 60)
(59.57 63 62)
(59.57 65 63)
(59.57 72 67)
(59.79 69 65)
(59.8 60 60)
(59.8 63 62)
(60.01 34 45)
(60.01 46 52)
(60.01 69 65)
(60.33 61 61)
(60.33 70 66)
(60.33 73 68)
(60.44 46 52)
(60.44 53 56)
(60.44 58 59)
(60.44 70 66)
(60.88 51 55)
(60.88 61 61)
(60.88 67 64)
(60.88 70 66)
(61.02 72 67)
(61.17 70 66)
(61.32 44 51)
(61.32 56 58)
(61.32 68 65)
(61.53 69 65)
(61.75 60 60)
(61.75 66 64)
(61.75 68 65)
(61.75 72 67)
(61.96 69 65)
(61.96 72 67)
(61.96 81 72)
(62.19 66 64)
(62.19 68 65)
(62.19 72 67)
(62.19 77 70)
(62.4 66 64)
(62.4 72 67)
(62.61 49 54)
(62.61 66 64)
(62.61 72 67)
(62.94 65 63)
(62.94 73 68)
(63.05 56 58)
(63.05 61 61)
(63.05 73 68)
(63.48 55 57)
(63.48 65 63)
(63.48 71 67)
(63.63 75 69)
(63.77 73 68)
(63.92 48 53)
(63.92 72 67)
(63.92 80 72)
(64.13 73 68)
(64.36 60 60)
(64.36 67 64)
(64.36 70 66)
(64.36 72 67)
(64.57 73 68)
(64.57 76 70)
(64.79 60 60)
(64.79 70 66)
(64.79 72 67)
(64.79 80 72)
(65.01 70 66)
(65.01 76 70)
(65.22 53 56)
(65.22 65 63)
(65.22 70 66)
(65.56 69 65)
(65.56 77 70)
(65.66 60 60)
(65.66 65 63)
(65.66 69 65)
(65.66 72 67)
(65.66 77 70)
(66.1 53 56)
(66.1 60 60)
(66.1 69 65)
(66.1 77 70)
(66.53 41 49)
(66.53 68 65)
(66.53 80 72)
(66.53 92 79)
(66.85 90 78)
(66.86 78 71)
(66.96 60 60)
(66.96 63 62)
(66.96 69 65)
(66.96 72 67)
(66.96 78 71)
(67.4 53 56)
(67.4 60 60)
(67.4 63 62)
(67.4 69 65)
(67.83 46 52)
(67.83 58 59)
(67.83 70 66)
(68.27 53 56)
(68.27 61 61)
(68.27 65 63)
(68.27 73 68)
(68.7 54 57)
(68.71 51 55)
(69.15 44 51)
(69.15 56 58)
(69.48 66 64)
(69.48 68 65)
(69.48 80 72)
(69.57 51 55)
(69.57 60 60)
(69.57 72 67)
(69.81 66 64)
(69.81 68 65)
(70.01 51 55)
(70.01 60 60)
(70.01 68 65)
(70.01 72 67)
(70.01 75 69)
(70.45 37 47)
(70.45 70 66)
(70.77 77 70)
(70.78 65 63)
(70.78 68 65)
(70.88 53 56)
(70.88 56 58)
(70.88 61 61)
(70.88 73 68)
(71.1 53 56)
(71.1 65 63)
(71.1 68 65)
(71.31 61 61)
(71.31 68 65)
(71.31 73 68)
(71.31 77 70)
(71.75 44 51)
(71.75 70 66)
(72.09 66 64)
(72.09 68 65)
(72.09 80 72)
(72.18 51 55)
(72.18 60 60)
(72.18 72 67)
(72.41 66 64)
(72.41 68 65)
(72.62 51 55)
(72.62 60 60)
(72.62 68 65)
(72.62 72 67)
(72.62 78 71)
(73.04 82 73)
(73.05 49 54)
(73.48 56 58)
(73.48 59 60)
(73.48 65 63)
(73.48 68 65)
(73.48 71 67)
(73.81 80 72)
(73.92 50 54)
(73.92 71 67)
(74.24 80 72)
(74.36 51 55)
(74.36 70 66)
(74.73 80 72)
(74.79 54 57)
(74.79 58 59)
(74.79 63 62)
(74.79 70 66)
(75.16 80 72)
(75.22 42 50)
(75.22 70 66)
(75.61 78 71)
(75.66 69 65)
(76.04 78 71)
(76.09 73 68)
(76.1 53 56)
(76.1 61 61)
(76.1 68 65)
(76.48 78 71)
(76.53 53 56)
(76.53 61 61)
(76.54 68 65)
(76.91 82 73)
(76.92 77 70)
(76.98 44 51)
(76.98 67 64)
(77.35 77 70)
(77.4 60 60)
(77.4 66 64)
(77.4 68 65)
(77.4 72 67)
(77.41 51 55)
(77.78 77 70)
(77.84 51 55)
(77.84 60 60)
(77.84 66 64)
(77.84 68 65)
(77.84 72 67)
(78.22 75 69)
(78.27 49 54)
(78.27 65 63)
(78.65 75 69)
(78.7 56 58)
(78.7 61 61)
(78.7 68 65)
(78.7 73 68)
(78.85 75 69)
(78.99 73 68)
(79.14 43 50)
(79.14 64 63)
(79.14 72 67)
(79.52 70 66)
(79.57 60 60)
(79.57 70 66)
(79.57 72 67)
(79.58 44 51)
(79.91 66 64)
(79.91 68 65)
(80.0 51 55)
(80.0 60 60)
(80.0 72 67)
(80.24 66 64)
(80.24 68 65)
(80.44 51 55)
(80.44 60 60)
(80.44 68 65)
(80.44 72 67)
(80.44 75 69)
(80.88 37 47)
(80.88 70 66)
(81.21 65 63)
(81.21 68 65)
(81.31 53 56)
(81.31 56 58)
(81.31 61 61)
(81.31 73 68)
(81.53 65 63)
(81.54 53 56)
(81.54 68 65)
(81.75 61 61)
(81.75 68 65)
(81.75 73 68)
(81.75 77 70)
(82.18 70 66)
(82.19 44 51)
(82.52 66 64)
(82.52 68 65)
(82.52 80 72)
(82.61 51 55)
(82.61 60 60)
(82.61 72 67)
(82.85 66 64)
(82.85 68 65)
(83.05 51 55)
(83.05 60 60)
(83.05 68 65)
(83.05 72 67)
(83.05 78 71)
(83.48 49 54)
(83.48 82 73)
(83.91 65 63)
(83.91 71 67)
(83.92 56 58)
(83.92 59 60)
(83.92 68 65)
(84.24 80 72)
(84.35 50 54)
(84.35 71 67)
(84.68 80 72)
(84.79 51 55)
(84.79 70 66)
(85.17 80 72)
(85.22 58 59)
(85.23 54 57)
(85.23 63 62)
(85.23 70 66)
(85.23 75 69)
(85.6 80 72)
(85.65 42 50)
(85.65 70 66)
(86.05 78 71)
(86.09 69 65)
(86.48 78 71)
(86.53 53 56)
(86.53 61 61)
(86.53 68 65)
(86.53 73 68)
(86.92 78 71)
(86.97 53 56)
(86.97 61 61)
(86.97 68 65)
(87.35 77 70)
(87.35 82 73)
(87.41 44 51)
(87.41 67 64)
(87.78 76 70)
(87.84 51 55)
(87.84 60 60)
(87.84 66 64)
(87.84 72 67)
(88.22 75 69)
(88.27 65 63)
(88.65 74 68)
(88.72 64 63)
(88.72 76 70)
(89.08 73 68)
(89.09 63 62)
(89.14 63 62)
(89.51 73 68)
(89.58 63 62)
(89.58 67 64)
(89.95 73 68)
(90.01 41 49)
(90.01 42 50)
(90.01 63 62)
(90.44 41 49)
(90.44 53 56)
(90.44 60 60)
(90.44 63 62)
(90.44 65 63)
(90.44 72 67)
(90.66 66 64)
(90.66 69 65)
(90.87 45 51)
(90.87 65 63)
(90.87 72 67)
(90.87 73 68)
(90.87 77 70)
(90.88 53 56)
(91.1 63 62)
(91.1 69 65)
(91.32 34 45)
(91.32 46 52)
(91.32 69 65)
(91.63 61 61)
(91.63 70 66)
(91.64 73 68)
(91.75 46 52)
(91.75 53 56)
(91.75 58 59)
(91.75 70 66)
(92.18 51 55)
(92.18 61 61)
(92.18 67 64)
(92.18 70 66)
(92.62 44 51)
(92.62 56 58)
(92.62 68 65)
(92.62 77 70)
(93.06 66 64)
(93.27 69 65)
(93.27 72 67)
(93.49 66 64)
(93.49 68 65)
(93.49 77 70)
(93.7 66 64)
(93.7 72 67)
(93.92 49 54)
(93.92 66 64)
(93.92 72 67)
(94.24 65 63)
(94.24 73 68)
(94.35 56 58)
(94.35 61 61)
(94.35 73 68)
(94.79 55 57)
(94.79 65 63)
(94.79 71 67)
(95.22 48 53)
(95.22 72 67)
(95.22 80 72)
(95.66 60 60)
(95.66 70 66)
(95.66 72 67)
(95.87 73 68)
(95.87 76 70)
(96.1 60 60)
(96.1 70 66)
(96.1 72 67)
(96.1 80 72)
(96.31 70 66)
(96.31 76 70)
(96.53 53 56)
(96.53 65 63)
(96.86 69 65)
(96.86 77 70)
(96.97 60 60)
(96.97 65 63)
(96.97 69 65)
(96.97 72 67)
(96.97 77 70)
(97.4 60 60)
(97.4 69 65)
(97.4 72 67)
(97.4 77 70)
(97.4 81 72)
(97.83 41 49)
(98.16 78 71)
(98.16 90 78)
(98.27 60 60)
(98.27 63 62)
(98.27 69 65)
(98.27 78 71)
(98.71 63 62)
(98.71 66 64)
(98.71 69 65)
(98.71 72 67)
(98.71 75 69)
(99.14 46 52)
(99.14 68 65)
(99.14 72 67)
(99.57 53 56)
(99.57 61 61)
(99.57 65 63)
(99.57 73 68)
(99.78 70 66)
(100.0 65 63)
(100.01 53 56)
(100.01 61 61)
(100.01 70 66)
(100.17 68 65)
(100.31 66 64)
(100.44 46 52)
(100.44 73 68)
(100.44 77 70)
(100.67 66 64)
(100.88 53 56)
(100.88 60 60)
(100.88 63 62)
(100.88 65 63)
(100.88 72 67)
(101.1 66 64)
(101.1 69 65)
(101.31 45 51)
(101.31 53 56)
(101.31 60 60)
(101.31 63 62)
(101.31 65 63)
(101.31 72 67)
(101.53 60 60)
(101.53 63 62)
(101.53 69 65)
(101.75 34 45)
(101.75 46 52)
(101.75 69 65)
(102.07 61 61)
(102.07 70 66)
(102.18 46 52)
(102.18 53 56)
(102.18 58 59)
(102.18 70 66)
(102.62 51 55)
(102.62 61 61)
(102.62 67 64)
(102.62 70 66)
(102.76 72 67)
(102.91 70 66)
(103.06 44 51)
(103.06 56 58)
(103.06 68 65)
(103.27 69 65)
(103.49 60 60)
(103.49 66 64)
(103.49 68 65)
(103.49 72 67)
(103.7 69 65)
(103.7 72 67)
(103.7 81 72)
(103.93 66 64)
(103.93 68 65)
(103.93 72 67)
(103.93 77 70)
(104.14 66 64)
(104.14 72 67)
(104.35 49 54)
(104.35 66 64)
(104.35 72 67)
(104.68 65 63)
(104.68 73 68)
(104.79 56 58)
(104.79 61 61)
(104.79 65 63)
(104.79 73 68)
(105.22 55 57)
(105.22 65 63)
(105.22 71 67)
(105.37 75 69)
(105.51 73 68)
(105.66 48 53)
(105.66 72 67)
(105.66 80 72)
(105.87 73 68)
(106.09 70 66)
(106.09 72 67)
(106.1 60 60)
(106.1 67 64)
(106.31 73 68)
(106.31 76 70)
(106.53 60 60)
(106.53 70 66)
(106.53 72 67)
(106.53 80 72)
(106.75 70 66)
(106.75 76 70)
(106.96 53 56)
(106.96 65 63)
(106.96 70 66)
(107.3 68 65)
(107.3 77 70)
(107.4 60 60)
(107.4 65 63)
(107.4 68 65)
(107.4 77 70)
(107.84 53 56)
(107.84 60 60)
(107.84 69 65)
(107.84 72 67)
(107.84 77 70)
(108.26 68 65)
(108.27 41 49)
(108.27 80 72)
(108.27 92 79)
(108.59 78 71)
(108.59 90 78)
(108.7 60 60)
(108.7 63 62)
(108.7 69 65)
(108.7 72 67)
(108.7 78 71)
(109.14 53 56)
(109.14 60 60)
(109.14 63 62)
(109.14 69 65)
(109.57 46 52)
(109.57 58 59)
(109.57 70 66)
(110.0 61 61)
(110.0 65 63)
(110.0 73 68)
(110.01 53 56)
(110.45 65 63)
(110.45 77 70)
(111.32 66 64)
(111.32 78 71)
(111.96 61 61)
(111.96 73 68)
(112.19 64 63)
(112.19 76 70)
(112.4 60 60)
(112.4 72 67)
(112.4 79 71)
(112.61 58 59)
(112.61 70 66)
(113.05 58 59)
(113.05 70 66)
(113.49 46 52)
(113.49 65 63)
(113.49 77 70)
(113.7 80 72)
(113.71 68 65)
(113.92 66 64)
(113.92 78 71)
(114.36 46 52)
(114.36 66 64)
(114.36 78 71)
(114.57 61 61)
(114.57 73 68)
(114.8 64 63)
(114.8 76 70)
(115.01 60 60)
(115.01 72 67)
(115.22 58 59)
(115.22 70 66)
(116.1 36 46)
(116.1 48 53)
(116.1 55 57)
(116.1 58 59)
(116.1 64 63)
(116.1 72 67)
(116.53 51 55)
(116.53 53 56)
(116.53 57 58)
(116.53 60 60)
(116.53 69 65)
(116.96 53 56)
(116.96 57 58)
(116.96 60 60)
(117.4 48 53)
(117.4 55 57)
(117.4 60 60)
(117.4 64 63)
(117.4 72 67)
(117.62 58 59)
(117.62 70 66)
(117.83 51 55)
(117.83 53 56)
(117.83 57 58)
(117.83 60 60)
(117.83 69 65)
(118.27 53 56)
(118.27 57 58)
(118.27 60 60)
(118.7 48 53)
(118.7 55 57)
(118.7 64 63)
(118.7 70 66)
(118.7 72 67)
(118.71 58 59)
(119.14 51 55)
(119.14 53 56)
(119.14 57 58)
(119.14 60 60)
(119.14 69 65)
(119.57 53 56)
(119.57 57 58)
(119.57 60 60)
(120.01 48 53)
(120.01 55 57)
(120.01 58 59)
(120.01 64 63)
(120.01 69 65)
(120.44 53 56)
(120.44 57 58)
(120.44 60 60)
(120.44 65 63)
(120.44 72 67)
(121.32 65 63)
(121.32 77 70)
(121.75 66 64)
(121.75 78 71)
(122.4 61 61)
(122.4 73 68)
(122.62 76 70)
(122.63 64 63)
(122.83 60 60)
(122.83 72 67)
(123.05 58 59)
(123.05 70 66)
(123.48 58 59)
(123.48 70 66)
(123.93 65 63)
(123.93 77 70)
(124.14 68 65)
(124.14 80 72)
(124.36 66 64)
(124.36 78 71)
(124.8 66 64)
(124.8 78 71)
(125.01 61 61)
(125.01 73 68)
(125.23 76 70)
(125.24 64 63)
(125.44 60 60)
(125.44 72 67)
(125.65 70 66)
(125.66 58 59)
(126.53 36 46)
(126.53 48 53)
(126.53 55 57)
(126.53 58 59)
(126.53 64 63)
(126.53 72 67)
(126.96 51 55)
(126.96 53 56)
(126.96 57 58)
(126.96 60 60)
(126.96 69 65)
(127.4 53 56)
(127.4 57 58)
(127.4 60 60)
(127.83 48 53)
(127.83 55 57)
(127.83 60 60)
(127.83 64 63)
(127.83 72 67)
(128.05 58 59)
(128.05 70 66)
(128.26 53 56)
(128.26 57 58)
(128.27 60 60)
(128.27 69 65)
(128.7 53 56)
(128.7 57 58)
(128.7 60 60)
(129.14 48 53)
(129.14 55 57)
(129.14 58 59)
(129.14 64 63)
(129.14 70 66)
(129.14 72 67)
(129.57 53 56)
(129.57 57 58)
(129.57 60 60)
(129.57 69 65)
(130.01 53 56)
(130.01 57 58)
(130.01 60 60)
(130.45 48 53)
(130.45 55 57)
(130.45 58 59)
(130.45 64 63)
(130.45 69 65)
(130.87 53 56)
(130.87 57 58)
(130.87 72 67)
(130.88 60 60)
(130.88 65 63)
(131.31 65 63)
(131.75 42 50)
(131.9 66 64)
(132.03 65 63)
(132.18 51 55)
(132.18 58 59)
(132.18 63 62)
(132.4 51 55)
(132.4 58 59)
(132.4 65 63)
(132.62 39 48)
(132.62 51 55)
(132.62 58 59)
(132.62 66 64)
(132.85 58 59)
(132.85 68 65)
(132.85 80 72)
(133.05 42 50)
(133.05 72 67)
(133.48 39 48)
(133.48 51 55)
(133.48 58 59)
(133.48 70 66)
(133.92 39 48)
(133.92 51 55)
(133.92 58 59)
(134.36 44 51)
(134.36 56 58)
(134.36 68 65)
(134.69 66 64)
(134.79 51 55)
(134.79 60 60)
(134.79 72 67)
(134.95 68 65)
(134.95 80 72)
(135.09 66 64)
(135.22 51 55)
(135.22 60 60)
(135.22 65 63)
(135.22 72 67)
(135.45 60 60)
(135.45 63 62)
(135.66 37 47)
(135.66 49 54)
(135.66 65 63)
(136.09 53 56)
(136.09 56 58)
(136.09 61 61)
(136.09 68 65)
(136.09 73 68)
(136.53 44 51)
(136.53 53 56)
(136.53 56 58)
(136.53 68 65)
(136.96 42 50)
(137.12 66 64)
(137.25 65 63)
(137.4 51 55)
(137.4 57 58)
(137.4 63 62)
(137.62 65 63)
(137.83 57 58)
(137.83 66 64)
(137.84 51 55)
(138.07 68 65)
(138.26 71 67)
(138.27 42 50)
(138.7 51 55)
(138.7 69 65)
(138.7 73 68)
(139.14 51 55)
(139.14 61 61)
(139.14 70 66)
(139.58 44 51)
(139.58 56 58)
(139.58 68 65)
(139.91 66 64)
(140.01 44 51)
(140.01 51 55)
(140.01 54 57)
(140.01 60 60)
(140.01 72 67)
(140.17 68 65)
(140.17 80 72)
(140.31 66 64)
(140.45 54 57)
(140.45 60 60)
(140.45 64 63)
(140.45 76 70)
(140.67 54 57)
(140.67 60 60)
(140.67 63 62)
(140.67 72 67)
(140.89 37 47)
(140.89 49 54)
(140.89 64 63)
(141.31 52 56)
(141.31 56 58)
(141.31 61 61)
(141.31 64 63)
(141.31 73 68)
(141.75 52 56)
(141.75 56 58)
(142.2 68 65)
(142.33 69 65)
(142.49 68 65)
(142.62 54 57)
(142.62 61 61)
(142.62 64 63)
(142.62 73 68)
(142.85 68 65)
(143.05 69 65)
(143.05 73 68)
(143.06 61 61)
(143.06 64 63)
(143.27 71 67)
(143.49 75 69)
(143.51 45 51)
(143.51 57 58)
(143.92 54 57)
(143.92 61 61)
(143.92 73 68)
(143.93 64 63)
(144.37 54 57)
(144.37 61 61)
(144.37 64 63)
(144.78 47 53)
(144.78 59 60)
(145.12 69 65)
(145.23 54 57)
(145.23 57 58)
(145.23 63 62)
(145.36 71 67)
(145.36 83 74)
(145.51 57 58)
(145.52 69 65)
(145.66 54 57)
(145.66 57 58)
(145.66 63 62)
(145.66 68 65)
(145.66 80 72)
(145.89 66 64)
(146.1 40 49)
(146.1 68 65)
(146.53 59 60)
(146.53 64 63)
(146.53 68 65)
(146.53 76 70)
(146.96 56 58)
(146.96 59 60)
(146.96 68 65)
(146.96 71 67)
(147.41 42 50)
(147.41 64 63)
(147.55 66 64)
(147.71 64 63)
(147.83 51 55)
(147.83 57 58)
(147.83 63 62)
(148.07 64 63)
(148.27 51 55)
(148.27 57 58)
(148.27 66 64)
(148.5 68 65)
(148.7 42 50)
(148.7 71 67)
(149.14 51 55)
(149.14 61 61)
(149.14 73 68)
(149.57 51 55)
(149.57 69 65)
(150.01 56 58)
(150.01 68 65)
(150.02 44 51)
(150.34 66 64)
(150.44 51 55)
(150.44 60 60)
(150.44 66 64)
(150.44 72 67)
(150.61 68 65)
(150.61 80 72)
(150.74 66 64)
(150.87 51 55)
(150.87 60 60)
(150.87 65 63)
(150.87 72 67)
(151.1 63 62)
(151.31 44 51)
(151.31 70 66)
(151.74 54 57)
(151.75 51 55)
(151.75 60 60)
(152.18 72 67)
(152.19 51 55)
(152.19 60 60)
(152.19 66 64)
(152.19 68 65)
(152.61 44 51)
(152.61 65 63)
(152.77 66 64)
(152.9 65 63)
(153.05 51 55)
(153.05 54 57)
(153.05 60 60)
(153.05 63 62)
(153.05 75 69)
(153.27 51 55)
(153.27 65 63)
(153.27 77 70)
(153.49 51 55)
(153.49 54 57)
(153.49 60 60)
(153.49 66 64)
(153.72 68 65)
(153.72 80 72)
(153.92 44 51)
(153.92 72 67)
(154.35 51 55)
(154.35 54 57)
(154.35 60 60)
(154.35 70 66)
(154.79 51 55)
(154.79 54 57)
(154.79 60 60)
(155.23 44 51)
(155.23 56 58)
(155.23 68 65)
(155.56 66 64)
(155.66 51 55)
(155.66 54 57)
(155.66 60 60)
(155.82 80 72)
(155.83 68 65)
(155.96 66 64)
(156.1 51 55)
(156.1 60 60)
(156.1 65 63)
(156.32 60 60)
(156.32 63 62)
(156.32 72 67)
(156.53 37 47)
(156.53 49 54)
(156.53 65 63)
(156.96 53 56)
(156.96 56 58)
(156.96 61 61)
(156.96 68 65)
(156.96 73 68)
(157.4 44 51)
(157.4 53 56)
(157.4 56 58)
(157.4 68 65)
(157.83 42 50)
(157.99 66 64)
(158.12 65 63)
(158.27 51 55)
(158.27 57 58)
(158.27 63 62)
(158.49 65 63)
(158.7 57 58)
(158.7 66 64)
(158.71 51 55)
(158.94 68 65)
(159.13 71 67)
(159.14 42 50)
(159.57 51 55)
(159.57 69 65)
(159.57 73 68)
(160.01 51 55)
(160.01 61 61)
(160.01 70 66)
(160.45 44 51)
(160.45 56 58)
(160.45 68 65)
(160.78 66 64)
(160.87 51 55)
(160.87 54 57)
(160.88 44 51)
(160.88 60 60)
(160.88 72 67)
(161.04 68 65)
(161.04 80 72)
(161.18 66 64)
(161.32 54 57)
(161.32 60 60)
(161.32 64 63)
(161.32 76 70)
(161.54 54 57)
(161.54 60 60)
(161.54 63 62)
(161.54 72 67)
(161.76 37 47)
(161.76 49 54)
(161.76 64 63)
(162.18 52 56)
(162.18 56 58)
(162.18 61 61)
(162.18 64 63)
(162.18 73 68)
(162.62 52 56)
(162.62 56 58)
(163.07 68 65)
(163.2 69 65)
(163.36 68 65)
(163.49 54 57)
(163.49 61 61)
(163.49 64 63)
(163.72 68 65)
(163.92 61 61)
(163.92 69 65)
(164.14 71 67)
(164.36 75 69)
(164.38 45 51)
(164.38 57 58)
(164.79 54 57)
(164.79 61 61)
(164.79 73 68)
(164.8 64 63)
(165.23 54 57)
(165.23 61 61)
(165.24 64 63)
(165.65 47 53)
(165.65 59 60)
(165.65 71 67)
(165.99 57 58)
(165.99 69 65)
(166.1 54 57)
(166.1 57 58)
(166.1 63 62)
(166.23 71 67)
(166.23 83 74)
(166.38 57 58)
(166.39 69 65)
(166.53 54 57)
(166.53 57 58)
(166.53 63 62)
(166.53 68 65)
(166.53 80 72)
(166.76 66 64)
(166.97 40 49)
(166.97 68 65)
(167.39 76 70)
(167.4 59 60)
(167.4 64 63)
(167.4 68 65)
(167.83 56 58)
(167.83 59 60)
(167.83 68 65)
(167.83 71 67)
(168.28 42 50)
(168.28 64 63)
(168.7 51 55)
(168.7 57 58)
(168.7 63 62)
(168.94 64 63)
(169.14 51 55)
(169.14 57 58)
(169.14 66 64)
(169.37 68 65)
(169.57 42 50)
(169.57 71 67)
(170.01 51 55)
(170.01 61 61)
(170.01 73 68)
(170.44 51 55)
(170.44 69 65)
(170.88 44 51)
(170.88 56 58)
(170.88 68 65)
(171.21 66 64)
(171.31 44 51)
(171.31 51 55)
(171.31 54 57)
(171.31 60 60)
(171.48 68 65)
(171.48 80 72)
(171.61 66 64)
(171.74 65 63)
(171.74 77 70)
(171.97 60 60)
(171.97 63 62)
(171.97 75 69)
(172.18 44 51)
(172.18 56 58)
(172.18 68 65)
(172.51 66 64)
(172.51 70 66)
(172.61 51 55)
(172.61 54 57)
(172.61 60 60)
(172.76 72 67)
(172.91 70 66)
(173.06 65 63)
(173.06 68 65)
(173.28 63 62)
(173.28 66 64)
(173.49 44 51)
(173.49 56 58)
(173.82 66 64)
(173.82 75 69)
(173.92 44 51)
(173.92 54 57)
(173.92 60 60)
(174.07 77 70)
(174.21 75 69)
(174.35 65 63)
(174.35 73 68)
(174.57 63 62)
(174.57 72 67)
(174.79 44 51)
(174.79 56 58)
(175.12 69 65)
(175.12 78 71)
(175.23 51 55)
(175.23 63 62)
(175.23 66 64)
(175.23 69 65)
(175.23 72 67)
(175.23 78 71)
(175.37 80 72)
(175.52 78 71)
(175.67 68 65)
(175.67 77 70)
(175.88 66 64)
(175.88 75 69)
(176.1 44 51)
(176.47 78 71)
(176.53 51 55)
(176.53 60 60)
(176.53 66 64)
(176.53 69 65)
(176.92 78 71)
(176.96 69 65)
(177.35 78 71)
(177.4 69 65)
(177.78 78 71)
(177.83 69 65)
(177.83 78 71)
(178.22 46 52)
(178.22 78 71)
(178.29 68 65)
(178.66 77 70)
(178.7 67 64)
(179.08 76 70)
(179.15 66 64)
(179.52 75 69)
(179.57 65 63)
(179.95 74 68)
(180.02 76 70)
(180.03 64 63)
(180.38 73 68)
(180.45 63 62)
(180.45 67 64)
(180.82 73 68)
(180.88 63 62)
(180.88 67 64)
(181.25 73 68)
(181.31 41 49)
(181.31 42 50)
(181.32 63 62)
(181.75 41 49)
(181.75 53 56)
(181.75 60 60)
(181.75 63 62)
(181.75 72 67)
(181.97 66 64)
(181.97 69 65)
(182.18 45 51)
(182.18 53 56)
(182.18 65 63)
(182.18 72 67)
(182.18 73 68)
(182.18 77 70)
(182.4 60 60)
(182.4 63 62)
(182.4 69 65)
(182.62 34 45)
(182.62 46 52)
(182.62 69 65)
(182.94 61 61)
(182.94 70 66)
(183.05 46 52)
(183.05 53 56)
(183.05 58 59)
(183.49 51 55)
(183.49 61 61)
(183.49 67 64)
(183.49 70 66)
(183.93 44 51)
(183.93 56 58)
(183.93 68 65)
(183.93 77 70)
(184.36 66 64)
(184.57 69 65)
(184.57 72 67)
(184.8 66 64)
(184.8 68 65)
(184.8 77 70)
(185.01 66 64)
(185.01 72 67)
(185.22 49 54)
(185.22 66 64)
(185.22 72 67)
(185.55 65 63)
(185.55 73 68)
(185.66 56 58)
(185.66 61 61)
(185.66 73 68)
(186.09 55 57)
(186.09 65 63)
(186.09 71 67)
(186.53 48 53)
(186.53 72 67)
(186.53 80 72)
(186.96 60 60)
(186.96 70 66)
(187.18 73 68)
(187.18 76 70)
(187.4 60 60)
(187.4 70 66)
(187.4 80 72)
(187.62 70 66)
(187.62 76 70)
(187.83 53 56)
(187.83 65 63)
(187.83 70 66)
(188.16 69 65)
(188.16 77 70)
(188.27 60 60)
(188.27 65 63)
(188.27 69 65)
(188.27 72 67)
(188.27 77 70)
(188.71 60 60)
(188.71 69 65)
(188.71 72 67)
(188.71 77 70)
(188.71 81 72)
(189.14 41 49)
(189.46 78 71)
(189.46 84 74)
(189.46 90 78)
(189.57 60 60)
(189.57 63 62)
(189.57 69 65)
(189.57 78 71)
(190.01 63 62)
(190.01 66 64)
(190.01 69 65)
(190.01 72 67)
(190.01 75 69)
(190.44 46 52)
(190.44 68 65)
(190.44 72 67)
(190.87 61 61)
(190.87 65 63)
(190.87 73 68)
(190.88 53 56)
(191.09 70 66)
(191.31 53 56)
(191.31 61 61)
(191.31 65 63)
(191.31 70 66)
(191.47 68 65)
(191.61 66 64)
(191.74 46 52)
(191.74 73 68)
(191.74 77 70)
(191.98 66 64)
(192.18 53 56)
(192.18 63 62)
(192.18 65 63)
(192.18 75 69)
(192.4 66 64)
(192.4 69 65)
(192.61 45 51)
(192.61 53 56)
(192.61 63 62)
(192.61 65 63)
(192.61 73 68)
(192.84 63 62)
(192.84 69 65)
(193.05 34 45)
(193.05 46 52)
(193.05 69 65)
(193.37 61 61)
(193.37 70 66)
(193.37 73 68)
(193.49 34 45)
(193.49 46 52)
(193.49 53 56)
(193.49 58 59)
(193.49 70 66)
(193.92 51 55)
(193.92 61 61)
(193.92 67 64)
(193.92 70 66)
(194.07 72 67)
(194.21 70 66)
(194.36 44 51)
(194.36 56 58)
(194.36 68 65)
(194.36 77 70)
(194.57 69 65)
(194.79 60 60)
(194.79 66 64)
(194.79 72 67)
(194.8 68 65)
(195.01 69 65)
(195.01 72 67)
(195.01 81 72)
(195.23 66 64)
(195.23 68 65)
(195.23 72 67)
(195.23 77 70)
(195.44 66 64)
(195.44 72 67)
(195.66 49 54)
(195.66 66 64)
(195.66 72 67)
(195.98 65 63)
(195.98 73 68)
(196.09 56 58)
(196.09 61 61)
(196.09 73 68)
(196.53 55 57)
(196.53 65 63)
(196.53 71 67)
(196.53 73 68)
(196.68 75 69)
(196.82 73 68)
(196.96 48 53)
(196.96 72 67)
(196.96 80 72)
(197.18 73 68)
(197.4 60 60)
(197.4 67 64)
(197.4 70 66)
(197.4 72 67)
(197.61 73 68)
(197.61 76 70)
(197.83 60 60)
(197.83 72 67)
(197.83 80 72)
(197.84 70 66)
(198.05 70 66)
(198.05 76 70)
(198.27 53 56)
(198.27 65 63)
(198.27 70 66)
(198.6 69 65)
(198.6 77 70)
(198.7 65 63)
(198.7 69 65)
(198.7 72 67)
(198.71 60 60)
(198.71 77 70)
(199.14 53 56)
(199.14 60 60)
(199.14 69 65)
(199.14 77 70)
(199.57 41 49)
(199.57 68 65)
(199.57 80 72)
(199.57 92 79)
(199.9 78 71)
(199.9 90 78)
(200.01 60 60)
(200.01 63 62)
(200.01 69 65)
(200.01 78 71)
(200.44 53 56)
(200.44 60 60)
(200.44 63 62)
(200.44 69 65)
(200.88 46 52)
(200.88 58 59)
(200.88 70 66)
(201.31 53 56)
(201.31 61 61)
(201.31 65 63)
(201.31 73 68)
(201.74 61 61)
(201.74 65 63)
(201.75 53 56)
(202.19 46 52)
(202.51 72 67)
(202.62 54 57)
(202.62 58 59)
(202.62 63 62)
(202.62 72 67)
(203.05 54 57)
(203.05 58 59)
(203.05 60 60)
(203.05 63 62)
(203.05 66 64)
(203.05 72 67)
(203.48 46 52)
(203.48 72 67)
(203.7 73 68)
(203.92 55 57)
(203.92 58 59)
(203.92 64 63)
(203.92 73 68)
(204.36 46 52)
(204.36 55 57)
(204.36 58 59)
(204.36 64 63)
(204.79 46 52)
(205.12 72 67)
(205.22 55 57)
(205.22 64 63)
(205.23 60 60)
(205.66 55 57)
(205.66 60 60)
(205.66 64 63)
(205.66 72 67)
(205.88 70 66)
(206.1 46 52)
(206.1 70 66)
(206.32 66 64)
(206.54 54 57)
(206.54 61 61)
(206.54 64 63)
(206.97 54 57)
(206.97 61 61)
(206.97 64 63)
(207.4 46 52)
(207.4 72 67)
(207.62 70 66)
(207.83 54 57)
(207.83 60 60)
(207.83 63 62)
(207.83 70 66)
(207.83 75 69)
(208.27 54 57)
(208.27 60 60)
(208.27 63 62)
(208.5 66 64)
(208.71 46 52)
(208.92 65 63)
(208.92 77 70)
(209.13 53 56)
(209.13 61 61)
(209.13 65 63)
(209.13 73 68)
(209.57 53 56)
(209.57 61 61)
(209.57 65 63)
(209.57 73 68)
(210.01 46 52)
(210.01 58 59)
(210.01 68 65)
(210.01 72 67)
(210.23 70 66)
(210.44 54 57)
(210.44 58 59)
(210.44 60 60)
(210.44 70 66)
(210.88 46 52)
(210.88 58 59)
(210.88 60 60)
(210.88 66 64)
(210.88 70 66)
(210.88 72 67)
(211.1 58 59)
(211.1 63 62)
(211.1 72 67)
(211.1 75 69)
(211.32 46 52)
(211.32 63 62)
(211.53 61 61)
(211.75 53 56)
(211.75 58 59)
(211.75 70 66)
(212.18 46 52)
(212.18 53 56)
(212.18 58 59)
(212.18 70 66)
(212.62 46 52)
(212.62 58 59)
(212.62 70 66)
(212.94 72 67)
(213.05 54 57)
(213.05 58 59)
(213.05 63 62)
(213.05 72 67)
(213.49 54 57)
(213.49 58 59)
(213.49 60 60)
(213.49 63 62)
(213.49 66 64)
(213.49 72 67)
(213.92 46 52)
(213.92 72 67)
(214.13 73 68)
(214.35 73 68)
(214.35 76 70)
(214.36 55 57)
(214.36 58 59)
(214.36 64 63)
(214.79 46 52)
(214.79 55 57)
(214.79 58 59)
(214.79 64 63)
(215.23 46 52)
(215.55 72 67)
(215.66 55 57)
(215.66 60 60)
(215.66 64 63)
(216.09 55 57)
(216.09 64 63)
(216.09 72 67)
(216.1 60 60)
(216.31 70 66)
(216.53 46 52)
(216.53 70 66)
(216.76 66 64)
(216.97 54 57)
(216.97 61 61)
(216.97 64 63)
(217.41 54 57)
(217.41 61 61)
(217.41 64 63)
(217.83 46 52)
(217.83 72 67)
(218.05 70 66)
(218.27 54 57)
(218.27 63 62)
(218.27 70 66)
(218.27 75 69)
(218.71 54 57)
(218.71 63 62)
(218.71 66 64)
(218.93 66 64)
(219.14 46 52)
(219.35 65 63)
(219.35 77 70)
(219.57 53 56)
(219.57 62 61)
(219.57 65 63)
(220.01 53 56)
(220.01 62 61)
(220.01 65 63)
(220.45 46 52)
(220.88 45 51)
(220.88 53 56)
(220.88 57 58)
(220.88 60 60)
(220.88 72 67)
(221.31 45 51)
(221.31 53 56)
(221.31 57 58)
(221.31 60 60)
(221.31 72 67)
(221.75 34 45)
(221.75 46 52)
(222.18 53 56)
(222.18 58 59)
(222.18 62 61)
(222.62 46 52)
(222.62 53 56)
(222.62 58 59)
(222.62 62 61)
(223.05 34 45)
(223.05 46 52)
(223.27 72 67)
(223.48 74 68)
(223.49 53 56)
(223.49 57 58)
(223.49 63 62)
(223.92 53 56)
(223.92 57 58)
(223.92 63 62)
(224.14 72 67)
(224.36 53 56)
(224.36 57 58)
(224.36 63 62)
(224.36 77 70)
(224.57 72 67)
(224.79 53 56)
(224.79 57 58)
(224.79 63 62)
(224.79 74 68)
(225.23 53 56)
(225.23 57 58)
(225.23 63 62)
(225.44 72 67)
(225.66 34 45)
(225.66 46 52)
(225.66 72 67)
(225.88 70 66)
(226.1 54 57)
(226.1 58 59)
(226.1 63 62)
(226.53 58 59)
(226.53 63 62)
(226.53 66 64)
(226.76 66 64)
(226.96 46 52)
(227.18 65 63)
(227.18 77 70)
(227.4 53 56)
(227.4 58 59)
(227.4 62 61)
(227.84 46 52)
(227.84 53 56)
(227.84 58 59)
(227.84 62 61)
(228.27 34 45)
(228.27 46 52)
(228.49 72 67)
(228.7 53 56)
(228.7 57 58)
(228.7 63 62)
(228.7 74 68)
(229.14 53 56)
(229.14 57 58)
(229.14 63 62)
(229.36 72 67)
(229.58 53 56)
(229.58 57 58)
(229.58 63 62)
(229.58 77 70)
(229.79 72 67)
(230.01 53 56)
(230.01 57 58)
(230.01 63 62)
(230.01 74 68)
(230.44 53 56)
(230.44 57 58)
(230.45 63 62)
(230.66 72 67)
(230.88 34 45)
(230.88 46 52)
(230.88 72 67)
(231.1 70 66)
(231.31 54 57)
(231.31 61 61)
(231.31 64 63)
(231.31 70 66)
(231.31 73 68)
(231.31 76 70)
(231.75 61 61)
(231.76 64 63)
(231.97 66 64)
(232.19 61 61)
(232.2 64 63)
(232.62 61 61)
(232.63 54 57)
(232.63 64 63)
(233.06 61 61)
(233.06 64 63)
(233.49 46 52)
(233.49 66 64)
(233.7 65 63)
(233.7 77 70)
(233.92 53 56)
(233.92 62 61)
(234.36 53 56)
(234.36 62 61)
(234.36 65 63)
(234.8 53 56)
(234.8 62 61)
(234.8 65 63)
(235.23 53 56)
(235.23 62 61)
(235.23 65 63)
(235.66 65 63)
(235.67 53 56)
(235.67 62 61)
(236.1 41 49)
(236.53 53 56)
(236.53 57 58)
(236.53 72 67)
(236.53 79 71)
(236.96 45 51)
(236.96 53 56)
(236.96 57 58)
(236.96 60 60)
(236.96 72 67)
(237.4 38 47)
(237.4 50 54)
(237.4 65 63)
(237.83 57 58)
(237.83 62 61)
(237.84 53 56)
(238.27 53 56)
(238.27 57 58)
(238.72 34 45)
(238.72 46 52)
(239.14 50 54)
(239.14 58 59)
(239.57 58 59)
(239.58 46 52)
(239.58 50 54)
(239.58 62 61)
(240.01 46 52)
(240.01 50 54)
(240.01 58 59)
(240.01 62 61)
(240.44 46 52)
(240.44 50 54)
(240.44 58 59)
(240.45 62 61)
(240.88 46 52)
(240.88 50 54)
(240.88 58 59)
(240.88 62 61)
(241.31 72 67)
(241.53 70 66)
(241.75 70 66)
(242.41 66 64)
(242.63 66 64)
(242.83 65 63)
(243.05 65 63)
