(-1 53 56 1 1)
(-1 65 63 1 1)
(-1 71 66 1 0)
(-1 74 68 1 0)
(-1 80 72 1 0)
(0 52 55 1 1)
(0 64 62 1 1)
(0 72 67 1 0)
(0 76 69 1 0)
(0 79 71 1 0)
(1 51 55 1 1)
(1 63 62 1 1)
(1 69 65 1 0)
(1 72 67 1 0)
(1 78 71 1 0)
(2 50 54 1 1)
(2 62 61 1 1)
(2 70 66 1 0)
(2 74 68 1 0)
(2 77 70 1 0)
(3 43 50 1 1)
(3 55 57 1 1)
(3 67 64 1 0)
(3 70 66 1 0)
(3 76 69 1 0)
(4 45 51 1 1)
(4 57 58 1 1)
(4 66 64 1 0)
(4 72 67 1 0)
(4 75 69 1 0)
(5 46 52 1 1)
(5 58 59 1 1)
(5 65 63 1 0)
(5 70 66 1 0)
(5 74 68 1 0)
(6 51 55 2 1)
(7 72 67 1 0)
(8 52 55 1 1)
(8 73 68 1 0)
(9 53 56 1 1)
(9 70 66 1/2 0)
(19/2 69 65 1/2 0)
(10 51 55 1 1)
(10 67 64 1/2 0)
(21/2 65 63 1/2 0)
(11 50 54 1 1)
(11 70 66 1 0)
(12 57 58 1 1)
(12 72 67 1 0)
(12 75 69 1 0)
(13 58 59 1 1)
(13 70 66 3/4 0)
(13 74 68 3/4 0)
(55/4 69 65 1/4 0)
(55/4 72 67 1/4 0)
(14 52 55 1 1)
(14 70 66 3/4 0)
(14 74 68 3/4 0)
(59/4 72 67 1/4 0)
(59/4 75 69 1/4 0)
(15 53 56 2 1)
(15 70 66 1 0)
(15 74 68 1 0)
(16 69 65 1 0)
(16 72 67 1 0)
(17 62 61 3/4 1)
(71/4 63 62 1/4 1)
(18 60 60 1/2 1)
(37/2 58 59 1/2 1)
(19 58 59 1 1)
(19 74 68 1 0)
(19 77 70 1 0)
(20 58 59 1 1)
(20 74 68 1 0)
(20 77 70 1 0)
(21 57 58 1 1)
(21 75 69 1 0)
(21 77 70 1 0)
(23 63 62 3/4 1)
(95/4 65 63 1/4 1)
(24 62 61 1/2 1)
(49/2 60 60 1/2 1)
(25 60 60 1 1)
(25 81 72 1 0)
(25 87 76 1 0)
(26 60 60 1 1)
(26 81 72 1 0)
(26 87 76 1 0)
(27 58 59 1 1)
(27 82 73 1 0)
(27 86 75 1 0)
(29 58 59 3/4 1)
(29 74 68 3/4 0)
(119/4 60 60 1/4 1)
(119/4 75 69 1/4 0)
(30 53 56 7 1)
(30 62 61 1/2 1)
(30 77 70 1/2 0)
(61/2 63 62 1/2 1)
(61/2 79 71 1/2 0)
(31 60 60 1/2 1)
(31 75 69 1/2 0)
(63/2 57 58 1/2 1)
(63/2 72 67 1/2 0)
(32 58 59 1/2 1)
(32 74 68 1/2 0)
(65/2 60 60 1/2 1)
(65/2 75 69 1/2 0)
(33 62 61 1/2 1)
(33 77 70 1/2 0)
(67/2 63 62 1/2 1)
(67/2 79 71 1/2 0)
(34 60 60 1/2 1)
(34 75 69 1/2 0)
(69/2 57 58 1/2 1)
(69/2 72 67 1/2 0)
(35 58 59 1/2 1)
(35 74 68 1/2 0)
(71/2 60 60 1/2 1)
(71/2 75 69 1/2 0)
(36 62 61 1 1)
(36 77 70 1/2 0)
(73/2 87 76 1/2 0)
(37 86 75 1/2 0)
(75/2 84 74 1/2 0)
(38 82 73 1/2 0)
(77/2 81 72 1/2 0)
(39 79 71 1/2 0)
(79/2 77 70 1/2 0)
(40 76 69 1/2 0)
(81/2 75 69 1/2 0)
(41 74 68 1/2 0)
(83/2 72 67 1/2 0)
(42 77 70 3/4 0)
(171/4 79 71 1/4 0)
(43 53 56 1 1)
(43 62 61 1 1)
(43 65 63 1 0)
(43 70 66 1 0)
(44 53 56 1 1)
(44 60 60 1 1)
(44 63 62 1 0)
(44 69 65 1 0)
(45 58 59 1 1)
(45 62 61 1 0)
(45 70 66 1 0)
(46 46 52 1 1)
(47 75 69 3/4 0)
(47 79 71 3/4 0)
(191/4 74 68 1/4 0)
(191/4 77 70 1/4 0)
(48 74 68 1 0)
(48 77 70 1 0)
(49 70 66 1 1)
(50 75 69 3/4 0)
(50 81 72 3/4 0)
(203/4 74 68 1/4 0)
(203/4 82 73 1/4 0)
(51 74 68 1 0)
(51 82 73 1 0)
(52 58 59 1 1)
(53 55 57 1 1)
(53 74 68 3/4 0)
(215/4 70 66 1/4 0)
(54 51 55 1 1)
(54 67 64 2 0)
(54 75 69 2 0)
(55 48 53 1 1)
(56 53 56 1 1)
(56 63 62 1 0)
(56 72 67 3/4 0)
(227/4 69 65 1/4 0)
(57 58 59 1 1)
(57 62 61 1 0)
(57 70 66 1 0)
(58 46 52 1 1)
