0.03
0.58
1.13
1.65
2.17
2.72
3.25
3.79
4.27
4.63
4.99
5.31
5.66
5.98
6.28
6.61
7.01
7.36
7.91
8.28
8.62
8.97
9.27
10.1
10.53
10.97
11.45
13.25
13.52
13.98
14.24
16.73
17.4
17.78
18.08
18.81
19.31
19.61
19.87
20.15
20.45
20.75
21.04
21.31
21.59
22.03
22.49
22.8
23.31
23.67
24.06
27.04
27.34
36.43
39.88
40.74
41.09
42.07
43.07
46.26
48.0
48.29
62.89
65.56
68.97
71.02
71.53
71.79
73.25
74.28
76.57
76.92
77.6
78.11
78.37
78.63
78.96
83.91
85.89
87.14
87.4
87.91
90.41
90.71
91.21
95.22
96.14
96.4
97.16
97.42
98.42
98.68
99.71
100.22
101.33
106.59
107.35
109.05
109.55
110.55
111.08
111.36
113.3
114.77
117.53
120.05
122.46
123.37
123.77
124.22
124.85
125.51
125.95
126.57
126.99
127.41
127.82
128.26
129.0
131.49
132.5
134.7
135.02
139.21
142.29
142.95
143.37
145.11
146.84
147.43
149.68
156.12
156.48
156.83
157.23
158.26
158.52
159.86
160.88
161.39
161.65
161.91
162.17
162.43
162.95
163.61
164.38
165.87
166.13
173.03
176.16
183.24
183.75
185.8
186.06
187.3
193.17
193.92
194.5
200.12
200.94
201.23
201.53
201.85
202.15
202.43
206.55
211.39
215.1
221.37
221.71
222.0
224.09
225.43
226.16
228.49
232.17
232.91
237.07
244.4
245.41
245.69
246.18
246.7
246.96
247.23
247.5
247.76
248.28
248.55
248.83
249.09
249.36
249.66
249.94
250.21
250.49
250.99
251.26
251.57
251.84
252.52
253.07
253.37
253.82
254.22
254.94
256.17
256.5
257.11
257.77
258.09
258.6
258.87
259.35
259.64
259.95
260.21
260.48
260.76
261.04
261.53
261.8
262.06
262.6
262.99
263.27
263.54
263.82
264.1
264.37
264.89
265.25
265.56
265.99
266.28
266.57
266.84
267.14
267.44
267.98
268.31
268.62
268.91
269.22
269.52
269.81
270.11
270.39
270.73
270.99
271.34
271.89
272.18
272.47
273.2
274.1
274.52
274.79
275.31
275.79
276.19
276.61
277.06
277.48
277.83
278.43
279.01
279.41
279.83
280.23
280.72
282.99
283.56
283.83
284.09
284.38
284.66
284.92
285.19
285.47
285.82
286.11
286.4
286.69
286.98
287.27
287.55
287.83
288.5
288.81
289.07
290.08
290.34
290.85
291.22
292.39
292.65
292.93
294.16
294.42
295.15
297.49
297.76
298.66
299.32
299.87
300.29
301.05
301.51
303.98
304.42
304.94
305.41
306.11
306.53
306.97
307.43
307.76
308.06
