0.580
1.220
1.880
2.580
3.260
3.940
4.640
5.300
6.000
6.680
7.360
8.040
8.660
9.240
9.740
10.220
10.700
11.160
11.620
12.040
12.440
12.880
13.280
13.720
14.160
14.580
15.040
15.520
15.960
16.440
16.920
17.440
17.980
18.520
19.040
19.600
20.160
20.720
21.260
21.800
22.320
22.840
23.360
23.860
24.360
24.880
25.380
25.880
26.480
27.120
27.800
28.500
29.100
29.700
30.320
30.900
31.500
32.120
32.700
33.300
33.940
34.560
35.180
35.800
36.380
36.980
37.600
38.180
38.840
39.520
40.200
40.900
41.580
42.180
42.780
43.400
43.960
44.540
45.100
45.660
46.220
46.800
47.360
47.920
48.500
49.060
49.620
50.200
50.780
51.380
52.000
52.580
53.160
53.720
54.280
54.840
55.420
55.980
56.540
57.120
57.660
58.200
58.740
59.260
59.800
60.340
60.860
61.400
61.940
62.460
63.020
63.580
64.140
64.700
65.280
65.820
66.360
66.900
67.420
67.960
68.500
69.020
69.560
70.100
70.620
71.180
71.800
72.380
72.980
73.560
74.120
74.680
75.260
75.820
76.380
76.960
77.520
78.180
78.880
79.560
80.240
80.940
81.680
82.420
83.160
83.880
84.620
85.380
86.100
86.840
87.580
88.280
88.960
89.660
90.320
91.020
91.680
92.320
93.000
93.700
94.440
95.180
95.880
96.520
97.160
97.820
98.460
99.140
99.840
100.560
101.300
102.060
102.720
103.420
104.060
104.620
105.180
105.760
106.300
106.840
107.380
107.940
108.500
109.080
109.620
110.200
110.760
111.320
111.840
112.320
112.800
113.280
113.760
114.200
114.640
115.100
115.520
115.960
116.400
116.820
117.280
117.740
118.200
118.660
119.120
119.580
120.060
120.560
121.020
121.500
122.000
122.460
122.920
123.380
123.800
124.240
124.680
125.120
125.540
125.980
126.380
126.800
127.220
127.640
128.040
128.480
128.880
129.320
129.760
130.180
130.620
131.060
131.480
131.880
132.300
132.680
133.080
133.480
133.860
134.240
134.640
135.000
135.380
135.780
136.160
136.540
136.940
137.300
137.700
138.080
138.460
138.840
139.220
139.580
139.960
140.340
140.700
141.060
141.460
141.820
142.200
142.600
142.980
143.360
143.760
144.120
144.520
144.900
145.280
145.660
146.060
146.460
146.860
147.300
147.720
148.140
148.580
149.000
149.440
149.880
150.320
150.740
151.160
151.580
152.000
152.420
152.820
153.240
153.680
154.080
154.500
154.920
155.340
155.740
156.180
156.580
157.000
157.420
157.840
158.260
158.680
159.080
159.520
160.060
160.580
161.120
161.660
162.200
162.760
163.340
163.900
164.460
165.040
165.600
166.160
166.720
167.240
167.780
168.320
168.840
169.380
169.920
170.440
170.980
171.520
172.040
172.580
173.140
173.700
174.260
174.840
175.380
175.900
176.460
176.980
177.540
178.120
178.680
179.240
179.820
180.380
180.940
181.480
182.000
182.540
183.040
183.520
184.000
184.480
184.920
185.380
185.860
186.300
186.760
187.260
187.720
188.200
188.700
189.180
189.700
190.200
190.700
191.200
191.720
192.220
192.720
193.240
193.740
194.240
194.760
195.320
195.920
196.540
197.120
197.720
198.340
198.920
199.520
200.140
200.720
201.320
201.900
202.460
203.020
203.580
204.100
204.640
205.180
205.700
206.240
206.780
207.300
207.840
208.380
208.880
209.380
209.900
210.400
210.900
211.400
211.880
212.320
212.760
213.180
213.620
214.060
214.500
214.920
215.340
215.740
216.160
216.600
217.000
217.440
217.880
218.320
218.800
219.300
219.840
220.360
220.900
221.440
221.960
222.480
222.980
223.480
224.000
224.480
224.960
225.440
225.920
226.400
226.880
227.320
227.780
228.240
228.700
229.160
229.620
230.060
230.520
231.000
231.440
231.920
232.400
232.880
233.360
233.860
234.360
234.860
235.380
235.880
236.380
236.880
237.340
237.820
238.320
238.760
239.220
239.700
240.140
240.600
241.060
241.520
241.960
242.440
242.900
243.380
243.880
244.360
244.860
245.480
246.060
246.680
247.320
247.960
248.600
249.240
249.820
250.420
251.040
251.620
252.220
252.800
253.360
253.920
254.500
255.060
255.620
256.200
256.740
257.260
257.800
258.340
258.860
259.400
259.940
260.500
261.080
261.640
262.260
262.920
263.600
264.320
265.060
265.800
266.500
267.180
267.860
268.540
269.240
269.880
270.520
271.180
271.800
272.420
273.040
273.620
274.220
274.840
275.420
276.020
276.640
277.220
277.820
278.440
279.020
279.620
280.240
280.820
281.460
282.160
282.880
283.620
284.380
285.240
286.120
287.000
287.740
288.480
289.220
289.940
290.640
291.340
292.020
292.680
293.320
293.900
294.500
295.120
295.700
296.300
296.920
297.500
298.100
298.720
299.300
299.900
300.520
301.100
301.700
302.320
302.900
303.500
304.120
304.700
305.300
305.920
306.500
307.100
307.720
