0.5833333000
1.1187500000
1.6729167000
2.2500000000
2.8666666000
3.3500000000
4.0104165000
4.6187500000
5.0833335000
5.6354165000
6.3020835000
6.9395833000
7.6895833000
8.5979170000
9.1708340000
9.7541670000
10.1875000000
10.6166670000
11.0833330000
11.6145830000
12.1083340000
12.4583330000
12.8916660000
13.3187500000
13.7604170000
14.2354160000
14.7541670000
15.2354160000
15.6041670000
15.9562500000
16.3666670000
16.9208340000
17.4375000000
17.9250000000
18.4583340000
19.0458340000
19.6937500000
20.3854160000
21.0395830000
21.5208340000
21.9666670000
22.3916660000
22.8250000000
23.3416670000
23.7916660000
24.1729160000
24.5604170000
24.9854160000
25.3729170000
25.8750000000
26.3458330000
26.8083320000
27.1083340000
27.5062500000
28.0000000000
28.5416660000
29.1041660000
29.6791670000
30.3125000000
30.8729170000
31.6291680000
32.5875000000
33.0000000000
33.4375000000
33.8666650000
34.2083320000
34.5416680000
34.9145850000
35.2291680000
35.5979160000
36.0729180000
36.5875000000
37.1083340000
37.7083320000
38.0812500000
38.4166680000
38.8041650000
39.1604160000
39.5062500000
39.8395840000
40.1875000000
40.5041660000
40.9208340000
41.4187500000
41.8750000000
42.4020840000
42.8333320000
43.2083320000
43.5541650000
43.9125000000
44.2770840000
44.6020850000
44.9166680000
45.2416650000
45.7708320000
46.3375000000
46.8750000000
47.3333320000
47.7458340000
48.1166650000
48.5020830000
48.9187500000
49.2770840000
49.5979160000
49.9875000000
50.3812500000
50.7416650000
51.1895830000
51.8895840000
53.0750000000
53.8958320000
54.5833320000
55.0000000000
55.4333340000
55.8958320000
56.4979170000
56.9854160000
57.4375000000
57.8333320000
58.2833330000
58.7604180000
59.2833330000
59.7500000000
60.2125000000
60.5333330000
60.9312500000
61.3854180000
61.9562500000
62.4854160000
62.9854160000
63.6166650000
64.1500000000
64.8750000000
65.4854200000
66.1520840000
66.6854200000
67.1541700000
67.5520860000
68.0000000000
68.4041700000
68.9750000000
69.4250000000
69.7791700000
70.1333300000
70.5000000000
70.9270860000
71.2958300000
71.7541660000
72.2062500000
72.5583340000
73.0041660000
73.5312500000
74.1187500000
74.6791700000
75.3083340000
75.7958300000
76.5479200000
77.4229200000
78.0062500000
78.4104160000
78.8395840000
79.2500000000
79.6479200000
79.9916700000
80.3666700000
80.7083360000
81.1562500000
81.5375000000
82.2479200000
82.8020860000
83.1875000000
83.5833360000
83.9416660000
84.2541660000
84.6166700000
85.0000000000
85.3750000000
85.7062500000
86.1583300000
86.6562500000
87.0416640000
87.4729160000
87.9520800000
88.2812500000
88.6583300000
89.0458300000
89.3562500000
89.6520840000
89.9916700000
90.3125000000
90.7833300000
91.2187500000
91.6541700000
92.3229140000
92.8208300000
93.2500000000
93.6708300000
94.0437500000
94.3937500000
94.7375000000
95.1750000000
95.5416640000
95.9562500000
96.4895860000
97.2500000000
98.3562500000
99.1395800000
99.8104200000
100.2708360000
100.6708300000
101.2187500000
101.7541660000
102.3333360000
102.7479200000
103.1458360000
103.5166700000
104.0250000000
104.5875000000
105.1708300000
105.5000000000
105.8916700000
106.3187500000
106.8583300000
107.3916700000
107.8395840000
108.4687500000
109.0687500000
109.6041640000
110.3104200000
111.0395800000
111.5687500000
112.0395800000
112.5000000000
112.8750000000
113.2479200000
113.6770860000
114.1750000000
114.6229200000
115.0208360000
115.4166640000
115.8020860000
116.1708300000
116.5562500000
117.0000000000
117.3229140000
117.6750000000
118.2437500000
118.7187500000
119.1708300000
119.8416700000
120.5041660000
121.2000000000
122.0479200000
122.6250000000
123.1875000000
123.7500000000
124.2250000000
124.6270800000
125.0416640000
125.5000000000
125.9458300000
126.3916700000
126.7916640000
127.2500000000
127.7000000000
128.2208400000
128.7125000000
129.1708400000
129.6166700000
130.1291700000
130.6166700000
131.0583300000
131.5437500000
132.0041700000
132.4687500000
133.1166700000
133.6354200000
134.3625000000
134.9854100000
135.5041700000
135.9916700000
136.3750000000
136.8187600000
137.4041600000
137.8666700000
138.3083300000
138.9375000000
139.4625000000
140.1354200000
140.8020800000
141.3937500000
141.9166700000
142.3854200000
142.9333300000
143.4020800000
143.8208300000
144.3416600000
144.8395800000
145.3729100000
146.0750000000
146.7541700000
147.2729200000
147.7083300000
148.0895800000
148.4687500000
148.8937500000
149.4020800000
149.8500000000
150.3187600000
150.7812500000
151.1583400000
151.6229100000
152.1354200000
152.8750000000
153.5000000000
153.9020800000
154.2916700000
154.8895900000
155.6062500000
156.1708400000
156.6520800000
157.1729100000
157.6812400000
158.1854100000
158.8604100000
159.4291700000
159.8958300000
160.2708300000
160.6208300000
161.0583300000
161.5583300000
161.9187500000
162.3520800000
162.7708300000
163.1666700000
163.5458400000
164.0333400000
164.7354100000
165.3729100000
165.8541700000
166.4208400000
166.9562500000
167.6250000000
168.3187600000
168.9416700000
169.4062500000
169.8562500000
170.5041700000
171.1916700000
171.9729200000
172.4583300000
172.9020800000
173.2083300000
173.6250000000
174.0833300000
174.5000000000
174.9187500000
175.3145900000
175.6916700000
176.1312600000
176.6166700000
177.0937500000
177.7187500000
178.1937600000
178.6354200000
179.2187500000
179.8187600000
180.3541700000
181.0000000000
181.4562500000
181.9166700000
182.4020800000
183.0000000000
183.5750000000
184.0520800000
184.3750000000
184.7000000000
185.1583400000
185.5687600000
185.9270800000
186.3333300000
186.7979100000
187.2583300000
187.6416600000
188.2541700000
189.1083400000
189.7916700000
190.3791700000
190.9375000000
191.4916700000
192.2208400000
193.0916600000
193.8187600000
194.3750000000
194.7500000000
195.2541700000
195.6250000000
195.9291700000
196.2875000000
196.7833400000
197.1666700000
197.5750000000
197.9500000000
198.2895800000
198.7000000000
199.0333400000
199.4562500000
199.8812600000
200.2437400000
200.6041700000
201.0312500000
201.3979200000
201.7916700000
202.6458300000
203.4020800000
204.7875000000
205.5750000000
206.3020800000
206.7500000000
207.2916700000
207.7916700000
208.5041700000
209.0333400000
209.5000000000
209.9125000000
210.3854200000
210.8375000000
211.4500000000
211.8854200000
212.3187600000
212.7187500000
213.1312600000
213.5687600000
214.1041700000
214.5625000000
215.1041700000
215.7750000000
216.3333300000
217.0666700000
217.8750000000
218.4916700000
219.0208300000
219.5000000000
220.0000000000
220.3854200000
220.7895800000
221.3916600000
221.7854200000
222.1479200000
222.6041700000
223.0395800000
223.3666700000
223.8083300000
224.1625000000
224.5416700000
224.9125000000
225.3437500000
225.9583300000
226.5000000000
227.2500000000
227.9729200000
228.6354200000
229.4583300000
230.2500000000
230.8541700000
231.5041700000
231.9916700000
232.4208400000
232.9791700000
233.3416600000
233.8208300000
234.4020800000
234.9020800000
235.2833400000
235.8958300000
236.4208400000
237.1520800000
237.6104100000
238.0000000000
238.5416700000
239.0520800000
239.4500000000
240.0208300000
240.5583300000
241.0395800000
241.5750000000
242.1520800000
243.0270800000
243.8333300000
244.3541700000
244.8083300000
245.4166700000
246.1312600000
246.7125000000
247.3187600000
247.9041600000
248.5833300000
249.1375000000
249.6520800000
250.3187600000
251.0041700000
251.6729100000
252.5000000000
253.1770800000
253.8854200000
254.4875000000
255.0916600000
255.6458300000
256.2000000000
256.7541800000
257.5458400000
258.5521000000
259.3916600000
259.9479000000
260.4583400000
261.0208400000
261.6396000000
262.2562600000
262.8416700000
263.6041600000
264.3062400000
265.0521000000
265.8479300000
266.7916600000
267.7083400000
268.3312400000
268.9375000000
269.5416600000
270.1791700000
271.0458400000
272.0395800000
272.8333400000
273.7145700000
274.4583400000
275.3750000000
277.9979200000
278.9479000000
279.6666600000
280.2708400000
280.8250000000
281.3791800000
282.1041600000
282.8021000000
283.5395800000
284.3750000000
285.0812400000
285.9500000000
286.9583400000
288.2500000000
289.2895800000
289.9916700000
290.6250000000
291.5312500000
293.4312400000
294.4208400000
295.6375000000
296.9583400000
299.3562600000
