(83 72 67 1 0)
(83 75 69 1 0)
(84 73 68 1 0)
(84 76 70 1 0)
(85 55 57 1 1)
(85 58 59 1 1)
(85 70 66 1 0)
(85 73 68 1 0)
(86 58 59 1 1)
(86 61 61 1 1)
(87 72 67 1 0)
(87 75 69 1 0)
(88 56 58 1 1)
(88 60 60 1 1)
(88 68 65 1 0)
(88 72 67 1 0)
(89 60 60 1 1)
(89 63 62 1 1)
(90 75 69 1 0)
(90 78 71 1 0)
(91 57 58 1 1)
(91 60 60 1 1)
(91 72 67 1 0)
(91 75 69 1 0)
(92 60 60 1 1)
(92 63 62 1 1)
(93 73 68 1 0)
(93 77 70 1 0)
(94 58 59 1 1)
(94 61 61 1 1)
(94 70 66 1 0)
(94 73 68 1 0)
(95 61 61 1 1)
(95 65 63 1 1)
(96 53 56 2 1)
(96 61 61 2 1)
(96 65 63 2 0)
(96 70 66 2 0)
(98 53 56 1 1)
(98 63 62 1 1)
(98 69 65 1 0)
(98 72 67 1 0)
(99 58 59 1 1)
(99 61 61 1 1)
(99 70 66 1 0)
(101 78 71 1/2 0)
(203/2 77 70 1/2 0)
(102 53 56 2 1)
(102 61 61 2 1)
(102 70 66 2 0)
(104 53 56 1 1)
(104 63 62 1 1)
(104 69 65 1 0)
(104 72 67 1 0)
(105 58 59 1 1)
(105 61 61 1 1)
(105 70 66 1 0)
(107 53 56 1 1)
(107 63 62 1 1)
(107 69 65 1/2 0)
(107 73 68 1/2 0)
(215/2 72 67 1/2 0)
(108 58 59 1 1)
(108 61 61 1 1)
(108 70 66 1 0)
(110 53 56 1 1)
(110 63 62 1 1)
(110 69 65 1/2 0)
(110 73 68 1/2 0)
(221/2 72 67 1/2 0)
(111 58 59 1 1)
(111 61 61 1 1)
(111 70 66 1 0)
(113 61 61 1/2 1)
(113 73 68 1/2 0)
(227/2 60 60 1/2 1)
(227/2 72 67 1/2 0)
(114 58 59 1/2 1)
(114 70 66 1/2 0)
(229/2 60 60 1/2 1)
(229/2 72 67 1/2 0)
(115 61 61 1/2 1)
(115 73 68 1/2 0)
(231/2 60 60 1/2 1)
(231/2 72 67 1/2 0)
(116 58 59 1/2 1)
(116 70 66 1/2 0)
(233/2 60 60 1/2 1)
(233/2 72 67 1/2 0)
(117 58 59 1/2 1)
(117 70 66 1/2 0)
(235/2 56 58 1/2 1)
(235/2 68 65 1/2 0)
(118 55 57 1/2 1)
(118 67 64 1/2 0)
(237/2 56 58 1/2 1)
(237/2 68 65 1/2 0)
(119 55 57 1/2 1)
(119 67 64 1/2 0)
(239/2 53 56 1/2 1)
(239/2 65 63 1/2 0)
(120 52 55 1/2 1)
(120 64 62 1/2 0)
(241/2 53 56 1/2 1)
(241/2 65 63 1/2 0)
(121 55 57 1/2 1)
(121 67 64 1/2 0)
(243/2 53 56 1/2 1)
(243/2 65 63 1/2 0)
(122 56 58 1/2 1)
(122 68 65 1/2 0)
(245/2 47 52 1/2 1)
(245/2 59 59 1/2 0)
(123 48 53 1 1)
(123 60 60 1 0)
(124 60 60 1 1)
(125 60 60 1 1)
(125 68 65 1 1)
(126 61 61 1 1)
(126 70 66 1 1)
(127 58 59 1 1)
(127 67 64 1 1)
(128 58 59 1 1)
(128 67 64 1 1)
(128 76 69 1 0)
(129 60 60 1 1)
(129 68 65 1 1)
(129 77 70 1 0)
(130 56 58 1 1)
(130 65 63 1 1)
(130 80 72 1 0)
(131 53 56 1 1)
(131 56 58 1 1)
(131 84 74 1 0)
(132 52 55 1 1)
(132 55 57 1 1)
(132 85 75 1 0)
(133 55 57 1 1)
(133 58 59 1 1)
(133 82 73 1 0)
(134 55 57 1 1)
(134 58 59 1 1)
(134 82 73 1 0)
(135 53 56 1 1)
(135 56 58 1 1)
(135 84 74 1 0)
(136 56 58 1 1)
(136 60 60 1 1)
(136 80 72 1 0)
(137 56 58 1 1)
(137 60 60 1 1)
(137 65 63 1 1)
(137 80 72 1 0)
(138 55 57 1 1)
(138 58 59 1 1)
(138 64 62 1 1)
(138 82 73 1 0)
(139 58 59 1 1)
(139 61 61 1 1)
(139 64 62 1 1)
(139 79 71 1 0)
(140 58 59 1 1)
(140 61 61 1 1)
(140 64 62 1 1)
(140 79 71 1 0)
(141 59 59 2 1)
(141 62 61 2 1)
(141 65 63 1 1)
(141 80 72 1 0)
(142 68 65 1 1)
(142 77 70 1 0)
(143 59 59 1 1)
(143 62 61 1 1)
(143 68 65 1 1)
(143 77 70 1 0)
(144 60 60 2 1)
(144 68 65 2 1)
(144 77 70 2 0)
(146 60 60 1 1)
(146 70 66 1 1)
(146 76 69 1 0)
(146 79 71 1 0)
(147 65 63 1 1)
(147 68 65 1 1)
(147 77 70 1 0)
(149 75 69 1/2 0)
(299/2 73 68 1/2 0)
(150 48 53 2 1)
(150 56 58 2 1)
(150 65 63 2 0)
(152 48 53 1 1)
(152 58 59 1 1)
(152 64 62 1 0)
(152 67 64 1 0)
(153 53 56 1 1)
(153 56 58 1 1)
(153 65 63 1 0)
(156 36 46 3 1)
(156 48 53 3 1)
(156 52 55 3 0)
(156 55 57 3 0)
(156 60 60 3 0)
(159 41 49 1 1)
(159 53 56 1 0)
