0.0
0.55
1.11
1.64
2.22
2.79
3.33
3.91
4.44
4.99
5.55
6.11
6.67
7.24
7.78
8.33
8.89
9.44
10.01
10.56
11.12
11.67
12.22
12.79
13.34
13.89
14.45
15.0
15.56
16.12
16.67
17.24
17.79
18.34
18.9
19.45
20.01
20.57
21.12
21.66
22.22
22.77
23.34
23.89
24.44
24.98
25.56
26.12
26.67
27.24
27.78
28.34
28.9
29.45
30.0
30.57
31.12
31.67
32.23
32.79
33.34
33.89
34.44
35.0
35.56
36.11
36.67
37.23
37.78
38.34
38.89
39.45
40.0
40.56
41.12
41.68
42.22
42.79
43.33
43.89
44.45
45.01
45.56
46.11
46.67
47.23
47.78
48.34
48.89
49.45
50.0
50.56
51.11
51.68
52.23
52.79
53.34
53.9
54.45
55.0
55.56
56.13
56.68
57.23
57.78
58.35
58.9
59.47
60.01
60.56
61.11
61.68
62.23
62.78
63.34
63.89
64.45
65.0
65.56
66.12
66.67
67.22
67.78
68.34
68.89
69.45
70.0
70.56
71.11
71.67
72.23
72.8
73.34
73.9
74.44
75.0
75.56
76.12
76.67
77.22
77.78
78.34
78.89
79.45
80.0
80.57
81.12
81.67
82.23
82.79
83.33
83.9
84.45
85.02
85.56
86.11
86.67
87.24
87.79
88.34
88.89
89.46
89.99
90.54
91.06
91.63
92.16
92.85
93.41
93.88
94.37
94.84
95.32
95.79
96.28
96.78
97.29
