1.080
2.240
3.300
4.420
5.580
6.640
7.760
8.900
9.960
11.120
12.220
13.320
14.440
15.580
16.640
17.780
18.880
19.980
21.120
22.220
23.340
24.440
25.580
26.640
27.760
28.920
29.980
31.100
32.220
33.320
34.440
35.540
36.680
37.740
38.880
40.000
41.120
42.180
43.300
44.420
45.540
46.640
47.780
48.860
49.980
51.100
52.200
53.400
54.460
55.540
56.660
57.760
58.960
60.020
61.100
62.240
63.320
64.420
65.540
66.640
67.800
68.860
69.960
71.120
72.180
73.320
74.440
75.540
76.660
77.760
78.900
79.980
81.120
82.200
83.340
84.440
85.560
86.620
87.760
88.900
89.960
90.860
91.740
92.600
93.480
94.360
95.220
96.100
96.960
