1.1111112000
2.2222223000
3.3333333000
4.4444447000
5.5555553000
6.6666665000
7.7777777000
8.8888890000
10.0000000000
11.1111110000
12.2222220000
13.3333330000
14.4444450000
15.5555550000
16.6666660000
17.7777790000
18.8888900000
20.0000000000
21.1111100000
22.2222210000
23.3333340000
24.4444450000
25.5555550000
26.6666660000
27.7777790000
28.8888900000
30.0000000000
31.1111100000
32.2222200000
33.3333320000
34.4444430000
35.5555570000
36.6666680000
37.7777800000
38.8888900000
40.0000000000
41.1111100000
42.2222200000
43.3333320000
44.4444430000
45.5555570000
46.6666680000
47.7777800000
48.8888900000
50.0000000000
51.1111100000
52.2222200000
53.3333320000
54.4444430000
55.5555570000
56.6666680000
57.7777800000
58.8888900000
60.0000000000
61.1111100000
62.2222200000
63.3333320000
64.4444400000
65.5555600000
66.6666640000
67.7777800000
68.8888850000
70.0000000000
71.1111150000
72.2222200000
73.3333360000
74.4444400000
75.5555600000
76.6666640000
77.7777800000
78.8888850000
80.0000000000
81.1111150000
82.2222200000
83.3333360000
84.4444400000
85.5555600000
86.6666640000
87.7777800000
88.8888850000
