(359 70)
(719/2 70)
(360 71)
(1441/4 72)
(361 63)
(723/2 58)
(362 74)
(725/2 74)
(363 74)
(1453/4 75)
(364 67)
(729/2 58)
(365 77)
(731/2 77)
(366 78)
(1465/4 79)
(367 63)
(735/2 58)
(368 81)
(737/2 81)
(369 81)
(1477/4 82)
(370 65)
(741/2 62)
(371 70)
(743/2 70)
(372 75)
(745/2 77)
(373 78)
(747/2 77)
(374 75)
(749/2 74)
(375 75)
(751/2 77)
(376 78)
(753/2 79)
(377 80)
(755/2 81)
(378 82)
(380 58)
(1521/4 59)
(761/2 58)
(1523/4 57)
(381 58)
(383 70)
(1533/4 72)
(767/2 70)
(1535/4 69)
(384 70)
(385 67)
(1543/4 70)
(386 75)
(1547/4 75)
(387 75)
(388 74)
(389 70)
(1557/4 72)
(779/2 70)
(1559/4 69)
(390 70)
(391 67)
(1567/4 70)
(392 79)
(1571/4 79)
(393 82)
(394 80)
(395 80)
(1581/4 82)
(791/2 80)
(1583/4 77)
(396 79)
(1585/4 80)
(793/2 79)
(1587/4 75)
(397 82)
(1192/3 80)
(1193/3 79)
(398 77)
(1195/3 75)
(1196/3 73)
(399 72)
(1597/4 73)
(799/2 72)
(1599/4 68)
(400 84)
(1201/3 82)
(1202/3 80)
(401 79)
(1204/3 77)
(1205/3 76)
(402 77)
(1609/4 79)
(805/2 77)
(1611/4 72)
(403 84)
(1210/3 82)
(1211/3 80)
(404 79)
(1213/3 77)
(1214/3 75)
(405 75)
(406 74)
(407 70)
(1629/4 72)
(815/2 70)
(1631/4 67)
(408 68)
(409 65)
(410 74)
(1641/4 75)
(821/2 74)
(1643/4 70)
(411 75)
(412 79)
(413 70)
(1653/4 72)
(827/2 70)
(1655/4 67)
(414 68)
(415 65)
(416 74)
(1665/4 75)
(833/2 74)
(1667/4 70)
(417 75)
(418 79)
(419 89)
(1677/4 87)
(839/2 86)
(1679/4 84)
(420 84)
(841/2 82)
(421 82)
(422 84)
(1689/4 82)
(845/2 80)
(1691/4 79)
(423 79)
(847/2 77)
(424 77)
(425 77)
(426 79)
(3409/8 80)
(1705/4 82)
(428 82)
(1713/4 80)
(857/2 79)
(1715/4 77)
(429 75)
(430 51)
