(35 74)
(143/4 75)
(36 72)
(73/2 70)
(37 62)
(37 65)
(37 70)
(38 62)
(38 65)
(38 70)
(39 63)
(39 65)
(39 69)
(41 75)
(167/4 77)
(42 74)
(85/2 72)
(43 63)
(43 65)
(43 72)
(44 63)
(44 65)
(44 72)
(45 62)
(45 65)
(45 70)
(47 58)
(47 74)
(191/4 60)
(191/4 75)
(48 53)
(48 62)
(48 77)
(97/2 63)
(97/2 79)
(49 60)
(49 75)
(99/2 57)
(99/2 72)
(50 58)
(50 74)
(101/2 60)
(101/2 75)
(51 62)
(51 77)
(103/2 63)
(103/2 79)
(52 60)
(52 75)
(105/2 57)
(105/2 72)
(53 58)
(53 74)
(107/2 60)
(107/2 75)
(54 62)
(54 77)
(109/2 82)
(55 81)
(111/2 79)
(56 77)
(113/2 76)
(57 74)
(115/2 72)
(58 71)
(117/2 70)
(59 69)
(119/2 67)
(60 72)
(243/4 74)
(61 48)
(61 57)
(61 60)
(61 65)
(62 48)
(62 55)
(62 58)
(62 64)
(63 53)
(63 57)
(63 65)
(64 41)
(65 70)
(65 74)
(263/4 69)
(263/4 72)
(66 69)
(66 72)
(67 65)
(68 70)
(68 76)
(275/4 69)
(275/4 77)
(69 69)
(69 77)
(70 53)
