0.04
0.33
0.63
0.92
1.22
1.5
1.77
2.04
2.31
2.58
2.85
3.11
3.37
3.64
3.9
4.16
4.43
4.7
4.97
5.23
5.78
6.31
6.77
7.09
7.6
8.11
8.37
8.63
8.9
9.17
9.44
9.72
9.99
10.25
10.53
10.8
11.06
11.34
11.61
11.88
12.14
12.42
12.69
12.96
13.24
13.5
13.77
14.04
14.3
14.56
14.82
15.08
15.34
15.61
15.87
16.14
16.41
16.68
16.95
17.22
17.48
17.74
18.0
18.26
18.77
19.28
19.54
19.81
20.07
20.34
20.61
20.88
21.15
21.41
21.69
21.97
22.24
22.5
22.77
23.04
23.3
23.58
23.85
24.13
24.66
24.93
25.45
25.72
25.99
26.27
26.54
26.81
27.08
27.35
27.62
27.88
28.17
28.44
28.71
28.98
29.24
29.51
29.78
30.05
30.32
30.6
30.87
31.14
31.44
31.71
32.22
32.73
33.26
33.79
34.69
35.2
35.47
36.24
36.75
37.02
37.79
38.05
38.31
38.58
39.09
39.35
40.68
40.94
41.32
41.64
41.92
42.19
42.46
42.74
43.01
43.28
43.57
43.84
44.12
44.41
44.68
44.97
45.23
45.51
45.79
46.05
46.33
46.6
46.86
47.13
47.4
47.68
47.95
48.23
48.51
48.78
49.04
49.6
49.87
50.14
50.42
50.68
50.95
51.22
51.76
52.28
52.57
53.07
53.34
53.61
53.88
54.14
54.41
54.68
54.95
55.26
55.53
56.3
56.56
56.83
57.34
57.6
57.86
58.12
58.38
58.64
58.9
59.16
59.93
60.19
60.95
61.21
61.52
61.78
62.04
62.31
62.57
62.99
63.57
64.06
64.33
64.6
64.87
65.13
65.41
65.68
65.94
66.2
66.46
66.97
68.48
69.01
69.77
70.03
70.29
70.55
70.81
71.57
72.33
72.59
72.86
73.13
73.4
73.66
73.92
74.18
74.44
75.45
75.71
76.47
76.73
76.99
77.25
77.51
78.27
79.28
80.04
80.3
80.56
80.83
81.09
81.47
82.12
88.49
91.92
92.91
94.66
95.67
96.18
96.44
98.21
98.48
98.75
99.01
99.27
99.53
99.79
100.05
101.81
102.07
102.42
108.09
108.59
110.49
112.0
112.76
113.53
114.02
114.65
114.91
115.18
115.45
115.71
115.98
116.25
116.51
116.77
117.26
117.53
117.8
118.08
118.35
118.61
118.87
119.14
119.4
119.66
119.94
120.21
120.47
120.75
121.02
121.28
121.56
121.82
122.34
122.61
122.87
123.14
123.4
123.66
123.92
124.18
124.45
124.72
124.99
125.25
125.52
125.99
126.41
126.68
126.96
127.24
127.51
127.79
128.08
128.36
128.63
128.9
129.18
129.46
129.72
130.0
130.27
130.54
130.83
131.1
131.37
131.65
131.93
132.21
132.49
132.84
133.12
133.4
133.7
133.98
134.25
134.52
134.81
135.09
135.36
135.63
135.91
136.18
136.46
136.72
136.99
137.27
137.55
137.85
138.11
138.38
138.65
138.93
139.19
139.48
139.74
140.26
140.53
140.79
141.06
141.32
141.59
141.85
142.12
142.39
142.65
142.91
143.17
143.44
143.7
143.96
144.24
144.51
144.79
145.06
145.32
145.59
145.85
146.12
146.39
146.65
146.92
147.31
147.65
148.22
149.86
150.36
150.99
151.61
152.08
152.61
153.25
153.54
154.07
