0.340
0.900
1.480
2.040
2.600
3.120
3.660
4.180
4.700
5.220
5.760
6.300
6.820
7.340
7.860
8.380
8.920
9.480
10.020
10.540
11.080
11.620
12.140
12.680
13.220
13.740
14.280
14.820
15.340
15.880
16.420
16.940
17.480
18.000
18.500
19.020
19.560
20.100
20.620
21.160
21.700
22.220
22.760
23.300
23.860
24.400
24.940
25.460
26.000
26.540
27.060
27.620
28.180
28.740
29.300
29.820
30.360
30.900
31.420
31.940
32.440
32.920
33.400
33.900
34.400
34.940
35.480
35.980
36.500
37.020
37.540
38.060
38.560
39.080
39.580
40.080
40.580
41.080
41.580
42.080
42.580
43.100
43.600
44.120
44.680
45.240
45.800
46.340
46.880
47.400
47.940
48.500
49.060
49.620
50.160
50.680
51.220
51.760
52.280
52.780
53.280
53.760
54.240
54.720
55.240
55.780
56.320
56.840
57.340
57.860
58.360
58.900
59.420
59.920
60.380
60.840
61.280
61.740
62.200
62.660
63.120
63.580
64.040
64.480
64.960
65.440
65.940
66.440
66.960
67.460
67.980
68.500
69.040
69.540
70.040
70.540
71.060
71.560
72.080
72.620
73.160
73.680
74.180
74.700
75.200
75.700
76.220
76.740
77.260
77.780
78.280
78.780
79.280
79.800
80.320
80.860
81.360
81.860
82.340
82.840
83.360
83.860
84.360
84.860
85.380
85.880
86.380
86.880
87.400
87.880
88.360
88.840
89.320
89.800
90.280
90.760
91.240
91.720
92.200
92.680
93.160
93.660
94.160
94.660
95.160
95.680
96.180
96.680
97.180
97.700
98.220
98.760
99.280
99.780
100.300
100.800
101.300
101.820
102.320
102.820
103.320
103.840
104.340
104.820
105.300
105.780
106.260
106.760
107.260
107.780
108.280
108.780
109.280
109.800
110.300
110.780
111.260
111.740
112.260
112.760
113.260
113.760
114.280
114.780
115.280
115.840
116.400
116.980
117.540
118.080
118.600
119.140
119.680
120.200
120.740
121.280
121.800
122.340
122.880
123.400
123.940
124.480
125.000
125.580
126.140
126.700
127.260
127.840
128.380
128.920
129.460
130.000
130.560
131.120
131.720
132.300
132.860
133.420
133.980
134.560
135.080
135.620
136.160
136.680
137.220
137.800
138.360
138.920
139.460
140.000
140.520
141.060
141.600
142.120
142.660
143.200
143.720
144.280
144.860
145.420
145.980
146.540
147.120
147.680
148.240
148.820
149.420
150.020
150.620
151.220
151.820
152.420
153.020
153.620
154.220
