0.9416666600
1.2270833000
1.5000000000
1.7812500000
2.0520833000
2.3104167000
2.5833333000
2.8520834000
3.1166666000
3.3895833000
3.6562500000
3.9250000000
4.1833334000
4.4458330000
4.7083335000
4.9895835000
5.2645830000
5.5270834000
5.7895830000
6.0625000000
6.3312500000
6.5937500000
6.8437500000
7.1000000000
7.3500000000
7.6000000000
7.8645835000
8.1250000000
8.3833330000
8.6416660000
8.9062500000
9.1812500000
9.4375000000
9.7166660000
10.0000000000
10.2791660000
10.5687500000
10.8354170000
11.1062500000
11.3687500000
11.6333330000
11.9020830000
12.1666670000
12.4291670000
12.7083330000
12.9833340000
13.2520840000
13.5083330000
13.7708330000
14.0354170000
14.3000000000
14.5625000000
14.8333330000
15.0937500000
15.3500000000
15.6104160000
15.8770840000
16.1437500000
16.4125000000
16.6791670000
16.9375000000
17.1979160000
17.4666670000
17.7291660000
17.9875000000
18.2500000000
18.5145840000
18.7770820000
19.0354180000
19.2750000000
19.5500000000
19.8125000000
20.0687500000
20.3395820000
20.6125000000
20.8916660000
21.1666660000
21.4395830000
21.7083340000
21.9708330000
22.2333340000
22.5083330000
22.7833330000
23.0541670000
23.3208330000
23.5854170000
23.8645840000
24.1375000000
24.4000000000
24.6687500000
24.9354170000
25.1958330000
25.4583340000
25.7208330000
26.0000000000
26.2750000000
26.5416660000
26.8333340000
27.1041660000
27.3875000000
27.6562500000
27.9354170000
28.2083340000
28.4770830000
28.7500000000
29.0166660000
29.2854180000
29.5750000000
29.8583340000
30.1416660000
30.4083330000
30.6666660000
30.9312500000
31.1979160000
31.4833340000
31.7375000000
32.0020830000
32.2333340000
32.4833340000
32.7166670000
32.9479180000
33.1979180000
33.4291650000
33.6750000000
33.9020840000
34.1666680000
34.4354170000
34.6979180000
34.9520840000
35.2145840000
35.4645840000
35.7291680000
35.9875000000
36.2437500000
36.5000000000
36.7687500000
37.0333330000
37.2916680000
37.5500000000
37.8104170000
38.0666660000
38.3229180000
38.5958330000
38.8645820000
39.1333350000
39.3833350000
39.6666680000
39.9333340000
40.2208330000
40.5062500000
40.7666660000
41.0354160000
41.3000000000
41.5729180000
41.8562500000
42.1375000000
42.4000000000
42.6979180000
42.9812500000
43.2625000000
43.5520820000
43.8583340000
44.1625000000
44.4333340000
44.7000000000
44.9729160000
45.2500000000
45.5229150000
45.8000000000
46.0687500000
46.3333320000
46.6000000000
46.8687500000
47.1333350000
47.4062500000
47.7020840000
47.9833340000
48.2500000000
48.5208320000
48.7979160000
49.0666660000
49.3375000000
49.6166650000
49.8937500000
50.1750000000
50.4458350000
50.7083320000
50.9770850000
51.2437500000
51.5083350000
51.7708320000
52.0291670000
52.2854160000
52.5312500000
52.7895850000
53.0500000000
53.3083340000
53.5583340000
53.7979160000
54.0416680000
54.2791670000
54.5166660000
54.7500000000
55.0083350000
55.2750000000
55.5312500000
55.7916680000
56.0541650000
56.3187500000
56.5833320000
56.8520850000
57.1145820000
57.3645820000
57.6250000000
57.8916660000
58.1333350000
58.3708340000
58.6500000000
58.8854180000
59.1500000000
59.4000000000
59.6666680000
59.9000000000
60.2000000000
60.5583340000
60.8541680000
61.1500000000
61.4083330000
61.6666680000
61.9541660000
62.2208330000
62.4854160000
62.7645840000
63.0500000000
63.3229180000
63.5958330000
63.8750000000
64.1500000000
64.4291700000
64.7500000000
65.1020800000
65.4333340000
65.6979140000
65.9666700000
66.2333300000
66.4833300000
66.7270800000
66.9770800000
67.2270800000
67.4875000000
67.7500000000
68.0083300000
68.2437500000
68.5125000000
68.7583300000
69.0187500000
69.2833300000
69.5416640000
69.7979200000
70.0604200000
70.3229140000
70.5729140000
70.8333360000
71.0916700000
71.3500000000
71.6125000000
71.8562500000
72.1166700000
72.3729200000
72.6604160000
72.9312500000
73.1895800000
73.4458300000
73.6958300000
73.9500000000
74.2083360000
74.4604200000
74.7208300000
74.9812500000
75.2270800000
75.4854200000
75.7166700000
75.9729160000
76.2333300000
76.4875000000
76.7520800000
77.0083300000
77.2687500000
77.5270840000
77.7833300000
78.0416640000
78.2916640000
78.5500000000
78.8020860000
79.0625000000
79.3187500000
79.5708300000
79.8208300000
80.0750000000
80.3333360000
80.5958300000
80.8583300000
81.1104200000
81.3645860000
81.6187500000
81.8750000000
82.1250000000
82.3770800000
82.6375000000
82.8833300000
83.1333300000
83.3833300000
83.6375000000
83.8875000000
84.1395800000
84.3958360000
84.6458360000
84.9041700000
85.1541700000
85.4041700000
85.6520840000
85.8916700000
86.1416700000
86.3750000000
86.6270800000
86.8750000000
87.1250000000
87.3750000000
87.6250000000
87.8750000000
88.1250000000
88.3750000000
88.6250000000
88.8750000000
89.1145860000
89.3645860000
89.6333300000
89.8854140000
90.1500000000
90.4479140000
90.7520800000
91.0687500000
91.3645860000
91.6625000000
92.0000000000
92.3145800000
92.6437500000
92.8958360000
93.1458360000
93.4000000000
93.6437500000
93.8854140000
94.1250000000
94.3750000000
94.6312500000
94.8895800000
95.1562500000
95.4333340000
95.6979140000
95.9583360000
96.2125000000
96.4666700000
96.7083360000
96.9541700000
97.1958300000
97.4541700000
97.7104200000
97.9729160000
98.2291640000
98.4708300000
98.7312500000
99.0000000000
99.2541660000
99.5208360000
99.7666700000
100.0354160000
100.2812500000
100.5416640000
100.8020860000
101.0583340000
101.3187500000
101.5750000000
101.8125000000
102.0666660000
102.3333360000
102.5958300000
102.8458300000
103.0937500000
103.3458300000
103.6041640000
103.8604200000
104.0958300000
104.3458300000
104.5833360000
104.8250000000
105.0645800000
105.3020860000
105.5520860000
105.7833300000
106.0208360000
106.2479200000
106.4958340000
106.7375000000
106.9666700000
107.2187500000
107.4666700000
107.7166700000
108.0000000000
108.3041700000
108.6333300000
108.9229200000
109.2166700000
109.5187500000
109.8333360000
110.1666640000
110.5000000000
110.7666700000
111.0291700000
111.2708360000
111.5208360000
111.7687500000
112.0250000000
112.2750000000
112.5208360000
112.7708360000
113.0208360000
113.2750000000
113.5354160000
113.7916640000
114.0375000000
114.2812500000
114.5354160000
114.7875000000
115.0500000000
115.3000000000
115.5541700000
115.8229140000
116.0979160000
116.4187500000
116.6791700000
116.9645840000
117.2333300000
117.5208360000
117.7791700000
118.0479200000
118.3166660000
118.5833360000
118.8458300000
119.1125000000
119.3854140000
119.6479200000
119.9229200000
120.2020800000
120.4791640000
120.7625000000
121.0312500000
121.2937500000
121.5541700000
121.8166660000
122.0833360000
122.3500000000
122.6250000000
122.8979200000
123.1583300000
123.4166640000
123.6666640000
123.9229200000
124.1791700000
124.4437500000
124.7333300000
125.0208360000
125.2979200000
125.5770800000
125.8583300000
126.1270800000
126.3937500000
126.6604160000
126.9229200000
127.2083360000
127.4875000000
127.7729200000
128.0541700000
128.3250000000
128.6104100000
128.8895900000
129.1854100000
129.4562500000
129.7375000000
130.0125000000
130.2750000000
130.5500000000
130.8104100000
131.0854200000
131.3750000000
131.7000000000
132.0041700000
132.2833400000
132.5708300000
132.8541700000
133.1354200000
133.4020800000
133.6875000000
133.9687500000
134.2708300000
134.5541700000
134.8229200000
135.0937500000
135.3750000000
135.6458300000
135.9520900000
136.1979200000
136.4520900000
136.7020900000
136.9500000000
137.1958300000
137.4416700000
137.6895900000
137.9354100000
138.1875000000
138.4375000000
138.6937600000
138.9583300000
139.2250000000
139.4812500000
139.7395800000
140.0041700000
140.2666600000
140.5312500000
140.7916700000
141.0562400000
141.3229200000
141.5958400000
141.8770900000
142.1375000000
142.3958300000
142.6583400000
142.9270800000
143.1916700000
143.4583300000
143.7250000000
144.0166600000
144.3104100000
144.5916600000
144.8604100000
145.1145800000
145.4083400000
145.6958300000
146.0000000000
146.2854200000
146.5645900000
146.8500000000
147.1354200000
147.4166700000
147.7187500000
148.0666700000
148.4333300000
148.8479200000
