(60 44)
(243/4 66)
(243/4 68)
(61 51)
(61 56)
(61 60)
(123/2 66)
(123/2 68)
(62 51)
(62 56)
(62 60)
(62 75)
(63 37)
(63 70)
(255/4 65)
(255/4 68)
(64 53)
(64 56)
(64 61)
(129/2 65)
(129/2 68)
(65 53)
(65 56)
(65 61)
(65 77)
(66 44)
(66 70)
(267/4 66)
(267/4 68)
(67 51)
(67 56)
(67 60)
(135/2 66)
(135/2 68)
(68 51)
(68 56)
(68 60)
(68 78)
(69 49)
(69 82)
(70 56)
(70 59)
(70 65)
(283/4 80)
(71 50)
(71 71)
(287/4 80)
(72 51)
(72 70)
(583/8 80)
(73 54)
(73 58)
(73 63)
(73 70)
(591/8 80)
(74 42)
(74 70)
(599/8 78)
(75 44)
(75 69)
(607/8 78)
(76 53)
(76 61)
(76 68)
(615/8 78)
(77 53)
(77 61)
(77 68)
(623/8 77)
(78 44)
(78 67)
(631/8 77)
(79 51)
(79 56)
(79 60)
(79 66)
(639/8 77)
(80 51)
(80 56)
(80 60)
(80 66)
(647/8 75)
(81 49)
(81 65)
(655/8 75)
(82 56)
(82 61)
(82 65)
(82 73)
(247/3 75)
(248/3 73)
(83 43)
(83 64)
(83 72)
(671/8 70)
(84 44)
(84 60)
(84 70)
(339/4 66)
(339/4 68)
(85 51)
(85 56)
(85 60)
(171/2 66)
(171/2 68)
(86 51)
(86 56)
(86 60)
(86 75)
(87 37)
(87 70)
(351/4 65)
(351/4 68)
(88 53)
(88 56)
(88 61)
(177/2 65)
(177/2 68)
(89 53)
(89 56)
(89 61)
(89 77)
(90 44)
(90 70)
(363/4 66)
(363/4 68)
(91 51)
(91 56)
(91 60)
(183/2 66)
(183/2 68)
(92 51)
(92 56)
(92 60)
(92 78)
(93 49)
(93 82)
(94 56)
(94 59)
(94 65)
(379/4 80)
(95 50)
(95 71)
(383/4 80)
(96 51)
(96 70)
(775/8 80)
(97 54)
(97 58)
(97 63)
(97 70)
(783/8 80)
(98 42)
(98 70)
(791/8 78)
(99 44)
(99 69)
(799/8 78)
(100 53)
(100 61)
(100 68)
(807/8 78)
(101 53)
(101 61)
(101 68)
(815/8 77)
(102 44)
(102 67)
(823/8 76)
(103 51)
(103 60)
(103 66)
(831/8 75)
(104 65)
(839/8 74)
(105 64)
(847/8 73)
(106 63)
(855/8 73)
(107 63)
(863/8 73)
(108 41)
(108 63)
(109 53)
(109 60)
(219/2 66)
(219/2 69)
(110 53)
(110 60)
(110 65)
(110 73)
(221/2 63)
(221/2 69)
(111 46)
(111 63)
(111 69)
(447/4 61)
(447/4 70)
(112 53)
(112 58)
(112 61)
(112 70)
(113 51)
(113 61)
(113 67)
(113 70)
(114 44)
(114 68)
(114 77)
(115 56)
(115 66)
(231/2 69)
(231/2 72)
(116 56)
(116 66)
(116 68)
(116 77)
(233/2 66)
(233/2 72)
(117 49)
(117 66)
(117 72)
(471/4 65)
(471/4 73)
(118 56)
(118 61)
(118 65)
(118 73)
(119 55)
(119 65)
(119 71)
(119 73)
(120 48)
(120 72)
(120 80)
(121 60)
(121 70)
(243/2 73)
(243/2 76)
(122 60)
(122 70)
(122 72)
(122 80)
(245/2 70)
(245/2 76)
(123 53)
(123 70)
(123 76)
(495/4 69)
(495/4 77)
(124 60)
(124 65)
(124 69)
(124 77)
(125 60)
(125 69)
(125 77)
(125 89)
(126 41)
(507/4 78)
(507/4 90)
(127 60)
(127 63)
(127 69)
(127 78)
(127 90)
(128 63)
(128 69)
(128 72)
(129 46)
(129 72)
(130 53)
(130 61)
(261/2 70)
(131 53)
(131 61)
(131 70)
(394/3 68)
(395/3 66)
(132 46)
(132 65)
(132 73)
(265/2 66)
(133 53)
(133 60)
(133 63)
(133 65)
(267/2 66)
(267/2 69)
(134 53)
(134 60)
(134 63)
(134 65)
(134 73)
(269/2 63)
(269/2 69)
(135 46)
(135 63)
(135 69)
(543/4 61)
(543/4 70)
(136 53)
(136 58)
(136 61)
(136 70)
(137 51)
(137 61)
(137 67)
(137 70)
(412/3 72)
(413/3 70)
(138 44)
(138 68)
(138 77)
(277/2 69)
(139 56)
(139 60)
(139 66)
(139 68)
(279/2 69)
(279/2 72)
(140 56)
(140 60)
(140 66)
(140 68)
(140 77)
(281/2 66)
(281/2 72)
(141 49)
(141 66)
(141 72)
(567/4 65)
(567/4 73)
(142 56)
(142 61)
(142 65)
(142 73)
(143 55)
(143 65)
(143 71)
(143 73)
(430/3 75)
(431/3 73)
(144 48)
(144 72)
(144 80)
(289/2 73)
(145 60)
(145 67)
(145 70)
(145 72)
(291/2 73)
(291/2 76)
(146 60)
(146 67)
(146 70)
(146 72)
(146 80)
(293/2 70)
(293/2 76)
(147 53)
(147 70)
(147 76)
(591/4 69)
(591/4 77)
(148 60)
(148 65)
(148 69)
(148 77)
(149 53)
(149 60)
(149 69)
(149 77)
(149 89)
(150 41)
(150 80)
(150 92)
(603/4 78)
(603/4 90)
(151 60)
(151 63)
(151 69)
(151 72)
(151 78)
(151 90)
(152 53)
(152 60)
(152 63)
(152 69)
(153 46)
(153 70)
(154 53)
(154 61)
