(156 44)
(627/4 66)
(627/4 68)
(157 51)
(157 56)
(157 60)
(315/2 66)
(315/2 68)
(158 51)
(158 56)
(158 60)
(158 75)
(159 37)
(159 70)
(639/4 65)
(639/4 68)
(160 53)
(160 56)
(160 61)
(321/2 65)
(321/2 68)
(161 53)
(161 56)
(161 61)
(161 77)
(162 44)
(162 70)
(651/4 66)
(651/4 68)
(163 51)
(163 56)
(163 60)
(327/2 66)
(327/2 68)
(164 51)
(164 56)
(164 60)
(164 78)
(165 49)
(165 82)
(166 56)
(166 59)
(166 65)
(667/4 80)
(167 50)
(167 71)
(671/4 80)
(168 51)
(168 70)
(1351/8 80)
(169 54)
(169 58)
(169 63)
(169 70)
(1359/8 80)
(170 42)
(170 70)
(1367/8 78)
(171 44)
(171 69)
(1375/8 78)
(172 53)
(172 61)
(172 68)
(1383/8 78)
(173 53)
(173 61)
(173 68)
(1391/8 77)
(174 44)
(174 67)
(1399/8 77)
(175 51)
(175 56)
(175 60)
(175 66)
(1407/8 77)
(176 51)
(176 56)
(176 60)
(176 66)
(1415/8 75)
(177 49)
(177 65)
(1423/8 75)
(178 56)
(178 61)
(178 65)
(178 73)
(535/3 75)
(536/3 73)
(179 43)
(179 64)
(179 72)
(1439/8 70)
(180 44)
(180 60)
(180 70)
(723/4 66)
(723/4 68)
(181 51)
(181 56)
(181 60)
(363/2 66)
(363/2 68)
(182 51)
(182 56)
(182 60)
(182 75)
(183 37)
(183 70)
(735/4 65)
(735/4 68)
(184 53)
(184 56)
(184 61)
(369/2 65)
(369/2 68)
(185 53)
(185 56)
(185 61)
(185 77)
(186 44)
(186 70)
(747/4 66)
(747/4 68)
(187 51)
(187 56)
(187 60)
(375/2 66)
(375/2 68)
(188 51)
(188 56)
(188 60)
(188 78)
(189 49)
(189 82)
(190 56)
(190 59)
(190 65)
(763/4 80)
(191 50)
(191 71)
(767/4 80)
(192 51)
(192 70)
(1543/8 80)
(193 54)
(193 58)
(193 63)
(193 70)
(1551/8 80)
(194 42)
(194 70)
(1559/8 78)
(195 44)
(195 69)
(1567/8 78)
(196 53)
(196 61)
(196 68)
(1575/8 78)
(197 53)
(197 61)
(197 68)
(1583/8 77)
(198 44)
(198 67)
(1591/8 76)
(199 51)
(199 60)
(199 66)
(1599/8 75)
(200 65)
(1607/8 74)
(201 64)
(1615/8 73)
(202 63)
(1623/8 73)
(203 63)
(1631/8 73)
(204 41)
(204 63)
(205 53)
(205 60)
(411/2 66)
(411/2 69)
(206 53)
(206 60)
(206 65)
(206 73)
(413/2 63)
(413/2 69)
(207 46)
(207 63)
(207 69)
(831/4 61)
(831/4 70)
(208 53)
(208 58)
(208 61)
(208 70)
(209 51)
(209 61)
(209 67)
(209 70)
(210 44)
(210 68)
(210 77)
(211 56)
(211 66)
(423/2 69)
(423/2 72)
(212 56)
(212 66)
(212 68)
(212 77)
(425/2 66)
(425/2 72)
(213 49)
(213 66)
(213 72)
(855/4 65)
(855/4 73)
(214 56)
(214 61)
(214 65)
(214 73)
(215 55)
(215 65)
(215 71)
(215 73)
(216 48)
(216 72)
(216 80)
(217 60)
(217 70)
(435/2 73)
(435/2 76)
(218 60)
(218 70)
(218 72)
(218 80)
(437/2 70)
(437/2 76)
(219 53)
(219 70)
(219 76)
(879/4 69)
(879/4 77)
(220 60)
(220 65)
(220 69)
(220 77)
(221 60)
(221 69)
(221 77)
(221 89)
(222 41)
(891/4 78)
(891/4 90)
(223 60)
(223 63)
(223 69)
(223 78)
(223 90)
(224 63)
(224 69)
(224 72)
(225 46)
(225 72)
(226 53)
(226 61)
(453/2 70)
(227 53)
(227 61)
(227 70)
(682/3 68)
(683/3 66)
(228 46)
(228 65)
(228 73)
(457/2 66)
(229 53)
(229 60)
(229 63)
(229 65)
(459/2 66)
(459/2 69)
(230 53)
(230 60)
(230 63)
(230 65)
(230 73)
(461/2 63)
(461/2 69)
(231 46)
(231 63)
(231 69)
(927/4 61)
(927/4 70)
(232 53)
(232 58)
(232 61)
(232 70)
(233 51)
(233 61)
(233 67)
(233 70)
(700/3 72)
(701/3 70)
(234 44)
(234 68)
(234 77)
(469/2 69)
(235 56)
(235 60)
(235 66)
(235 68)
(471/2 69)
(471/2 72)
(236 56)
(236 60)
(236 66)
(236 68)
(236 77)
(473/2 66)
(473/2 72)
(237 49)
(237 66)
(237 72)
(951/4 65)
(951/4 73)
(238 56)
(238 61)
(238 65)
(238 73)
(239 55)
(239 65)
(239 71)
(239 73)
(718/3 75)
(719/3 73)
(240 48)
(240 72)
(240 80)
(481/2 73)
(241 60)
(241 67)
(241 70)
(241 72)
(483/2 73)
(483/2 76)
(242 60)
(242 67)
(242 70)
(242 72)
(242 80)
(485/2 70)
(485/2 76)
(243 53)
(243 70)
(243 76)
(975/4 68)
(975/4 77)
(244 60)
(244 65)
(244 68)
(244 77)
(245 53)
(245 60)
(245 69)
(245 77)
(245 89)
(246 41)
(246 80)
(246 92)
(987/4 78)
(987/4 90)
(247 60)
(247 63)
(247 69)
(247 72)
(247 78)
(247 90)
(248 53)
(248 60)
(248 63)
(248 69)
(249 46)
(249 70)
(250 53)
(250 61)
