0.15
0.65
1.12
1.6
2.12
2.63
3.14
3.62
4.09
4.56
5.07
5.58
6.02
8.28
10.51
12.97
13.23
13.74
14.25
14.51
14.77
15.14
15.96
16.55
16.83
17.1
17.38
17.71
18.39
18.65
19.16
19.62
20.21
20.71
21.2
21.7
22.17
22.66
23.27
23.74
24.26
24.53
24.79
25.05
26.11
26.4
26.66
26.92
27.42
27.68
27.94
29.91
30.17
30.69
30.95
31.46
31.72
31.98
32.24
32.5
32.78
33.05
33.31
33.57
33.83
34.1
34.48
34.75
35.03
35.31
35.59
35.87
36.15
36.45
36.72
37.0
37.28
37.56
37.85
38.13
38.41
38.68
39.22
39.49
39.77
40.05
40.33
40.88
41.16
41.44
41.73
42.02
42.3
42.58
42.86
43.14
43.42
43.73
44.01
44.29
44.57
44.85
45.13
45.41
45.68
45.96
46.31
46.59
46.87
47.44
47.71
48.27
48.55
48.83
49.11
49.39
49.69
49.97
50.24
50.51
50.79
51.07
51.35
51.88
52.17
52.44
52.73
53.11
53.4
53.66
54.02
54.71
54.97
55.23
55.49
55.76
56.02
56.28
57.04
57.3
57.56
57.82
58.08
58.57
59.04
59.35
59.62
59.88
60.15
60.41
61.06
61.33
61.7
62.0
62.29
62.56
62.83
63.12
63.4
63.69
63.97
64.27
64.56
64.85
65.14
65.44
65.76
66.05
66.34
66.64
66.91
67.2
67.49
67.93
68.35
68.93
69.2
69.64
70.01
70.3
70.58
71.15
71.44
71.73
72.02
72.32
72.68
72.97
73.26
73.55
73.85
74.14
74.43
74.72
75.01
75.28
75.57
75.9
76.42
76.7
76.98
77.28
77.56
77.83
78.3
78.59
78.88
79.17
79.47
79.75
80.04
80.32
80.67
80.95
81.24
81.75
82.53
83.52
86.25
86.51
86.77
88.99
89.76
90.02
90.28
90.55
91.67
91.93
92.19
92.9
93.2
93.74
94.03
94.51
95.02
95.28
95.54
96.05
96.39
96.66
97.21
97.61
97.88
98.14
98.4
98.87
99.15
99.44
99.72
99.98
100.25
100.56
100.82
101.09
101.37
101.63
101.92
102.19
102.47
102.75
103.02
103.38
103.96
104.38
104.66
105.08
105.38
105.85
106.25
106.53
106.81
107.1
107.39
107.67
107.96
108.27
108.56
108.93
109.53
110.02
110.3
110.58
110.86
111.14
111.44
111.7
112.02
112.3
112.69
113.13
114.67
114.93
115.2
115.46
115.73
116.21
116.47
116.74
117.01
117.27
117.6
118.12
118.39
118.67
118.95
119.22
119.49
119.91
120.17
120.44
120.71
120.98
121.46
121.74
122.01
122.28
122.55
122.82
123.09
123.36
123.63
123.89
124.15
124.42
124.7
124.99
125.27
125.55
125.83
126.11
126.42
126.99
127.56
128.23
128.6
128.93
129.24
129.66
129.94
130.27
130.59
130.9
131.21
131.51
131.84
132.48
133.11
133.42
133.74
134.06
134.37
134.69
135.02
135.33
135.65
136.04
136.41
136.9
137.23
137.53
137.82
138.32
138.58
139.29
139.97
140.24
140.52
140.79
141.06
141.32
141.83
142.36
142.62
142.88
143.14
143.4
143.66
143.92
144.19
144.46
144.72
144.99
145.26
145.53
145.8
146.1
146.38
146.66
146.94
147.24
147.52
147.79
148.06
148.33
148.6
148.88
149.15
149.44
149.71
150.01
150.28
150.56
150.85
151.13
151.4
151.67
151.95
152.22
152.49
152.77
153.34
153.61
153.88
154.16
154.44
154.79
155.06
155.33
155.59
155.86
156.15
156.41
156.77
157.03
157.29
157.72
158.5
159.04
159.31
159.57
159.83
160.1
160.36
160.63
160.89
161.29
161.57
162.07
162.55
162.84
163.41
163.69
163.97
164.34
164.63
164.92
165.21
165.51
165.8
166.09
166.82
167.08
167.47
167.74
168.07
168.4
169.18
169.71
170.02
170.33
170.73
171.02
171.31
171.59
171.88
172.45
172.74
173.02
173.48
173.75
174.02
174.52
174.78
175.05
175.33
175.6
175.86
176.39
176.92
177.31
177.58
178.34
178.6
178.88
179.15
179.68
180.13
180.64
181.14
181.66
182.17
182.6
183.05
183.32
183.59
183.85
184.12
184.45
184.71
184.98
185.26
185.53
185.79
186.06
186.36
186.87
187.16
187.72
188.22
188.49
188.76
189.03
189.29
189.64
189.93
190.19
190.63
190.89
191.16
191.42
191.69
191.95
192.21
192.47
192.74
193.2
193.47
193.74
194.03
194.29
194.56
194.83
195.09
195.39
195.92
196.18
196.45
196.74
197.01
197.29
197.56
197.83
198.11
198.39
198.67
198.95
199.36
199.66
199.94
200.21
200.49
200.81
201.11
201.4
201.69
201.98
202.25
202.56
202.84
203.16
203.47
203.77
204.06
204.35
204.68
204.99
205.3
205.61
205.9
206.19
206.49
206.81
207.32
207.61
207.87
208.18
208.48
208.76
209.06
209.36
209.62
209.9
210.18
210.47
210.75
211.04
211.32
211.61
211.89
212.17
212.44
212.71
212.99
213.26
213.54
213.84
214.11
214.37
214.64
214.91
215.18
215.45
215.74
216.01
216.27
216.55
216.82
217.1
217.38
217.66
218.12
218.49
218.77
219.04
219.31
219.59
220.13
220.43
221.01
221.48
222.01
222.66
223.06
223.54
224.01
224.39
224.77
225.14
225.52
225.85
226.38
226.73
227.01
227.45
227.71
227.97
228.32
229.12
229.39
229.66
229.92
230.19
230.46
230.73
231.0
231.31
232.31
232.57
232.84
233.11
233.37
233.63
233.89
234.15
234.41
234.68
234.95
235.21
235.48
235.74
236.01
236.56
236.99
237.25
237.52
238.04
238.56
238.82
239.09
239.35
239.61
240.13
240.39
240.66
240.92
241.19
241.71
242.26
242.52
242.79
243.06
243.32
243.59
244.12
244.38
244.64
244.91
245.24
245.55
246.83
247.29
247.59
248.09
248.44
249.01
249.3
249.58
249.87
250.13
250.42
250.72
251.01
251.3
251.58
251.86
252.15
252.51
252.78
253.22
253.5
253.77
254.04
254.32
254.61
254.9
255.16
255.42
255.68
255.96
256.23
256.5
256.77
257.05
257.32
257.59
257.87
258.88
259.14
259.65
260.39
260.9
261.21
261.71
261.97
262.49
263.03
263.54
264.09
264.63
265.13
265.65
266.17
266.7
267.25
267.78
268.32
268.88
269.48
270.16
270.43
270.69
270.96
271.23
271.59
271.92
272.24
272.51
272.8
273.39
273.8
