0.160
0.640
1.120
1.620
2.120
2.620
3.140
3.620
4.100
4.580
5.080
5.580
6.100
6.600
7.080
7.560
8.040
8.520
9.000
9.520
10.020
10.500
10.980
11.460
11.960
12.460
12.980
13.480
14.000
14.540
15.060
15.560
16.080
16.580
17.080
17.600
18.120
18.640
19.140
19.640
20.160
20.660
21.160
21.660
22.180
22.680
23.200
23.720
24.240
24.740
25.240
25.720
26.200
26.680
27.160
27.640
28.160
28.660
29.160
29.660
30.180
30.680
31.200
31.720
32.260
32.800
33.320
33.840
34.340
34.840
35.340
35.860
36.360
36.860
37.380
37.880
38.400
38.920
39.460
40.000
40.520
41.020
41.540
42.040
42.540
43.040
43.560
44.060
44.600
45.120
45.640
46.140
46.640
47.160
47.700
48.200
48.720
49.220
49.720
50.220
50.740
51.240
51.740
52.240
52.760
53.260
53.740
54.220
54.700
55.220
55.740
56.280
56.780
57.280
57.800
58.300
58.800
59.320
59.860
60.380
60.920
61.420
61.940
62.440
62.940
63.440
63.960
64.460
64.960
65.480
66.000
66.520
67.060
67.600
68.120
68.660
69.200
69.720
70.240
70.780
71.300
71.820
72.320
72.820
73.340
73.840
74.380
74.900
75.400
75.920
76.420
76.920
77.440
77.940
78.440
78.980
79.480
80.000
80.500
81.000
81.500
82.020
82.520
83.020
83.520
84.000
84.480
84.980
85.500
86.000
86.500
87.000
87.480
87.980
88.480
89.000
89.520
90.060
90.600
91.120
91.660
92.200
92.720
93.220
93.720
94.240
94.740
95.240
95.760
96.280
96.800
97.320
97.820
98.300
98.780
99.240
99.680
100.100
100.540
101.000
101.500
102.000
102.500
103.020
103.520
104.020
104.520
105.040
105.540
106.040
106.540
107.080
107.600
108.140
108.680
109.200
109.740
110.260
110.760
111.280
111.780
112.280
112.780
113.300
113.780
114.280
114.780
115.280
115.780
116.300
116.800
117.300
117.820
118.320
118.840
119.380
119.940
120.500
121.040
121.580
122.100
122.640
123.180
123.700
124.200
124.720
125.220
125.720
126.220
126.740
127.240
127.740
128.240
128.760
129.260
129.760
130.280
130.780
131.280
131.820
132.340
132.880
133.420
133.940
134.480
135.020
135.520
136.040
136.540
137.040
137.540
138.040
138.520
139.020
139.520
140.020
140.540
141.060
141.580
142.080
142.580
143.080
143.620
144.160
144.720
145.300
145.820
146.340
146.840
147.360
147.860
148.360
148.860
149.380
149.880
150.380
150.880
151.400
151.900
152.380
152.860
153.380
153.880
154.380
154.880
155.400
155.900
156.400
156.920
157.440
157.960
158.460
158.980
159.520
160.040
160.580
161.080
161.560
162.040
162.520
163.000
163.480
163.960
164.460
164.960
165.460
165.960
166.440
166.920
167.400
167.900
168.400
168.900
169.400
169.920
170.420
170.920
171.420
171.940
172.440
172.940
173.420
173.900
174.380
174.880
175.380
175.860
176.360
176.860
177.360
177.860
178.380
178.880
179.380
179.880
180.400
180.940
181.500
182.060
182.580
183.080
183.580
184.080
184.600
185.080
185.560
186.040
186.520
187.000
187.480
187.960
188.460
188.960
189.480
189.980
190.480
190.980
191.460
191.940
192.440
192.980
193.500
194.040
194.580
195.100
195.640
196.180
196.680
197.180
197.680
198.200
198.700
199.200
199.700
200.180
200.660
201.140
201.640
202.140
202.640
203.160
203.660
204.160
204.660
205.180
205.680
206.200
206.720
207.220
207.720
208.220
208.740
209.240
209.740
210.240
210.740
211.220
211.720
212.220
212.720
213.240
213.740
214.240
214.740
215.260
215.760
216.260
216.800
217.320
217.860
218.400
218.920
219.460
219.960
220.480
220.980
221.480
222.000
222.500
223.000
223.500
224.020
224.520
225.020
225.520
226.060
226.580
227.100
227.580
228.060
228.540
229.040
229.560
230.060
230.560
231.060
231.560
232.040
232.560
233.100
233.620
234.160
234.700
235.220
235.720
236.240
236.740
237.240
237.740
238.260
238.780
239.320
239.860
240.380
240.920
241.460
241.980
242.500
243.000
243.500
244.020
244.520
245.020
245.540
246.080
246.600
247.140
247.660
248.160
248.660
249.180
249.680
250.180
250.680
251.200
251.700
252.240
252.780
253.300
253.840
254.360
254.860
255.340
255.820
256.340
256.840
257.340
257.840
258.360
258.860
259.360
259.880
260.380
260.920
261.460
261.980
262.520
263.040
263.540
264.060
264.600
265.120
265.660
266.200
266.720
267.260
267.800
268.340
268.940
269.540
270.140
270.740
271.340
271.940
272.540
273.140
273.740
274.340
