0.1250000000
0.6354167000
1.1354166000
1.5937500000
2.0770833000
2.6125000000
3.1187500000
3.6250000000
4.0833335000
4.5583334000
5.0479170000
5.5645833000
6.0583334000
6.5604167000
7.0416665000
7.5250000000
7.9937500000
8.4750000000
9.0187500000
9.4687500000
9.9770830000
10.4875000000
10.9875000000
11.4687500000
11.9979160000
12.4583330000
12.9583330000
13.4750000000
14.0000000000
14.5291660000
15.0458340000
15.5770840000
16.0937500000
16.5958330000
17.0770840000
17.5708330000
18.0770840000
18.6250000000
19.1250000000
19.6416660000
20.1250000000
20.6500000000
21.1604180000
21.6895830000
22.2083340000
22.6895830000
23.1729160000
23.6958330000
24.2041660000
24.7250000000
25.2270830000
25.7375000000
26.1895830000
26.6958330000
27.1958330000
27.6312500000
28.1604180000
28.6604180000
29.1770840000
29.6791670000
30.1958330000
30.6770840000
31.2187500000
31.7250000000
32.2687500000
32.7625000000
33.3166660000
33.8270840000
34.3250000000
34.8270840000
35.3625000000
35.8750000000
36.3812500000
36.8562500000
37.3750000000
37.9104160000
38.3979150000
38.9270820000
39.4395830000
39.9583320000
40.5104180000
41.0125000000
41.5104180000
42.0187500000
42.5062500000
43.0437500000
43.5604170000
44.0416680000
44.5479160000
45.1104160000
45.5937500000
46.1250000000
46.6604160000
47.1666680000
47.7250000000
48.2625000000
48.7666660000
49.2312500000
49.7145840000
50.2187500000
50.7437500000
51.2729150000
51.7604180000
52.3104170000
52.7437500000
53.2375000000
53.7250000000
54.2312500000
54.7291680000
55.1770820000
55.6958350000
56.2916680000
56.7791670000
57.2375000000
57.7437500000
58.2791670000
58.8125000000
59.3270840000
59.8270840000
60.3500000000
60.8812500000
61.3979150000
61.8979150000
62.4229160000
62.9229160000
63.4229160000
63.9187500000
64.4708300000
64.9583360000
65.4500000000
66.0000000000
66.4937500000
67.1125000000
67.5833360000
68.1250000000
68.6312500000
69.1479200000
69.6770860000
70.2145840000
70.7437500000
71.2916640000
71.8020860000
72.3208300000
72.8083340000
73.3104200000
73.8020860000
74.3395840000
74.8625000000
75.3791660000
75.8979200000
76.4395800000
76.9270860000
77.4166640000
77.9583360000
78.4395800000
78.9520800000
79.4750000000
79.9937500000
80.4812500000
81.0104140000
81.5104140000
82.0062500000
82.4750000000
83.0416640000
83.4937500000
83.9937500000
84.5104140000
84.9937500000
85.4458300000
85.9458300000
86.4354200000
86.9645840000
87.4458300000
87.9583360000
88.4583360000
88.9583360000
89.4958340000
90.0416640000
90.5645800000
91.0833360000
91.6125000000
92.0937500000
92.6250000000
93.1770860000
93.7083360000
94.2312500000
94.7437500000
95.2500000000
95.7791700000
96.2854160000
96.7916640000
97.3270800000
97.8645860000
98.4166640000
98.9333340000
99.4520800000
99.9395800000
100.4520800000
101.0104140000
101.4812500000
101.9937500000
102.4937500000
103.0104140000
103.5187500000
104.0291700000
104.5104140000
104.9937500000
105.4750000000
106.0125000000
106.5479200000
107.0479200000
107.5958300000
108.1312500000
108.7083360000
109.2270800000
109.7666700000
110.2625000000
110.7604140000
111.2916640000
111.7979200000
112.2979200000
112.7729200000
113.2791700000
113.7916640000
114.3125000000
114.8083340000
115.2916640000
115.7604140000
116.2687500000
116.7916640000
117.2916640000
117.8145800000
118.3270800000
118.8270800000
119.3437500000
119.8812500000
120.4270860000
121.0125000000
121.5104140000
122.0604200000
122.5708300000
123.1125000000
123.6416700000
124.1812500000
124.6770860000
125.1791700000
125.7250000000
126.2250000000
126.7270800000
127.2729200000
127.7729200000
128.2604200000
128.7750000000
129.2291700000
129.7270800000
130.2083300000
130.7145800000
131.2312500000
131.7604200000
132.2979100000
132.8208300000
133.3333300000
133.8750000000
134.4250000000
134.9583300000
135.5104200000
136.0125000000
136.5145900000
137.0000000000
137.4812500000
137.9937400000
138.4937400000
138.9750000000
139.5125000000
140.0104200000
140.5229200000
141.0291600000
141.5583300000
142.0812500000
142.5583300000
143.0958400000
143.5770900000
144.0770900000
144.7125000000
145.2500000000
145.7583300000
146.3083300000
146.8458400000
147.4062500000
147.8812600000
148.3625000000
148.8895900000
149.3812600000
149.8958300000
150.4062500000
150.8875000000
151.3812600000
151.8562500000
152.3520800000
152.8583400000
153.3270900000
153.8562500000
154.3916600000
154.9291700000
155.3812600000
155.8625000000
156.3812600000
156.8562500000
157.3916600000
157.9270800000
158.4270800000
159.0145900000
159.5354200000
160.0104200000
160.5479100000
161.0229200000
161.4750000000
161.9770800000
162.4875000000
162.9750000000
163.4770800000
163.9645800000
164.4458300000
164.9583300000
165.4458300000
165.9229100000
166.3979200000
166.8812600000
167.3812600000
167.8750000000
168.3812600000
168.8937500000
169.3979200000
169.8833300000
170.4166700000
170.9645800000
171.4458300000
171.9166700000
172.4270800000
172.9458300000
173.4166700000
173.8750000000
174.3750000000
174.8500000000
175.3458400000
175.8437500000
176.3270900000
176.8083300000
177.2791600000
177.8270900000
178.3270900000
178.8916600000
179.3750000000
179.8916600000
180.3937500000
180.9166700000
181.4458300000
182.0062600000
182.5583300000
183.1062500000
183.6250000000
184.1250000000
184.5812500000
185.0958400000
185.5937500000
186.0770900000
186.5479100000
187.0312500000
187.5104200000
188.0145900000
188.4645800000
188.9458300000
189.4270800000
189.9583300000
190.4458300000
190.9812500000
191.4395900000
191.9562500000
192.4583300000
192.9687500000
193.5125000000
193.9937400000
194.4750000000
195.0187500000
195.5958400000
196.1791700000
196.6812400000
197.1604200000
197.6479200000
198.1583400000
198.6604200000
199.1125000000
199.6416600000
200.1562500000
200.6312600000
201.1208300000
201.6354200000
202.1125000000
202.6416600000
203.1437500000
203.6604200000
204.2020900000
204.6875000000
205.1958300000
205.6770800000
206.1604200000
206.6770800000
207.2020900000
207.7187500000
208.1958300000
208.7250000000
209.2437400000
209.7500000000
210.2500000000
210.7437400000
211.2500000000
211.7666600000
212.2625000000
212.7083300000
213.1770800000
213.7083300000
214.2187500000
214.7083300000
215.2437400000
215.7187500000
216.1958300000
216.7250000000
217.2854200000
217.8145900000
218.4104200000
218.9229100000
219.4750000000
219.9770800000
220.4937400000
220.9979100000
221.5229200000
222.0104200000
222.5604100000
223.0770900000
223.5583300000
224.0687600000
224.5416700000
225.0291600000
225.5645900000
226.0770900000
226.6125000000
227.0937500000
227.5770900000
228.0645900000
228.5958400000
229.0416700000
229.5083300000
230.0166600000
230.5187500000
231.0583300000
231.5770900000
232.0479100000
232.5479100000
233.0645900000
233.5958400000
234.1312600000
234.6604200000
235.1833300000
235.7020900000
236.2145800000
236.7312500000
237.2250000000
237.7270800000
238.2437400000
238.7791600000
239.2979100000
239.8333300000
240.3750000000
240.8916600000
241.3979200000
241.9270800000
242.5229200000
243.0125000000
243.4937400000
244.0104200000
244.5416700000
245.0354200000
245.5291600000
246.0437500000
246.5625000000
247.1062500000
247.6416600000
248.1062500000
248.5937500000
249.1250000000
249.6354200000
250.1625000000
250.6770800000
251.1791700000
251.7020900000
252.2312500000
252.7500000000
253.2958400000
253.8104100000
254.3145900000
254.8020800000
255.3145900000
255.8145900000
256.3271000000
256.8333400000
257.2916600000
257.8271000000
258.3271000000
258.8271000000
259.3437500000
259.8625000000
260.3812600000
260.9104300000
261.4583400000
261.9937400000
262.4937400000
263.0416600000
263.5583200000
264.0604200000
264.5937500000
265.1250000000
265.6479200000
266.1396000000
266.7083400000
267.2416700000
267.7979000000
268.3333400000
269.0500000000
