(-1 68 65 1 0)
(0 70 66 1 0)
(1 67 64 1 0)
(2 53 56 1 1)
(3 68 65 1 0)
(4 65 63 1 0)
(5 65 63 1 0)
(6 64 62 1 0)
(7 65 63 1 0)
(8 67 64 1 0)
(9 70 66 1 0)
(10 68 65 1 0)
(11 72 67 1 0)
(12 73 68 1 0)
(13 70 66 1 0)
(14 56 58 1 1)
(15 72 67 1 0)
(16 68 65 1 0)
(17 68 65 1 0)
(18 67 64 1 0)
(19 68 65 1 0)
(20 70 66 1 0)
(21 73 68 1 0)
(22 72 67 1 0)
(23 75 69 1 0)
(24 75 69 1 0)
(25 75 69 1 0)
(26 75 69 1 0)
(27 75 69 2 0)
(29 77 70 1 0)
(30 68 65 2 0)
(32 70 66 1 0)
(33 68 65 1 0)
(35 79 71 1/2 0)
(71/2 77 70 1/2 0)
(36 68 65 2 0)
(38 70 66 1 0)
(39 68 65 1 0)
(41 68 65 1 0)
(42 70 66 1 0)
(43 67 64 1 0)
(44 53 56 1 1)
(45 68 65 1 0)
(46 65 63 1 0)
(47 65 63 1 0)
(48 64 62 1 0)
(49 65 63 1 0)
(50 67 64 1 0)
(51 70 66 1 0)
(52 68 65 1 0)
(53 72 67 1 0)
(54 73 68 1 0)
(55 70 66 1 0)
(56 56 58 1 1)
(57 72 67 1 0)
(58 68 65 1 0)
(59 68 65 1 0)
(60 67 64 1 0)
(61 68 65 1 0)
(62 70 66 1 0)
(63 73 68 1 0)
(64 72 67 1 0)
(65 75 69 1 0)
(66 75 69 1 0)
(67 75 69 1 0)
(68 75 69 1 0)
(69 75 69 2 0)
(71 77 70 1 0)
(72 68 65 2 0)
(74 70 66 1 0)
(75 68 65 1 0)
(77 79 71 1/2 0)
(155/2 77 70 1/2 0)
(78 68 65 2 0)
(80 70 66 1 0)
(81 68 65 1 0)
(83 75 69 1 0)
(84 76 70 1 0)
(85 73 68 1 0)
(86 61 61 1 1)
(87 75 69 1 0)
(88 72 67 1 0)
(89 63 62 1 1)
(90 78 71 1 0)
(91 75 69 1 0)
(92 63 62 1 1)
(93 77 70 1 0)
(94 73 68 1 0)
(95 65 63 1 1)
(96 70 66 2 0)
(98 72 67 1 0)
(99 70 66 1 0)
(101 78 71 1/2 0)
(203/2 77 70 1/2 0)
(102 70 66 2 0)
(104 72 67 1 0)
(105 70 66 1 0)
(107 73 68 1/2 0)
(215/2 72 67 1/2 0)
(108 70 66 1 0)
(110 73 68 1/2 0)
(221/2 72 67 1/2 0)
(111 70 66 1 0)
(113 73 68 1/2 0)
(227/2 72 67 1/2 0)
(114 70 66 1/2 0)
(229/2 72 67 1/2 0)
(115 73 68 1/2 0)
(231/2 72 67 1/2 0)
(116 70 66 1/2 0)
(233/2 72 67 1/2 0)
(117 70 66 1/2 0)
(235/2 68 65 1/2 0)
(118 67 64 1/2 0)
(237/2 68 65 1/2 0)
(119 67 64 1/2 0)
(239/2 65 63 1/2 0)
(120 64 62 1/2 0)
(241/2 65 63 1/2 0)
(121 67 64 1/2 0)
(243/2 65 63 1/2 0)
(122 68 65 1/2 0)
(245/2 59 59 1/2 0)
(123 60 60 1 0)
(124 60 60 1 1)
(125 68 65 1 1)
(126 70 66 1 1)
(127 67 64 1 1)
(128 76 69 1 0)
(129 77 70 1 0)
(130 80 72 1 0)
(131 84 74 1 0)
(132 85 75 1 0)
(133 82 73 1 0)
(134 82 73 1 0)
(135 84 74 1 0)
(136 80 72 1 0)
(137 80 72 1 0)
(138 82 73 1 0)
(139 79 71 1 0)
(140 79 71 1 0)
(141 80 72 1 0)
(142 77 70 1 0)
(143 77 70 1 0)
(144 77 70 2 0)
(146 79 71 1 0)
(147 77 70 1 0)
(149 75 69 1/2 0)
(299/2 73 68 1/2 0)
(150 65 63 2 0)
(152 67 64 1 0)
(153 65 63 1 0)
(156 60 60 3 0)
(159 53 56 1 0)
(161 75 69 1 0)
(162 76 70 1 0)
(163 73 68 1 0)
(164 61 61 1 1)
(165 75 69 1 0)
(166 72 67 1 0)
(167 63 62 1 1)
(168 78 71 1 0)
(169 75 69 1 0)
(170 63 62 1 1)
(171 77 70 1 0)
(172 73 68 1 0)
(173 65 63 1 1)
(174 70 66 2 0)
(176 72 67 1 0)
(177 70 66 1 0)
(179 78 71 1/2 0)
(359/2 77 70 1/2 0)
(180 70 66 2 0)
(182 72 67 1 0)
(183 70 66 1 0)
(185 73 68 1/2 0)
(371/2 72 67 1/2 0)
(186 70 66 1 0)
(188 73 68 1/2 0)
(377/2 72 67 1/2 0)
(189 70 66 1 0)
(191 73 68 1/2 0)
(383/2 72 67 1/2 0)
(192 70 66 1/2 0)
(385/2 72 67 1/2 0)
(193 73 68 1/2 0)
(387/2 72 67 1/2 0)
(194 70 66 1/2 0)
(389/2 72 67 1/2 0)
(195 70 66 1/2 0)
(391/2 68 65 1/2 0)
(196 67 64 1/2 0)
(393/2 68 65 1/2 0)
(197 67 64 1/2 0)
(395/2 65 63 1/2 0)
(198 64 62 1/2 0)
(397/2 65 63 1/2 0)
(199 67 64 1/2 0)
(399/2 65 63 1/2 0)
(200 68 65 1/2 0)
(401/2 59 59 1/2 0)
(201 60 60 1 0)
(202 60 60 1 1)
(203 68 65 1 1)
(204 70 66 1 1)
(205 67 64 1 1)
(206 76 69 1 0)
(207 77 70 1 0)
(208 80 72 1 0)
(209 84 74 1 0)
(210 85 75 1 0)
(211 82 73 1 0)
(212 82 73 1 0)
(213 84 74 1 0)
(214 80 72 1 0)
(215 80 72 1 0)
(216 82 73 1 0)
(217 79 71 1 0)
(218 79 71 1 0)
(219 80 72 1 0)
(220 77 70 1 0)
(221 77 70 1 0)
(222 77 70 2 0)
(224 79 71 1 0)
(225 77 70 1 0)
(227 75 69 1/2 0)
(455/2 73 68 1/2 0)
(228 65 63 2 0)
(230 67 64 1 0)
(231 65 63 1 0)
(234 60 60 3 0)
(237 53 56 1 0)
(239 60 60 1 0)
(240 69 65 1/2 0)
(481/2 67 64 1/2 0)
(241 69 65 1/2 0)
(483/2 65 63 1/2 0)
(242 67 64 1/2 0)
(485/2 69 65 1/2 0)
(243 70 66 1/2 0)
(487/2 69 65 1/2 0)
(244 70 66 1/2 0)
(489/2 67 64 1/2 0)
(245 69 65 1/2 0)
(491/2 71 66 1/2 0)
(246 72 67 1/2 0)
(493/2 71 66 1/2 0)
(247 72 67 1/2 0)
(495/2 74 68 1/2 0)
(248 72 67 1/2 0)
(497/2 70 66 1/2 0)
(249 69 65 1/2 0)
(499/2 67 64 1/2 0)
(250 69 65 1/2 0)
(501/2 70 66 1/2 0)
(251 69 65 1/2 0)
(503/2 65 63 1/2 0)
(252 69 65 1 0)
(253 72 67 1 0)
(254 77 70 1 0)
(255 67 64 1 0)
(256 74 68 1 0)
(257 77 70 1 0)
(258 67 64 1 0)
(259 77 70 1 0)
(260 76 69 1 0)
(261 65 63 1 0)
(262 74 68 1 0)
(263 72 67 1 0)
(264 43 50 1/2 1)
(529/2 67 64 1/2 0)
(265 64 62 1/2 0)
(531/2 60 60 1/2 0)
(266 65 63 1/2 0)
(533/2 62 61 1/2 0)
(267 60 60 1 0)
(268 48 53 1 1)
(269 60 60 1 0)
(270 69 65 1/2 0)
(541/2 67 64 1/2 0)
(271 69 65 1/2 0)
(543/2 65 63 1/2 0)
(272 67 64 1/2 0)
(545/2 69 65 1/2 0)
(273 70 66 1/2 0)
(547/2 69 65 1/2 0)
(274 70 66 1/2 0)
(549/2 67 64 1/2 0)
(275 69 65 1/2 0)
(551/2 71 66 1/2 0)
(276 72 67 1/2 0)
(553/2 71 66 1/2 0)
(277 72 67 1/2 0)
(555/2 74 68 1/2 0)
(278 72 67 1/2 0)
(557/2 70 66 1/2 0)
(279 69 65 1/2 0)
(559/2 67 64 1/2 0)
(280 69 65 1/2 0)
(561/2 70 66 1/2 0)
(281 69 65 1/2 0)
(563/2 65 63 1/2 0)
(282 69 65 1 0)
(283 72 67 1 0)
(284 77 70 1 0)
(285 67 64 1 0)
(286 74 68 1 0)
(287 77 70 1 0)
(288 67 64 1 0)
(289 77 70 1 0)
(290 76 69 1 0)
(291 65 63 1 0)
(292 74 68 1 0)
(293 72 67 1 0)
(294 43 50 1/2 1)
(589/2 67 64 1/2 0)
(295 64 62 1/2 0)
(591/2 60 60 1/2 0)
(296 65 63 1/2 0)
(593/2 62 61 1/2 0)
(297 60 60 1 0)
(298 48 53 1 1)
(299 60 60 1 0)
(300 64 62 1/2 0)
(601/2 62 61 1/2 0)
(301 64 62 1/2 0)
(603/2 60 60 1/2 0)
(302 62 61 1/2 0)
(605/2 64 62 1/2 0)
(303 65 63 1/2 0)
(607/2 64 62 1/2 0)
(304 65 63 1/2 0)
(609/2 62 61 1/2 0)
(305 64 62 1/2 0)
(611/2 65 63 1/2 0)
(306 67 64 1/2 0)
(613/2 66 63 1/2 0)
(307 67 64 1/2 0)
(615/2 64 62 1/2 0)
(308 65 63 1/2 0)
(617/2 67 64 1/2 0)
(309 69 65 1/2 0)
(619/2 65 63 1/2 0)
(310 69 65 1/2 0)
(621/2 72 67 1/2 0)
(311 77 70 1/2 0)
(623/2 81 72 1/2 0)
(312 84 74 3 0)
(315 83 73 3 0)
(318 82 73 1 0)
(319 67 64 1/2 1)
(639/2 67 64 1/2 0)
(320 69 65 1/2 0)
(641/2 70 66 1/2 0)
(321 72 67 1/2 0)
(643/2 70 66 1/2 0)
(322 72 67 1/2 0)
(645/2 69 65 1/2 0)
(323 70 66 1/2 0)
(647/2 72 67 1/2 0)
(324 74 68 1/2 0)
(649/2 72 67 1/2 0)
(325 74 68 1/2 0)
(651/2 76 69 1/2 0)
(326 77 70 1/2 0)
(653/2 79 71 1/2 0)
(327 81 72 1/2 0)
(655/2 79 71 1/2 0)
(328 81 72 1/2 0)
(657/2 77 70 1/2 0)
(329 79 71 1/2 0)
(659/2 81 72 1/2 0)
(330 82 73 1/2 0)
(661/2 81 72 1/2 0)
(331 79 71 1/2 0)
(663/2 81 72 1/2 0)
(332 79 71 1/2 0)
(665/2 77 70 1/2 0)
(333 76 69 1/2 0)
(667/2 77 70 1/2 0)
(334 76 69 1/2 0)
(669/2 74 68 1/2 0)
(335 72 67 1/2 0)
(671/2 74 68 1/2 0)
(336 72 67 3 0)
(339 71 66 3 0)
(342 70 66 3 0)
(345 69 65 1/2 0)
(691/2 67 64 1/2 0)
(346 69 65 1/2 0)
(693/2 65 63 1/2 0)
(347 67 64 1/2 0)
(695/2 69 65 1/2 0)
(348 70 66 1/2 0)
(697/2 69 65 1/2 0)
(349 70 66 1/2 0)
(699/2 67 64 1/2 0)
(350 69 65 1/2 0)
(701/2 71 66 1/2 0)
(351 72 67 1/2 0)
(703/2 71 66 1/2 0)
(352 72 67 1/2 0)
(705/2 74 68 1/2 0)
(353 72 67 1/2 0)
(707/2 70 66 1/2 0)
(354 69 65 1/2 0)
(709/2 67 64 1/2 0)
(355 69 65 1/2 0)
(711/2 70 66 1/2 0)
(356 69 65 1/2 0)
(713/2 65 63 1/2 0)
(357 69 65 1 0)
(358 72 67 1 0)
(359 77 70 1 0)
(360 74 68 1 0)
(361 67 64 1 0)
(362 65 63 1 0)
(363 64 62 1 0)
(364 67 64 1 0)
(365 72 67 1 0)
(366 65 63 1 0)
(367 53 56 1 1)
(368 60 60 1 0)
(369 64 62 1/2 0)
(739/2 62 61 1/2 0)
(370 64 62 1/2 0)
(741/2 60 60 1/2 0)
(371 62 61 1/2 0)
(743/2 64 62 1/2 0)
(372 65 63 1/2 0)
(745/2 64 62 1/2 0)
(373 65 63 1/2 0)
(747/2 62 61 1/2 0)
(374 64 62 1/2 0)
(749/2 65 63 1/2 0)
(375 67 64 1/2 0)
(751/2 66 63 1/2 0)
(376 67 64 1/2 0)
(753/2 64 62 1/2 0)
(377 65 63 1/2 0)
(755/2 67 64 1/2 0)
(378 69 65 1/2 0)
(757/2 65 63 1/2 0)
(379 69 65 1/2 0)
(759/2 72 67 1/2 0)
(380 77 70 1/2 0)
(761/2 81 72 1/2 0)
(381 84 74 3 0)
(384 83 73 3 0)
(387 82 73 1 0)
(388 67 64 1/2 1)
(777/2 67 64 1/2 0)
(389 69 65 1/2 0)
(779/2 70 66 1/2 0)
(390 72 67 1/2 0)
(781/2 70 66 1/2 0)
(391 72 67 1/2 0)
(783/2 69 65 1/2 0)
(392 70 66 1/2 0)
(785/2 72 67 1/2 0)
(393 74 68 1/2 0)
(787/2 72 67 1/2 0)
(394 74 68 1/2 0)
(789/2 76 69 1/2 0)
(395 77 70 1/2 0)
(791/2 79 71 1/2 0)
(396 81 72 1/2 0)
(793/2 79 71 1/2 0)
(397 81 72 1/2 0)
(795/2 77 70 1/2 0)
(398 79 71 1/2 0)
(797/2 81 72 1/2 0)
(399 82 73 1/2 0)
(799/2 81 72 1/2 0)
(400 79 71 1/2 0)
(801/2 81 72 1/2 0)
(401 79 71 1/2 0)
(803/2 77 70 1/2 0)
(402 76 69 1/2 0)
(805/2 77 70 1/2 0)
(403 76 69 1/2 0)
(807/2 74 68 1/2 0)
(404 72 67 1/2 0)
(809/2 74 68 1/2 0)
(405 72 67 3 0)
(408 71 66 3 0)
(411 70 66 3 0)
(414 69 65 1/2 0)
(829/2 67 64 1/2 0)
(415 69 65 1/2 0)
(831/2 65 63 1/2 0)
(416 67 64 1/2 0)
(833/2 69 65 1/2 0)
(417 70 66 1/2 0)
(835/2 69 65 1/2 0)
(418 70 66 1/2 0)
(837/2 67 64 1/2 0)
(419 69 65 1/2 0)
(839/2 71 66 1/2 0)
(420 72 67 1/2 0)
(841/2 71 66 1/2 0)
(421 72 67 1/2 0)
(843/2 74 68 1/2 0)
(422 72 67 1/2 0)
(845/2 70 66 1/2 0)
(423 69 65 1/2 0)
(847/2 67 64 1/2 0)
(424 69 65 1/2 0)
(849/2 70 66 1/2 0)
(425 69 65 1/2 0)
(851/2 65 63 1/2 0)
(426 69 65 1 0)
(427 72 67 1 0)
(428 77 70 1 0)
(429 74 68 1 0)
(430 67 64 1 0)
(431 65 63 1 0)
(432 64 62 1 0)
(433 67 64 1 0)
(434 72 67 1 0)
(435 65 63 1 0)
(436 53 56 1 1)
(437 68 65 1 0)
(438 70 66 1 0)
(439 67 64 1 0)
(440 53 56 1 1)
(441 68 65 1 0)
(442 65 63 1 0)
(443 65 63 1 0)
(444 64 62 1 0)
(445 65 63 1 0)
(446 67 64 1 0)
(447 70 66 1 0)
(448 68 65 1 0)
(449 72 67 1 0)
(450 73 68 1 0)
(451 70 66 1 0)
(452 56 58 1 1)
(453 72 67 1 0)
(454 68 65 1 0)
(455 68 65 1 0)
(456 67 64 1 0)
(457 68 65 1 0)
(458 70 66 1 0)
(459 73 68 1 0)
(460 72 67 1 0)
(461 75 69 1 0)
(462 75 69 1 0)
(463 75 69 1 0)
(464 75 69 1 0)
(465 75 69 2 0)
(467 77 70 1 0)
(468 68 65 2 0)
(470 70 66 1 0)
(471 68 65 1 0)
(473 79 71 1/2 0)
(947/2 77 70 1/2 0)
(474 68 65 2 0)
(476 70 66 1 0)
(477 68 65 1 0)
(479 75 69 1 0)
(480 76 70 1 0)
(481 73 68 1 0)
(482 61 61 1 1)
(483 75 69 1 0)
(484 72 67 1 0)
(485 63 62 1 1)
(486 78 71 1 0)
(487 75 69 1 0)
(488 63 62 1 1)
(489 77 70 1 0)
(490 73 68 1 0)
(491 65 63 1 1)
(492 70 66 2 0)
(494 72 67 1 0)
(495 70 66 1 0)
(497 78 71 1/2 0)
(995/2 77 70 1/2 0)
(498 70 66 2 0)
(500 72 67 1 0)
(501 70 66 1 0)
(503 73 68 1/2 0)
(1007/2 72 67 1/2 0)
(504 70 66 1 0)
(506 73 68 1/2 0)
(1013/2 72 67 1/2 0)
(507 70 66 1 0)
(509 73 68 1/2 0)
(1019/2 72 67 1/2 0)
(510 70 66 1/2 0)
(1021/2 72 67 1/2 0)
(511 73 68 1/2 0)
(1023/2 72 67 1/2 0)
(512 70 66 1/2 0)
(1025/2 72 67 1/2 0)
(513 70 66 1/2 0)
(1027/2 68 65 1/2 0)
(514 67 64 1/2 0)
(1029/2 68 65 1/2 0)
(515 67 64 1/2 0)
(1031/2 65 63 1/2 0)
(516 64 62 1/2 0)
(1033/2 65 63 1/2 0)
(517 67 64 1/2 0)
(1035/2 65 63 1/2 0)
(518 68 65 1/2 0)
(1037/2 59 59 1/2 0)
(519 60 60 1 0)
(520 60 60 1 1)
(521 68 65 1 1)
(522 70 66 1 1)
(523 67 64 1 1)
(524 76 69 1 0)
(525 77 70 1 0)
(526 80 72 1 0)
(527 84 74 1 0)
(528 85 75 1 0)
(529 82 73 1 0)
(530 82 73 1 0)
(531 84 74 1 0)
(532 80 72 1 0)
(533 80 72 1 0)
(534 82 73 1 0)
(535 79 71 1 0)
(536 79 71 1 0)
(537 80 72 1 0)
(538 77 70 1 0)
(539 77 70 1 0)
(540 77 70 2 0)
(542 79 71 1 0)
(543 77 70 1 0)
(545 75 69 1/2 0)
(1091/2 73 68 1/2 0)
(546 65 63 2 0)
(548 67 64 1 0)
(549 65 63 1 0)
(552 60 60 3 0)
(555 53 56 1 0)
