(-1 60)
(-1 68)
(0 61)
(0 70)
(1 58)
(1 67)
(2 53)
(3 60)
(3 68)
(4 56)
(4 65)
(5 53)
(5 56)
(5 60)
(5 65)
(6 55)
(6 58)
(6 60)
(6 64)
(7 53)
(7 56)
(7 60)
(7 65)
(8 52)
(8 55)
(8 60)
(8 67)
(9 53)
(9 56)
(9 60)
(9 70)
(10 68)
(11 63)
(11 72)
(12 65)
(12 73)
(13 61)
(13 70)
(14 44)
(14 56)
(15 63)
(15 72)
(16 60)
(16 68)
(17 56)
(17 60)
(17 63)
(17 68)
(18 58)
(18 61)
(18 63)
(18 67)
(19 56)
(19 60)
(19 63)
(19 68)
(20 55)
(20 58)
(20 63)
(20 70)
(21 56)
(21 60)
(21 63)
(21 73)
(22 72)
(23 60)
(23 63)
(23 68)
(23 75)
(24 58)
(24 61)
(24 67)
(24 75)
(25 56)
(25 60)
(25 68)
(25 75)
(26 55)
(26 58)
(26 70)
(26 75)
(27 56)
(27 73)
(27 75)
(28 72)
(29 49)
(29 58)
(29 77)
(30 51)
(30 60)
(30 68)
(32 51)
(32 61)
(32 67)
(32 70)
(33 56)
(33 60)
(33 68)
(35 79)
(71/2 77)
(36 51)
(36 60)
(36 68)
(38 51)
(38 61)
(38 67)
(38 70)
(39 56)
(39 60)
(39 68)
