(437 60)
(437 68)
(438 61)
(438 70)
(439 58)
(439 67)
(440 53)
(441 60)
(441 68)
(442 56)
(442 65)
(443 53)
(443 56)
(443 60)
(443 65)
(444 55)
(444 58)
(444 60)
(444 64)
(445 53)
(445 56)
(445 60)
(445 65)
(446 52)
(446 55)
(446 60)
(446 67)
(447 53)
(447 56)
(447 60)
(447 70)
(448 68)
(449 63)
(449 72)
(450 65)
(450 73)
(451 61)
(451 70)
(452 44)
(452 56)
(453 63)
(453 72)
(454 60)
(454 68)
(455 56)
(455 60)
(455 63)
(455 68)
(456 58)
(456 61)
(456 63)
(456 67)
(457 56)
(457 60)
(457 63)
(457 68)
(458 55)
(458 58)
(458 63)
(458 70)
(459 56)
(459 60)
(459 63)
(459 73)
(460 72)
(461 60)
(461 63)
(461 68)
(461 75)
(462 58)
(462 61)
(462 67)
(462 75)
(463 56)
(463 60)
(463 68)
(463 75)
(464 55)
(464 58)
(464 70)
(464 75)
(465 56)
(465 73)
(465 75)
(466 72)
(467 49)
(467 58)
(467 77)
(468 51)
(468 60)
(468 68)
(470 51)
(470 61)
(470 67)
(470 70)
(471 56)
(471 60)
(471 68)
(473 79)
(947/2 77)
(474 51)
(474 60)
(474 68)
(476 51)
(476 61)
(476 67)
(476 70)
(477 56)
(477 60)
(477 68)
