(191 70)
(765/4 72)
(383/2 70)
(767/4 69)
(192 63)
(192 67)
(192 70)
(385/2 58)
(193 63)
(193 67)
(387/2 58)
(775/4 70)
(194 63)
(194 67)
(194 75)
(389/2 58)
(779/4 75)
(195 65)
(195 68)
(195 75)
(391/2 58)
(196 65)
(196 68)
(196 74)
(393/2 58)
(197 65)
(197 68)
(197 70)
(789/4 72)
(395/2 58)
(395/2 70)
(791/4 69)
(198 63)
(198 67)
(198 70)
(397/2 58)
(199 63)
(199 67)
(399/2 58)
(799/4 70)
(200 63)
(200 67)
(200 79)
(401/2 58)
(803/4 79)
(201 62)
(201 65)
(201 82)
(403/2 58)
(202 62)
(202 65)
(202 80)
(405/2 58)
