(311 70)
(1245/4 72)
(623/2 70)
(1247/4 69)
(312 63)
(312 67)
(312 70)
(625/2 58)
(313 63)
(313 67)
(627/2 58)
(1255/4 70)
(314 63)
(314 67)
(314 75)
(629/2 58)
(1259/4 75)
(315 65)
(315 68)
(315 75)
(631/2 58)
(316 65)
(316 68)
(316 74)
(633/2 58)
(317 65)
(317 68)
(317 70)
(1269/4 72)
(635/2 58)
(635/2 70)
(1271/4 69)
(318 63)
(318 67)
(318 70)
(637/2 58)
(319 63)
(319 67)
(639/2 58)
(1279/4 70)
(320 63)
(320 67)
(320 79)
(641/2 58)
(1283/4 79)
(321 62)
(321 65)
(321 82)
(643/2 58)
(322 62)
(322 65)
(322 80)
(645/2 58)
