(383 70)
(1533/4 72)
(767/2 70)
(1535/4 69)
(384 63)
(384 67)
(384 70)
(769/2 58)
(385 63)
(385 67)
(771/2 58)
(1543/4 70)
(386 63)
(386 67)
(386 75)
(773/2 58)
(1547/4 75)
(387 65)
(387 68)
(387 75)
(775/2 58)
(388 65)
(388 68)
(388 74)
(777/2 58)
(389 65)
(389 68)
(389 70)
(1557/4 72)
(779/2 58)
(779/2 70)
(1559/4 69)
(390 63)
(390 67)
(390 70)
(781/2 58)
(391 63)
(391 67)
(783/2 58)
(1567/4 70)
(392 63)
(392 67)
(392 79)
(785/2 58)
(1571/4 79)
(393 62)
(393 65)
(393 82)
(787/2 58)
(394 62)
(394 65)
(394 80)
(789/2 58)
