(-1 60 60 1 0)
(0 64 62 1/2 0)
(1/2 62 61 1/2 0)
(1 64 62 1/2 0)
(3/2 60 60 1/2 0)
(2 62 61 1/2 0)
(5/2 64 62 1/2 0)
(3 65 63 1/2 0)
(7/2 64 62 1/2 0)
(4 65 63 1/2 0)
(9/2 62 61 1/2 0)
(5 64 62 1/2 0)
(11/2 65 63 1/2 0)
(6 67 64 1/2 0)
(13/2 66 63 1/2 0)
(7 67 64 1/2 0)
(15/2 64 62 1/2 0)
(8 65 63 1/2 0)
(17/2 67 64 1/2 0)
(9 69 65 1/2 0)
(19/2 65 63 1/2 0)
(10 69 65 1/2 0)
(21/2 72 67 1/2 0)
(11 77 70 1/2 0)
(23/2 81 72 1/2 0)
(12 84 74 3 0)
(15 83 73 3 0)
(18 82 73 1 0)
(19 67 64 1/2 1)
(39/2 67 64 1/2 0)
(20 69 65 1/2 0)
(41/2 70 66 1/2 0)
(21 72 67 1/2 0)
(43/2 70 66 1/2 0)
(22 72 67 1/2 0)
(45/2 69 65 1/2 0)
(23 70 66 1/2 0)
(47/2 72 67 1/2 0)
(24 74 68 1/2 0)
(49/2 72 67 1/2 0)
(25 74 68 1/2 0)
(51/2 76 69 1/2 0)
(26 77 70 1/2 0)
(53/2 79 71 1/2 0)
(27 81 72 1/2 0)
(55/2 79 71 1/2 0)
(28 81 72 1/2 0)
(57/2 77 70 1/2 0)
(29 79 71 1/2 0)
(59/2 81 72 1/2 0)
(30 82 73 1/2 0)
(61/2 81 72 1/2 0)
(31 79 71 1/2 0)
(63/2 81 72 1/2 0)
(32 79 71 1/2 0)
(65/2 77 70 1/2 0)
(33 76 69 1/2 0)
(67/2 77 70 1/2 0)
(34 76 69 1/2 0)
(69/2 74 68 1/2 0)
(35 72 67 1/2 0)
(71/2 74 68 1/2 0)
(36 72 67 3 0)
(39 71 66 3 0)
(42 70 66 3 0)
(45 69 65 1/2 0)
(91/2 67 64 1/2 0)
(46 69 65 1/2 0)
(93/2 65 63 1/2 0)
(47 67 64 1/2 0)
(95/2 69 65 1/2 0)
(48 70 66 1/2 0)
(97/2 69 65 1/2 0)
(49 70 66 1/2 0)
(99/2 67 64 1/2 0)
(50 69 65 1/2 0)
(101/2 71 66 1/2 0)
(51 72 67 1/2 0)
(103/2 71 66 1/2 0)
(52 72 67 1/2 0)
(105/2 74 68 1/2 0)
(53 72 67 1/2 0)
(107/2 70 66 1/2 0)
(54 69 65 1/2 0)
(109/2 67 64 1/2 0)
(55 69 65 1/2 0)
(111/2 70 66 1/2 0)
(56 69 65 1/2 0)
(113/2 65 63 1/2 0)
(57 69 65 1 0)
(58 72 67 1 0)
(59 77 70 1 0)
(60 74 68 1 0)
(61 67 64 1 0)
(62 65 63 1 0)
(63 64 62 1 0)
(64 67 64 1 0)
(65 72 67 1 0)
(66 65 63 1 0)
(67 53 56 1 1)
