(0 44 51 1 1)
(3/4 66 64 1/4 0)
(3/4 68 65 1/4 0)
(1 51 55 1 1)
(1 56 58 1 1)
(1 60 60 1/2 0)
(3/2 66 64 1/2 0)
(3/2 68 65 1/2 0)
(2 51 55 1 1)
(2 56 58 1 1)
(2 60 60 1 1)
(2 75 69 1 0)
(3 37 47 1 1)
(3 70 66 1/2 0)
(15/4 65 63 1/4 0)
(15/4 68 65 1/4 0)
(4 53 56 1 1)
(4 56 58 1 1)
(4 61 61 1/2 0)
(9/2 65 63 1/2 0)
(9/2 68 65 1/2 0)
(5 53 56 1 1)
(5 56 58 1 1)
(5 61 61 1 1)
(5 77 70 1 0)
(6 44 51 1 1)
(6 70 66 1/2 0)
(27/4 66 64 1/4 0)
(27/4 68 65 1/4 0)
(7 51 55 1 1)
(7 56 58 1 1)
(7 60 60 1/2 0)
(15/2 66 64 1/2 0)
(15/2 68 65 1/2 0)
(8 51 55 1 1)
(8 56 58 1 1)
(8 60 60 1 1)
(8 78 71 1 0)
(9 49 54 1 1)
(9 82 73 3/2 0)
(10 56 58 1 1)
(10 59 60 1 1)
(10 65 63 1 1)
(43/4 80 72 1/4 0)
(11 50 54 1 1)
(11 71 67 3/4 0)
(47/4 80 72 1/4 0)
(12 51 55 1 1)
(12 70 66 7/8 0)
(103/8 80 72 1/8 0)
(13 54 57 1 1)
(13 58 59 1 1)
(13 63 62 1 1)
(13 70 66 7/8 0)
(111/8 80 72 1/8 0)
(14 42 50 1 1)
(14 70 66 7/8 0)
(119/8 78 71 1/8 0)
(15 44 51 1 1)
(15 69 66 7/8 0)
(127/8 78 71 1/8 0)
(16 53 56 1 1)
(16 61 61 1 1)
(16 68 65 7/8 0)
(135/8 78 71 1/8 0)
(17 53 56 1 1)
(17 61 61 1 1)
(17 68 65 7/8 0)
(143/8 77 70 1/8 0)
(18 44 51 1 1)
(18 67 64 7/8 0)
(151/8 77 70 1/8 0)
(19 51 55 1 1)
(19 56 58 1 1)
(19 60 60 1 1)
(19 66 64 7/8 0)
(159/8 77 70 1/8 0)
(20 51 55 1 1)
(20 56 58 1 1)
(20 60 60 1 1)
(20 66 64 7/8 0)
(167/8 75 69 1/8 0)
(21 49 54 2 1)
(21 65 63 7/8 0)
(21 65 63 1 0)
(175/8 75 69 1/8 0)
(22 56 58 1 1)
(22 61 61 1 1)
(22 65 63 1 0)
(22 73 68 1/3 0)
(67/3 75 69 1/3 0)
(68/3 73 68 1/3 0)
(23 43 50 1 1)
(23 64 62 1 0)
(23 72 67 1/2 0)
(191/8 70 66 1/8 0)
(24 44 51 1 1)
(24 60 60 1 0)
(24 70 66 1/2 0)
(99/4 66 64 1/4 0)
(99/4 68 65 1/4 0)
(25 51 55 1 1)
(25 56 58 1 1)
(25 60 60 1/2 0)
(25 60 60 1 0)
(51/2 66 64 1/2 0)
(51/2 68 65 1/2 0)
(26 51 55 1 1)
(26 56 58 1 1)
(26 60 60 1 1)
(26 75 69 1 0)
(27 37 47 1 1)
(27 70 66 1/2 0)
(111/4 65 63 1/4 0)
(111/4 68 65 1/4 0)
(28 53 56 1 1)
(28 56 58 1 1)
(28 61 61 1/2 0)
(57/2 65 63 1/2 0)
(57/2 68 65 1/2 0)
(29 53 56 1 1)
(29 56 58 1 1)
(29 61 61 1 1)
(29 77 70 1 0)
(30 44 51 1 1)
(30 70 66 1/2 0)
(123/4 66 64 1/4 0)
(123/4 68 65 1/4 0)
(31 51 55 1 1)
(31 56 58 1 1)
(31 60 60 1/2 0)
(63/2 66 64 1/2 0)
(63/2 68 65 1/2 0)
(32 51 55 1 1)
(32 56 58 1 1)
(32 60 60 1 1)
(32 78 71 1 0)
(33 49 54 1 1)
(33 82 73 3/2 0)
(34 56 58 1 1)
(34 59 60 1 1)
(34 65 63 1 1)
(139/4 80 72 1/4 0)
(35 50 54 1 1)
(35 71 67 3/4 0)
(143/4 80 72 1/4 0)
(36 51 55 1 1)
(36 70 66 7/8 0)
(295/8 80 72 1/8 0)
(37 54 57 1 1)
(37 58 59 1 1)
(37 63 62 1 1)
(37 70 66 7/8 0)
(303/8 80 72 1/8 0)
(38 42 50 1 1)
(38 70 66 3/4 0)
(311/8 78 71 1/8 0)
(39 44 51 1 1)
(39 69 66 7/8 0)
(319/8 78 71 1/8 0)
(40 53 56 1 1)
(40 61 61 1 1)
(40 68 65 7/8 0)
(327/8 78 71 1/8 0)
(41 53 56 1 1)
(41 61 61 1 1)
(41 68 65 7/8 0)
(335/8 77 70 1/8 0)
(42 44 51 1 1)
(42 67 64 7/8 0)
(343/8 76 69 1/8 0)
(43 51 55 1 1)
(43 60 60 1 1)
(43 66 64 7/8 0)
(351/8 75 69 1/8 0)
(44 65 63 7/8 0)
(359/8 74 68 1/8 0)
(45 64 63 7/8 0)
(367/8 73 68 1/8 0)
(46 63 62 7/8 0)
(375/8 73 68 1/8 0)
(47 63 62 7/8 0)
(383/8 73 68 13/8 0)
(48 41 49 1 1)
(48 63 62 3/2 0)
(49 53 56 1 1)
(49 60 60 1 1)
(99/2 66 64 1/2 0)
(99/2 69 65 1/2 0)
(50 53 56 1 1)
(50 60 60 1 1)
(50 65 63 1/2 0)
(50 73 68 1/2 0)
(101/2 63 62 1/2 0)
(101/2 69 65 1/2 0)
(51 46 52 1 1)
(51 63 62 3/4 0)
(51 69 65 3/4 0)
(207/4 61 61 1/4 0)
(207/4 70 66 1/4 0)
(52 53 56 1 1)
(52 58 59 1 1)
(52 61 61 1 0)
(52 70 66 1 0)
(53 51 55 1 1)
(53 61 61 1 1)
(53 67 64 1 0)
(53 70 66 1 0)
(54 44 51 1 1)
(54 68 65 3/2 0)
(54 77 70 3/2 0)
(55 56 58 1 1)
(55 66 64 1 1)
(111/2 69 66 1/2 0)
(111/2 72 67 1/2 0)
(56 56 58 1 1)
(56 66 64 1 1)
(56 68 65 1/2 0)
(56 77 70 1/2 0)
(113/2 66 64 1/2 0)
(113/2 72 67 1/2 0)
(57 49 54 1 1)
(57 66 64 3/4 0)
(57 72 67 3/4 0)
(231/4 65 63 1/4 0)
(231/4 73 68 1/4 0)
(58 56 58 1 1)
(58 61 61 1 1)
(58 65 63 1 0)
(58 73 68 1 0)
(59 55 57 1 1)
(59 65 63 1 1)
(59 71 66 1 0)
(59 73 68 1 0)
(60 48 53 1 1)
(60 72 67 3/2 0)
(60 80 72 3/2 0)
(61 60 60 1 1)
(61 70 66 1 1)
(123/2 73 68 1/2 0)
(123/2 76 69 1/2 0)
(62 60 60 1 1)
(62 70 66 1 1)
(62 72 67 1/2 0)
(62 80 72 1/2 0)
(125/2 70 66 1/2 0)
(125/2 76 69 1/2 0)
(63 53 56 3 1)
(63 70 66 3/4 0)
(63 76 69 3/4 0)
(255/4 69 65 1/4 0)
(255/4 77 70 1/4 0)
(64 60 60 1 1)
(64 65 63 1 1)
(64 69 65 1 0)
(64 77 70 1 0)
(65 60 60 1 1)
(65 69 65 1 1)
(65 77 70 7/4 0)
(65 89 77 7/4 0)
(66 41 49 1 1)
(267/4 78 71 1/4 0)
(267/4 90 78 1/4 0)
(67 60 60 1 1)
(67 63 62 1 1)
(67 69 65 1 1)
(67 78 71 1 0)
(67 90 78 1 0)
(68 63 62 1 1)
(68 69 65 1 0)
(68 72 67 1 1)
(69 46 52 1 1)
(69 72 67 3/2 0)
(70 53 56 1 1)
(70 61 61 1 1)
(141/2 70 66 1/2 0)
(71 53 56 1 1)
(71 61 61 1 1)
(71 70 66 1/3 0)
(214/3 68 65 1/3 0)
(215/3 66 64 1/3 0)
(72 46 52 1 1)
(72 65 63 1/2 0)
(72 73 68 3/2 0)
(145/2 66 64 1/2 0)
(73 53 56 1 1)
(73 60 60 1 1)
(73 63 62 1 1)
(73 65 63 1/2 0)
(147/2 66 64 1/2 0)
(147/2 69 65 1/2 0)
(74 53 56 1 1)
(74 60 60 1 1)
(74 63 62 1 1)
(74 65 63 1/2 0)
(74 73 68 1/2 0)
(149/2 63 62 1/2 0)
(149/2 69 65 1/2 0)
(75 46 52 1 1)
(75 63 62 3/4 0)
(75 69 65 3/4 0)
(303/4 61 61 1/4 0)
(303/4 70 66 1/4 0)
(76 53 56 1 1)
(76 58 59 1 1)
(76 61 61 1 0)
(76 70 66 1 0)
(77 51 55 1 1)
(77 61 61 1 1)
(77 67 64 1 0)
(77 70 66 1/3 0)
(232/3 72 67 1/3 0)
(233/3 70 66 1/3 0)
(78 44 51 1 1)
(78 68 65 1/2 0)
(78 77 70 3/2 0)
(157/2 69 66 1/2 0)
(79 56 58 1 1)
(79 60 60 1 1)
(79 66 64 1 1)
(79 68 65 1/2 0)
(159/2 69 66 1/2 0)
(159/2 72 67 1/2 0)
(80 56 58 1 1)
(80 60 60 1 1)
(80 66 64 1 1)
(80 68 65 1/2 0)
(80 77 70 1/2 0)
(161/2 66 64 1/2 0)
(161/2 72 67 1/2 0)
(81 49 54 1 1)
(81 66 64 3/4 0)
(81 72 67 3/4 0)
(327/4 65 63 1/4 0)
(327/4 73 68 1/4 0)
(82 56 58 1 1)
(82 61 61 1 1)
(82 65 63 1 0)
(82 73 68 1 0)
(83 55 57 1 1)
(83 65 63 1 1)
(83 71 66 1 0)
(83 73 68 1/3 0)
(250/3 75 69 1/3 0)
(251/3 73 68 1/3 0)
(84 48 53 1 1)
(84 72 67 1/2 0)
(84 80 72 3/2 0)
(169/2 73 68 1/2 0)
(85 60 60 1 1)
(85 67 64 1 1)
(85 70 66 1 1)
(85 72 67 1/2 0)
(171/2 73 68 1/2 0)
(171/2 76 69 1/2 0)
(86 60 60 1 1)
(86 67 64 1 1)
(86 70 66 1 1)
(86 72 67 1/2 0)
(86 80 72 1/2 0)
(173/2 70 66 1/2 0)
(173/2 76 69 1/2 0)
(87 53 56 2 1)
(87 70 66 3/4 0)
(87 76 69 3/4 0)
(351/4 69 65 1/4 0)
(351/4 77 70 1/4 0)
(88 60 60 1 1)
(88 65 63 1 1)
(88 69 65 1 0)
(88 77 70 1 0)
(89 53 56 1 1)
(89 60 60 1 1)
(89 69 65 1 1)
(89 77 70 1 0)
(89 89 77 1 0)
(90 41 49 1 1)
(90 80 72 3/4 0)
(90 92 79 3/4 0)
(363/4 78 71 1/4 0)
(363/4 90 78 1/4 0)
(91 60 60 1 1)
(91 63 62 1 1)
(91 69 65 1 1)
(91 72 67 1 1)
(91 78 71 1 0)
(91 90 78 1 0)
(92 53 56 1 1)
(92 60 60 1 1)
(92 63 62 1 1)
(92 69 65 1 0)
(93 46 52 1 1)
(93 70 66 3 0)
(94 53 56 1 1)
(94 61 61 1 1)
