(37 53)
(75/2 69)
(38 53)
(38 73)
(77/2 69)
(39 46)
(39 69)
(159/4 70)
(40 53)
(40 61)
(40 70)
(41 51)
(41 61)
(41 70)
(42 44)
(42 77)
(43 56)
(43 66)
(87/2 72)
(44 56)
(44 66)
(44 77)
(89/2 72)
(45 49)
(45 72)
(183/4 73)
(46 56)
(46 65)
(46 73)
(47 55)
(47 65)
(47 73)
(48 48)
(48 80)
(49 60)
(49 70)
(99/2 76)
(50 60)
(50 70)
(50 80)
(101/2 76)
(51 53)
(51 76)
(207/4 77)
(52 60)
(52 77)
(53 60)
(53 77)
(53 89)
(54 41)
(219/4 78)
(219/4 90)
(55 60)
(55 63)
(55 69)
(55 78)
(55 90)
(56 63)
(56 69)
(57 46)
(58 53)
(58 61)
