(205 53)
(411/2 69)
(206 53)
(206 73)
(413/2 69)
(207 46)
(207 69)
(831/4 70)
(208 53)
(208 61)
(208 70)
(209 51)
(209 61)
(209 70)
(210 44)
(210 77)
(211 56)
(211 66)
(423/2 72)
(212 56)
(212 66)
(212 77)
(425/2 72)
(213 49)
(213 72)
(855/4 73)
(214 56)
(214 65)
(214 73)
(215 55)
(215 65)
(215 73)
(216 48)
(216 80)
(217 60)
(217 70)
(435/2 76)
(218 60)
(218 70)
(218 80)
(437/2 76)
(219 53)
(219 76)
(879/4 77)
(220 60)
(220 77)
(221 60)
(221 77)
(221 89)
(222 41)
(891/4 78)
(891/4 90)
(223 60)
(223 63)
(223 69)
(223 78)
(223 90)
(224 63)
(224 69)
(225 46)
(226 53)
(226 61)
