(229 53)
(459/2 69)
(230 53)
(230 73)
(461/2 69)
(231 46)
(231 69)
(927/4 70)
(232 53)
(232 61)
(232 70)
(233 51)
(233 61)
(233 70)
(234 44)
(234 77)
(235 56)
(235 66)
(471/2 72)
(236 56)
(236 66)
(236 77)
(473/2 72)
(237 49)
(237 72)
(951/4 73)
(238 56)
(238 65)
(238 73)
(239 55)
(239 65)
(239 73)
(240 48)
(240 80)
(241 60)
(241 70)
(483/2 76)
(242 60)
(242 70)
(242 80)
(485/2 76)
(243 53)
(243 76)
(975/4 77)
(244 60)
(244 77)
(245 60)
(245 77)
(245 89)
(246 41)
(987/4 78)
(987/4 90)
(247 60)
(247 63)
(247 69)
(247 78)
(247 90)
(248 63)
(248 69)
(249 46)
(250 53)
(250 61)
