0.0
0.71
1.43
2.14
2.86
3.54
4.28
5.0
5.72
6.44
6.8
7.15
7.52
7.86
8.21
8.58
8.93
9.29
9.65
10.01
10.36
10.73
11.08
11.44
11.81
12.16
12.51
12.87
13.22
13.58
13.94
14.31
14.65
15.01
15.37
15.72
16.08
16.44
16.79
17.15
17.51
17.87
18.22
18.59
18.93
19.29
19.65
20.01
20.37
20.73
21.08
21.42
21.79
22.15
22.51
22.87
23.22
23.58
23.93
24.27
24.6
25.01
25.37
25.73
26.07
26.44
26.79
27.15
27.5
27.87
28.22
28.58
28.93
29.29
29.64
30.01
30.36
30.72
31.08
31.44
31.79
32.15
32.51
32.85
33.21
33.93
34.29
34.65
35.0
35.36
35.72
36.07
36.43
36.79
37.15
37.5
37.85
38.21
38.58
38.93
39.29
39.64
40.0
40.36
40.72
41.07
41.44
41.79
42.15
42.51
42.87
43.21
43.58
43.94
44.3
44.66
45.01
45.36
45.72
46.08
46.44
46.8
47.15
47.51
47.87
48.23
48.58
48.94
49.29
49.65
50.02
50.37
50.72
51.08
51.43
51.78
52.13
52.48
52.84
53.2
53.53
53.87
54.25
54.58
54.92
55.27
55.72
56.08
56.44
56.79
57.14
57.51
57.86
58.22
58.57
58.94
59.29
59.65
60.0
60.36
60.73
61.08
61.45
61.79
62.15
62.5
62.86
63.22
63.58
63.93
64.29
64.65
65.01
65.36
65.72
66.07
66.43
66.79
67.14
67.5
67.86
68.22
68.58
68.94
69.3
69.66
70.01
70.36
70.72
71.08
71.43
71.79
72.15
72.51
72.87
73.22
73.58
73.94
74.3
74.65
75.01
75.37
75.72
76.09
76.45
76.81
77.16
77.51
77.87
78.23
78.58
78.93
79.28
79.64
79.97
80.34
80.7
81.07
81.4
81.75
82.1
