0.380
0.720
1.080
1.440
1.800
2.140
2.500
2.860
3.220
3.580
3.920
4.280
4.640
5.000
5.340
5.720
6.080
6.440
6.800
7.160
7.520
7.880
8.240
8.580
8.940
9.300
9.660
10.000
10.360
10.720
11.080
11.440
11.780
12.140
12.500
12.880
13.240
13.580
13.940
14.300
14.660
15.020
15.360
15.720
16.080
16.440
16.780
17.140
17.500
17.860
18.240
18.600
18.960
19.300
19.660
20.020
20.380
20.720
21.080
21.440
21.800
22.160
22.500
22.880
23.240
23.580
23.940
24.300
24.660
25.020
25.360
25.720
26.080
26.440
26.780
27.140
27.500
27.860
28.220
28.580
28.940
29.300
29.680
30.020
30.380
30.740
31.100
31.440
31.800
32.160
32.520
32.880
33.220
33.580
33.940
34.300
34.640
35.000
35.360
35.720
36.080
36.420
36.780
37.140
37.500
37.860
38.240
38.600
38.960
39.300
39.660
40.020
40.380
40.720
41.080
41.440
41.800
42.160
42.500
42.860
43.220
43.580
43.920
44.280
44.640
45.000
45.380
45.740
46.100
46.440
46.800
47.160
47.520
47.880
48.220
48.580
48.940
49.300
49.660
50.020
50.380
50.720
51.080
51.440
51.800
52.160
52.500
52.860
53.220
53.580
53.920
54.280
54.640
55.020
55.380
55.720
56.080
56.440
56.800
57.160
57.500
57.860
58.220
58.580
58.920
59.280
59.660
60.020
60.380
60.720
61.080
61.440
61.800
62.160
62.500
62.860
63.220
63.580
63.920
64.280
64.640
65.000
65.360
65.720
66.100
66.460
66.800
67.160
67.520
67.880
68.240
68.580
68.940
69.300
69.660
70.000
70.360
70.720
71.080
71.440
71.780
72.140
72.500
72.860
73.220
73.600
73.940
74.300
74.660
75.020
75.380
75.720
76.080
76.440
76.800
77.140
77.500
77.860
78.240
78.600
78.980
79.340
79.700
80.040
80.400
80.760
81.120
81.460
81.820
