0.7142857300
1.0714285000
1.4285715000
1.7857143000
2.1428570000
2.5000000000
2.8571430000
3.2142856000
3.5714285000
3.9285715000
4.2857140000
4.6428570000
5.0000000000
5.3571430000
5.7142860000
6.0714290000
6.4285710000
6.7857140000
7.1428570000
7.5000000000
7.8571430000
8.2142860000
8.5714280000
8.9285720000
9.2857140000
9.6428580000
10.0000000000
10.3571420000
10.7142860000
11.0714280000
11.4285720000
11.7857140000
12.1428580000
12.5000000000
12.8571420000
13.2142860000
13.5714280000
13.9285720000
14.2857140000
14.6428580000
15.0000000000
15.3571420000
15.7142860000
16.0714280000
16.4285720000
16.7857150000
17.1428570000
17.5000000000
17.8571430000
18.2142850000
18.5714280000
18.9285720000
19.2857150000
19.6428570000
20.0000000000
20.3571430000
20.7142850000
21.0714280000
21.4285720000
21.7857150000
22.1428570000
22.5000000000
22.8571430000
23.2142850000
23.5714280000
23.9285720000
24.2857150000
24.6428570000
25.0000000000
25.3571430000
25.7142850000
26.0714280000
26.4285720000
26.7857150000
27.1428570000
27.5000000000
27.8571430000
28.2142850000
28.5714280000
28.9285720000
29.2857150000
29.6428570000
30.0000000000
30.3571430000
30.7142850000
31.0714280000
31.4285720000
31.7857150000
32.1428570000
32.5000000000
32.8571430000
33.2142870000
33.5714300000
33.9285700000
34.2857130000
34.6428570000
35.0000000000
35.3571430000
35.7142870000
36.0714300000
36.4285700000
36.7857130000
37.1428570000
37.5000000000
37.8571430000
38.2142870000
38.5714300000
38.9285700000
39.2857130000
39.6428570000
40.0000000000
40.3571430000
40.7142870000
41.0714300000
41.4285700000
41.7857130000
42.1428570000
42.5000000000
42.8571430000
43.2142870000
43.5714300000
43.9285700000
44.2857130000
44.6428570000
45.0000000000
45.3571430000
45.7142870000
46.0714300000
46.4285700000
46.7857130000
47.1428570000
47.5000000000
47.8571430000
48.2142870000
48.5714300000
48.9285700000
49.2857130000
49.6428570000
50.0000000000
50.3571430000
50.7142870000
51.0714300000
51.4285700000
51.7857130000
52.1428570000
52.5000000000
52.8571430000
53.2142870000
53.5714300000
53.9285700000
54.2857130000
54.6428570000
55.0000000000
55.3571430000
55.7142870000
56.0714300000
56.4285700000
56.7857130000
57.1428570000
57.5000000000
57.8571430000
58.2142870000
58.5714300000
58.9285700000
59.2857130000
59.6428570000
60.0000000000
60.3571430000
60.7142870000
61.0714300000
61.4285700000
61.7857130000
62.1428570000
62.5000000000
62.8571430000
63.2142870000
63.5714300000
63.9285700000
64.2857100000
64.6428600000
65.0000000000
65.3571400000
65.7142900000
66.0714300000
66.4285700000
66.7857100000
67.1428600000
67.5000000000
67.8571400000
68.2142900000
68.5714300000
68.9285700000
69.2857100000
69.6428600000
70.0000000000
70.3571400000
70.7142900000
71.0714300000
71.4285700000
71.7857100000
72.1428600000
72.5000000000
72.8571400000
73.2142900000
73.5714300000
73.9285700000
74.2857100000
74.6428600000
75.0000000000
75.3571400000
75.7142900000
76.0714300000
76.4285700000
76.7857100000
77.1428600000
77.5000000000
77.8571400000
78.2142900000
78.5714300000
