(-1 70 66 1/4 0)
(-3/4 72 67 1/4 0)
(-1/2 70 66 1/4 0)
(-1/4 69 65 1/4 0)
(0 63 62 1/2 1)
(0 67 64 1 1)
(0 70 66 1 0)
(1/2 58 59 1/2 1)
(1 63 62 1/2 1)
(1 67 64 1 1)
(3/2 58 59 1/2 1)
(7/4 70 66 1/4 0)
(2 63 62 1/2 1)
(2 67 64 1 1)
(2 75 69 3/4 0)
(5/2 58 59 1/2 1)
(11/4 75 69 1/4 0)
(3 65 63 1/2 1)
(3 68 65 1 1)
(3 75 69 1 0)
(7/2 58 59 1/2 1)
(4 65 63 1/2 1)
(4 68 65 1 1)
(4 74 68 1 0)
(9/2 58 59 1/2 1)
(5 65 63 1/2 1)
(5 68 65 1 1)
(5 70 66 1/4 0)
(21/4 72 67 1/4 0)
(11/2 58 59 1/2 1)
(11/2 70 66 1/4 0)
(23/4 69 65 1/4 0)
(6 63 62 1/2 1)
(6 67 64 1 1)
(6 70 66 1 0)
(13/2 58 59 1/2 1)
(7 63 62 1/2 1)
(7 67 64 1 1)
(15/2 58 59 1/2 1)
(31/4 70 66 1/4 0)
(8 63 62 1/2 1)
(8 67 64 1 1)
(8 79 71 3/4 0)
(17/2 58 59 1/2 1)
(35/4 79 71 1/4 0)
(9 62 61 1/2 1)
(9 65 63 1 1)
(9 82 73 1 0)
(19/2 58 59 1/2 1)
(10 62 61 1/2 1)
(10 65 63 1 1)
(10 80 72 1 0)
(21/2 58 59 1/2 1)
(11 62 61 1/2 1)
(11 65 63 1 1)
(11 80 72 1/4 0)
(45/4 82 73 1/4 0)
(23/2 58 59 1/2 1)
(23/2 80 72 1/4 0)
(47/4 77 70 1/4 0)
(12 63 62 1 1)
(12 79 71 1/4 0)
(49/4 80 72 1/4 0)
(25/2 79 71 1/4 0)
(51/4 75 69 1/4 0)
(13 82 73 1/3 0)
(40/3 80 72 1/3 0)
(41/3 79 71 1/3 0)
(14 43 50 1 1)
(14 55 57 1 1)
(14 77 70 1/3 0)
(43/3 75 69 1/3 0)
(44/3 73 68 1/3 0)
(15 44 51 1 1)
(15 56 58 1 1)
(15 72 67 1/4 0)
(61/4 73 68 1/4 0)
(31/2 72 67 1/4 0)
(63/4 68 65 1/4 0)
(16 84 74 1/3 0)
(49/3 82 73 1/3 0)
(50/3 80 72 1/3 0)
(17 58 59 1 1)
(17 61 61 1 1)
(17 79 71 1/3 0)
(52/3 77 70 1/3 0)
(53/3 76 69 1/3 0)
(18 56 58 1 1)
(18 60 60 1 1)
(18 77 70 1/4 0)
(73/4 79 71 1/4 0)
(37/2 77 70 1/4 0)
(75/4 72 67 1/4 0)
(19 84 74 1/3 0)
(58/3 82 73 1/3 0)
(59/3 80 72 1/3 0)
(20 57 58 1 1)
(20 63 62 1/3 1)
(20 79 71 1/3 0)
(61/3 65 63 1/3 1)
(61/3 77 70 1/3 0)
(62/3 67 64 1/3 1)
(62/3 75 69 1/3 0)
(21 58 59 2 1)
(21 67 64 1 1)
(21 75 69 1 0)
(22 65 63 1 1)
(22 74 68 1 0)
(23 58 59 1/2 1)
(23 77 70 1/4 0)
(93/4 79 71 1/4 0)
(47/2 65 63 1/2 1)
(47/2 77 70 1/4 0)
(95/4 74 68 1/4 0)
(24 60 60 1/2 1)
(24 75 69 1 0)
(49/2 65 63 1/2 1)
(25 63 62 1/2 1)
(25 72 67 1 0)
(51/2 65 63 1/2 1)
(26 63 62 1/2 1)
(26 81 72 1/4 0)
(105/4 82 73 1/4 0)
(53/2 65 63 1/2 1)
(53/2 81 72 1/4 0)
(107/4 77 70 1/4 0)
(27 62 61 1/2 1)
(27 82 73 1 0)
(55/2 65 63 1/2 1)
(28 58 59 1/2 1)
(28 86 75 1 0)
(57/2 65 63 1/2 1)
(29 58 59 1/2 1)
(29 77 70 1/4 0)
(117/4 79 71 1/4 0)
(59/2 65 63 1/2 1)
(59/2 77 70 1/4 0)
(119/4 74 68 1/4 0)
(30 60 60 1/2 1)
(30 75 69 1 0)
(61/2 65 63 1/2 1)
(31 63 62 1/2 1)
(31 72 67 1 0)
(63/2 65 63 1/2 1)
(32 63 62 1/2 1)
(32 81 72 1/4 0)
(129/4 82 73 1/4 0)
(65/2 65 63 1/2 1)
(65/2 81 72 1/4 0)
(131/4 77 70 1/4 0)
(33 62 61 1/2 1)
(33 82 73 1 0)
(67/2 65 63 1/2 1)
(34 58 59 1 1)
(34 86 75 1 0)
(35 84 74 1/4 0)
(141/4 82 73 1/4 0)
(71/2 81 72 1/4 0)
(143/4 79 71 1/4 0)
(36 79 71 1/2 0)
(73/2 77 70 1/2 0)
(37 50 54 1 1)
(37 58 59 1 1)
(37 77 70 1 0)
(38 50 54 1 1)
(38 58 59 1 1)
(38 79 71 1/4 0)
(153/4 77 70 1/4 0)
(77/2 75 69 1/4 0)
(155/4 74 68 1/4 0)
(39 74 68 1/2 0)
(79/2 72 67 1/2 0)
(40 51 55 1 1)
(40 58 59 1 1)
(40 72 67 1 0)
(41 52 55 1 1)
(41 58 59 1 1)
(41 72 67 1 0)
(42 53 56 1 1)
(42 58 59 1/8 1)
(42 74 68 1/8 0)
(337/8 60 60 1/8 1)
(337/8 75 69 1/8 0)
(169/4 62 61 3/4 1)
(169/4 77 70 3/4 0)
(44 53 56 1 1)
(44 62 61 1/4 1)
(44 77 70 1/4 0)
(177/4 60 60 1/4 1)
(177/4 75 69 1/4 0)
(89/2 58 59 1/4 1)
(89/2 74 68 1/4 0)
(179/4 57 58 1/4 1)
(179/4 72 67 1/4 0)
(45 58 59 1 1)
(45 70 66 1 0)
(46 46 52 1 1)
