(239 60 60 1 0)
(240 53 56 1 1)
(240 69 65 1/2 0)
(481/2 67 64 1/2 0)
(241 57 58 1 1)
(241 69 65 1/2 0)
(483/2 65 63 1/2 0)
(242 60 60 1 1)
(242 67 64 1/2 0)
(485/2 69 65 1/2 0)
(243 62 61 1 1)
(243 70 66 1/2 0)
(487/2 69 65 1/2 0)
(244 55 57 1 1)
(244 70 66 1/2 0)
(489/2 67 64 1/2 0)
(245 53 56 1 1)
(245 69 65 1/2 0)
(491/2 71 66 1/2 0)
(246 52 55 1 1)
(246 72 67 1/2 0)
(493/2 71 66 1/2 0)
(247 55 57 1 1)
(247 72 67 1/2 0)
(495/2 74 68 1/2 0)
(248 60 60 1 1)
(248 72 67 1/2 0)
(497/2 70 66 1/2 0)
(249 53 56 1 1)
(249 69 65 1/2 0)
(499/2 67 64 1/2 0)
(250 57 58 1 1)
(250 69 65 1/2 0)
(501/2 70 66 1/2 0)
(251 60 60 1 1)
(251 69 65 1/2 0)
(503/2 65 63 1/2 0)
(252 45 51 1/2 1)
(252 69 65 1 0)
(252 69 65 3 0)
(505/2 44 50 1/2 1)
(253 45 51 1/2 1)
(253 72 67 1 0)
(507/2 41 49 1/2 1)
(254 43 50 1/2 1)
(254 77 70 1 0)
(509/2 45 51 1/2 1)
(255 46 52 1/2 1)
(255 67 64 1 0)
(255 67 64 3 0)
(511/2 45 51 1/2 1)
(256 46 52 1/2 1)
(256 74 68 1 0)
(513/2 43 50 1/2 1)
(257 45 51 1/2 1)
(257 77 70 1 0)
(515/2 47 52 1/2 1)
(258 48 53 1/2 1)
(258 67 64 3 0)
(517/2 47 52 1/2 1)
(259 48 53 1/2 1)
(259 77 70 1 0)
(519/2 45 51 1/2 1)
(260 47 52 1/2 1)
(260 76 69 1 0)
(521/2 49 53 1/2 1)
(261 50 54 1/2 1)
(261 65 63 2 0)
(523/2 45 51 1/2 1)
(262 47 52 1/2 1)
(262 74 68 1 0)
(525/2 43 50 1/2 1)
(263 48 53 1/2 1)
(263 64 62 1 0)
(263 72 67 1 0)
(527/2 42 49 1/2 1)
(264 43 50 2 1)
(529/2 67 64 1/2 0)
(265 64 62 1/2 0)
(531/2 60 60 1/2 0)
(266 31 43 1 1)
(266 59 59 1/2 0)
(266 65 63 1/2 0)
(533/2 62 61 1/2 0)
(267 36 46 1 1)
(267 60 60 1 0)
(268 48 53 1 1)
