(1 53 56 1 4)
(1 57 58 1 3)
(1 60 60 1 1)
(1 60 60 1 2)
(1 72 67 1 0)
(2 53 56 1 4)
(2 57 58 1 3)
(2 60 60 1 2)
(2 65 63 1 1)
(2 72 67 1 0)
(3 50 54 1 4)
(3 55 57 1/2 3)
(3 59 59 1 2)
(3 65 63 1 1)
(3 74 68 1 0)
(7/2 53 56 1/2 3)
(4 48 53 3 4)
(4 55 57 3/2 3)
(4 60 60 3 2)
(4 64 62 3/2 1)
(4 76 69 3 0)
(11/2 53 56 1/2 3)
(11/2 65 63 1/2 1)
(6 52 55 1 3)
(6 67 64 1 1)
(7 45 51 1 4)
(7 48 53 1 3)
(7 60 60 1 2)
(7 69 65 1 1)
(7 77 70 1 0)
(8 46 52 3/2 4)
(8 50 54 3/2 3)
(8 58 59 1 2)
(8 65 63 3/2 1)
(8 74 68 3/2 0)
(9 58 59 1 2)
(19/2 48 53 1/2 4)
(19/2 52 55 1/2 3)
(19/2 64 62 1/2 1)
(19/2 72 67 1/2 0)
(10 50 54 1 4)
(10 53 56 1/2 3)
(10 62 61 1 1)
(10 65 63 1 2)
(10 70 66 1 0)
(21/2 55 57 1/2 3)
(11 53 56 1 4)
(11 57 58 1/2 3)
(11 60 60 3/2 1)
(11 65 63 1 2)
(11 69 65 1 0)
(23/2 58 59 1/2 3)
(12 48 53 3/2 4)
(12 60 60 1 3)
(12 64 62 3 2)
(12 67 64 3 0)
(25/2 62 61 1/2 1)
(13 48 53 3/2 3)
(13 64 62 1/2 1)
(27/2 50 54 1/2 4)
(27/2 65 63 1/2 1)
(14 52 55 1/2 4)
(14 67 64 1 1)
(29/2 50 54 1/2 3)
(29/2 53 56 1/2 4)
(15 52 55 1/2 3)
(15 55 57 1 4)
(15 55 57 2 1)
(15 64 62 1 2)
(15 67 64 1 0)
(31/2 53 56 1/2 3)
(16 43 50 1 4)
(16 55 57 2 3)
(16 62 61 3/2 2)
(16 70 66 3/2 0)
(17 46 52 3/2 4)
(17 62 61 3/2 1)
(35/2 60 60 1/2 2)
(35/2 72 67 1/2 0)
(18 50 54 2 3)
(18 58 59 1 2)
(18 74 68 1 0)
(37/2 48 53 1/2 4)
(37/2 64 62 1/2 1)
(19 50 54 1 4)
(19 53 56 1 2)
(19 65 63 1 1)
(19 69 65 1 0)
(20 48 53 1 4)
(20 52 55 1/2 3)
(20 55 57 1 2)
(20 64 62 1 1)
(20 72 67 1 0)
(41/2 48 53 1/2 3)
(21 45 51 1 4)
(21 57 58 1 2)
(21 60 60 1 3)
(21 65 63 1 0)
(21 65 63 2 1)
(22 46 52 1 4)
(22 55 57 1 2)
(22 62 61 1 3)
(22 67 64 3/2 0)
(23 48 53 1 4)
(23 55 57 1 2)
(23 60 60 1 3)
(23 64 62 1 1)
(47/2 65 63 1/2 0)
(24 41 49 1 4)
(24 57 58 2 2)
(24 60 60 3 3)
(24 65 63 1 1)
(24 65 63 2 0)
(25 53 56 3/2 4)
(25 69 65 3/2 1)
(53/2 53 56 1/2 4)
(53/2 69 65 1/2 1)
(27 48 53 1 3)
(27 52 55 1 4)
(27 60 60 3/2 2)
(27 67 64 1 1)
(28 50 54 3 4)
(28 53 56 3/2 3)
(28 65 63 1 1)
(57/2 60 60 1/2 2)
(29 58 59 1 2)
(29 62 61 1/2 1)
(29 77 70 3/2 0)
(59/2 55 57 1/2 3)
(59/2 64 62 1/2 1)
(30 57 58 1/2 3)
(30 57 58 1 2)
(30 65 63 1/2 1)
(61/2 58 59 1/2 3)
(61/2 67 64 1/2 1)
(61/2 77 70 1/2 0)
(31 48 53 1 4)
(31 57 58 1 2)
(31 60 60 1 3)
(31 69 65 1 1)
(31 76 69 1 0)
(32 46 52 1/2 4)
(32 58 59 3/2 2)
(32 62 61 3/2 1)
(32 62 61 2 3)
(32 74 68 3 0)
(65/2 46 52 1/2 4)
(33 58 59 2 4)
(67/2 60 60 1/2 2)
(67/2 64 62 1/2 1)
(34 62 61 1/2 2)
(34 65 63 1/2 1)
(69/2 64 62 1/2 2)
(69/2 67 64 1/2 1)
(35 57 58 1 4)
(35 65 63 1/2 2)
(35 69 65 1/2 1)
(35 72 67 1 0)
(71/2 60 60 1/2 2)
(71/2 65 63 1/2 1)
(36 55 57 1 3)
(36 55 57 4 4)
(36 63 62 1 2)
(36 67 64 3 1)
(36 71 66 1 0)
(37 60 60 2 3)
(37 63 62 1 2)
(37 72 67 1 0)
(38 62 61 2 2)
(38 74 68 3/2 0)
(39 59 59 1 3)
(39 67 64 1 1)
(79/2 72 67 1/2 0)
(40 48 53 1 4)
(40 60 60 1 3)
(40 64 62 1 1)
(40 67 64 1 2)
(40 72 67 2 0)
(41 53 56 2 4)
(41 57 58 1 3)
(41 60 60 1 2)
(41 65 63 1 1)
(42 58 59 1 3)
(42 62 61 1 2)
(42 67 64 3/2 1)
(43 52 55 1 4)
(43 60 60 1 3)
(43 60 60 2 2)
(43 79 71 1 0)
(87/2 67 64 1/2 1)
(44 53 56 1 4)
(44 57 58 1 3)
(44 69 65 1 1)
(44 72 67 1 0)
(45 50 54 1 4)
(45 62 61 1/2 2)
(45 62 61 1 3)
(45 65 63 1 1)
(45 77 70 1 0)
(91/2 65 63 1/2 2)
(46 51 55 1 4)
(46 55 57 1/2 3)
(46 63 62 1 2)
(46 67 64 3/2 1)
(46 70 66 1 0)
(93/2 55 57 1/2 3)
(47 46 52 1 4)
(47 58 59 2 3)
(47 62 61 1 2)
(47 74 68 1 0)
(95/2 65 63 1/2 1)
(48 48 53 3 4)
(48 60 60 2 2)
(48 64 62 1 1)
(48 67 64 1 0)
(49 57 58 1 3)
(49 65 63 2 1)
(49 69 65 1/2 0)
(99/2 70 66 1/2 0)
(50 55 57 2 3)
(50 60 60 2 2)
(50 72 67 3/2 0)
(51 48 53 1 4)
(51 64 62 1 1)
(103/2 70 66 1/2 0)
(52 41 49 1 4)
(52 53 56 2 3)
(52 60 60 2 2)
(52 65 63 1 1)
(52 69 65 2 0)
(53 53 56 3/2 4)
(53 69 65 3/2 1)
(109/2 53 56 1/2 4)
(109/2 69 65 1/2 1)
(55 48 53 1 3)
(55 52 55 1 4)
(55 60 60 3/2 2)
(55 67 64 1 1)
(56 50 54 3 4)
(56 53 56 3/2 3)
(56 65 63 1 1)
(113/2 60 60 1/2 2)
(57 58 59 1 2)
(57 62 61 1/2 1)
(57 77 70 3/2 0)
(115/2 55 57 1/2 3)
(115/2 64 62 1/2 1)
(58 57 58 1/2 3)
(58 57 58 1 2)
(58 65 63 1/2 1)
(117/2 58 59 1/2 3)
(117/2 67 64 1/2 1)
(117/2 77 70 1/2 0)
(59 48 53 1 4)
(59 57 58 1 2)
(59 60 60 1 3)
(59 69 65 1 1)
(59 76 69 1 0)
(60 46 52 1/2 4)
(60 58 59 3/2 2)
(60 62 61 3/2 1)
(60 62 61 2 3)
(60 74 68 3 0)
(121/2 46 52 1/2 4)
(61 58 59 2 4)
(123/2 60 60 1/2 2)
(123/2 64 62 1/2 1)
(62 62 61 1/2 2)
(62 65 63 1/2 1)
(125/2 64 62 1/2 2)
(125/2 67 64 1/2 1)
(63 57 58 1 4)
(63 65 63 1/2 2)
(63 69 65 1/2 1)
(63 72 67 1 0)
(127/2 60 60 1/2 2)
(127/2 65 63 1/2 1)
(64 55 57 1 3)
(64 55 57 4 4)
(64 63 62 1 2)
(64 67 64 3 1)
(64 71 66 1 0)
(65 60 60 2 3)
(65 63 62 1 2)
(65 72 67 1 0)
(66 62 61 2 2)
(66 74 68 3/2 0)
(67 59 59 1 3)
(67 67 64 1 1)
(135/2 72 67 1/2 0)
(68 48 53 1 4)
(68 60 60 1 3)
(68 64 62 1 1)
(68 67 64 1 2)
(68 72 67 2 0)
(69 53 56 2 4)
(69 57 58 1 3)
(69 60 60 1 2)
(69 65 63 1 1)
(70 58 59 1 3)
(70 62 61 1 2)
(70 67 64 3/2 1)
(71 52 55 1 4)
(71 60 60 1 3)
(71 60 60 2 2)
(71 79 71 1 0)
(143/2 67 64 1/2 1)
(72 53 56 1 4)
(72 57 58 1 3)
(72 69 65 1 1)
(72 72 67 1 0)
(73 50 54 1 4)
(73 62 61 1/2 2)
(73 62 61 1 3)
(73 65 63 1 1)
(73 77 70 1 0)
(147/2 65 63 1/2 2)
(74 51 55 1 4)
(74 55 57 1/2 3)
(74 63 62 1 2)
(74 67 64 3/2 1)
(74 70 66 1 0)
(149/2 55 57 1/2 3)
(75 46 52 1 4)
(75 58 59 2 3)
(75 62 61 1 2)
(75 74 68 1 0)
(151/2 65 63 1/2 1)
(76 48 53 3 4)
(76 60 60 2 2)
(76 64 62 1 1)
(76 67 64 1 0)
(77 57 58 1 3)
(77 65 63 2 1)
(77 69 65 1/2 0)
(155/2 70 66 1/2 0)
(78 55 57 2 3)
(78 60 60 2 2)
(78 72 67 3/2 0)
(79 48 53 1 4)
(79 64 62 1 1)
(159/2 70 66 1/2 0)
(80 41 49 4 4)
(80 53 56 4 3)
(80 60 60 4 2)
(80 65 63 4 1)
(80 69 65 4 0)
